0.0000E+0	0.0000E+0
1.4165E+1	-3.3193E-7
1.4203E+1	-1.1854E-7
1.4240E+1	-5.3508E-6
1.4278E+1	-5.7913E-6
1.4316E+1	7.5816E-6
1.4354E+1	-1.5721E-6
1.4392E+1	-4.7589E-6
1.4430E+1	-4.4525E-6
1.4468E+1	-7.4942E-6
1.4505E+1	-1.0482E-5
1.4543E+1	-1.1992E-5
1.4581E+1	-1.4468E-5
1.4619E+1	-2.1450E-5
1.4657E+1	-1.9187E-5
1.4695E+1	-1.8468E-5
1.4733E+1	-1.0038E-5
1.4770E+1	-7.2660E-6
1.4808E+1	6.8165E-6
1.4846E+1	3.5362E-6
1.4884E+1	1.2183E-5
1.4922E+1	2.1055E-5
1.4960E+1	1.8466E-5
1.4998E+1	2.2188E-5
1.5036E+1	2.5839E-5
1.5073E+1	2.2036E-5
1.5111E+1	2.5403E-5
1.5149E+1	2.2461E-5
1.5187E+1	1.5367E-5
1.5225E+1	8.6325E-6
1.5263E+1	6.0542E-6
1.5301E+1	-1.5861E-6
1.5338E+1	-6.2141E-6
1.5376E+1	1.5746E-6
1.5414E+1	8.2770E-6
1.5452E+1	6.1155E-6
1.5490E+1	1.3121E-5
1.5528E+1	8.5839E-6
1.5566E+1	1.1972E-5
1.5604E+1	6.7286E-6
1.5641E+1	1.3054E-5
1.5679E+1	9.8330E-6
1.5717E+1	8.7662E-6
1.5755E+1	1.0352E-5
1.5793E+1	2.5570E-6
1.5831E+1	5.7282E-6
1.5869E+1	6.4734E-6
1.5906E+1	2.0072E-6
1.5944E+1	3.6366E-6
1.5982E+1	6.7394E-6
1.6020E+1	7.2111E-6
1.6058E+1	7.1615E-6
1.6096E+1	-9.5760E-7
1.6134E+1	7.8887E-6
1.6171E+1	2.5340E-6
1.6209E+1	9.3828E-7
1.6247E+1	4.5580E-6
1.6285E+1	-2.2965E-6
1.6323E+1	-2.8774E-6
1.6361E+1	1.8832E-6
1.6399E+1	-1.9736E-6
1.6437E+1	8.8718E-7
1.6474E+1	-2.4955E-6
1.6512E+1	-1.3265E-6
1.6550E+1	2.9592E-6
1.6588E+1	6.5995E-6
1.6626E+1	-8.4629E-7
1.6664E+1	-3.5158E-6
1.6702E+1	2.2465E-6
1.6739E+1	2.2675E-6
1.6777E+1	-2.1691E-6
1.6815E+1	-1.2297E-6
1.6853E+1	-4.2597E-6
1.6891E+1	2.4466E-7
1.6929E+1	3.2436E-6
1.6967E+1	1.8048E-6
1.7005E+1	-2.8586E-6
1.7042E+1	2.2598E-6
1.7080E+1	1.9886E-6
1.7118E+1	8.2979E-6
1.7156E+1	8.3427E-6
1.7194E+1	5.8003E-6
1.7232E+1	-2.8307E-6
1.7270E+1	3.0193E-6
1.7307E+1	-4.4647E-6
1.7345E+1	6.3879E-6
1.7383E+1	3.6531E-7
1.7421E+1	-3.8586E-8
