0.0000E+0	0.0000E+0
1.4165E+1	3.5076E-8
1.4203E+1	-6.9484E-8
1.4240E+1	-4.9632E-6
1.4278E+1	-3.1730E-6
1.4316E+1	-2.4896E-6
1.4354E+1	-3.4714E-6
1.4392E+1	-2.5188E-6
1.4430E+1	-1.1872E-6
1.4468E+1	-2.0408E-6
1.4505E+1	5.0636E-7
1.4543E+1	-4.9165E-7
1.4581E+1	-1.0782E-5
1.4619E+1	-1.5633E-5
1.4657E+1	-2.0408E-5
1.4695E+1	-1.6688E-5
1.4733E+1	-1.2263E-5
1.4770E+1	-6.7325E-6
1.4808E+1	-1.5982E-6
1.4846E+1	9.9089E-6
1.4884E+1	1.4509E-5
1.4922E+1	1.2249E-5
1.4960E+1	1.4213E-5
1.4998E+1	1.5764E-5
1.5036E+1	2.0231E-5
1.5073E+1	2.3054E-5
1.5111E+1	3.0839E-5
1.5149E+1	2.0784E-5
1.5187E+1	1.5011E-5
1.5225E+1	1.5847E-5
1.5263E+1	1.0332E-5
1.5301E+1	4.6749E-6
1.5338E+1	1.3307E-6
1.5376E+1	-2.4910E-6
1.5414E+1	1.9414E-6
1.5452E+1	4.1899E-6
1.5490E+1	4.3436E-6
1.5528E+1	4.8453E-6
1.5566E+1	2.0836E-6
1.5604E+1	3.7838E-6
1.5641E+1	6.8314E-6
1.5679E+1	1.3389E-5
1.5717E+1	1.5097E-5
1.5755E+1	3.5641E-6
1.5793E+1	6.0791E-6
1.5831E+1	5.0404E-6
1.5869E+1	6.7290E-7
1.5906E+1	4.1734E-6
1.5944E+1	5.4117E-6
1.5982E+1	2.7220E-6
1.6020E+1	2.5622E-6
1.6058E+1	3.0193E-6
1.6096E+1	5.7961E-6
1.6134E+1	1.6104E-6
1.6171E+1	3.9424E-6
1.6209E+1	4.4168E-6
1.6247E+1	-4.6658E-6
1.6285E+1	-1.9686E-6
1.6323E+1	-4.8488E-6
1.6361E+1	5.4877E-7
1.6399E+1	4.2186E-6
1.6437E+1	2.1084E-6
1.6474E+1	2.6188E-6
1.6512E+1	1.4187E-7
1.6550E+1	1.3743E-6
1.6588E+1	5.9257E-6
1.6626E+1	-1.5957E-8
1.6664E+1	3.3931E-6
1.6702E+1	-3.9536E-6
1.6739E+1	3.7645E-6
1.6777E+1	-3.8527E-6
1.6815E+1	-5.3578E-6
1.6853E+1	-3.4846E-6
1.6891E+1	-1.3550E-6
1.6929E+1	6.3178E-6
1.6967E+1	-8.8193E-7
1.7005E+1	-2.0207E-6
1.7042E+1	1.8332E-6
1.7080E+1	1.9665E-6
1.7118E+1	1.0424E-6
1.7156E+1	-1.3908E-6
1.7194E+1	2.5940E-7
1.7232E+1	-3.8470E-6
1.7270E+1	3.6173E-6
1.7307E+1	-3.5268E-6
1.7345E+1	-7.8859E-7
1.7383E+1	1.0356E-7
1.7421E+1	1.4549E-7
