0.0000E+0	0.0000E+0
1.4165E+1	1.7974E-7
1.4203E+1	-4.1473E-8
1.4240E+1	3.9717E-6
1.4278E+1	-2.2591E-6
1.4316E+1	3.4586E-6
1.4354E+1	3.0486E-6
1.4392E+1	-4.7141E-6
1.4430E+1	-2.7399E-8
1.4468E+1	-1.0841E-5
1.4505E+1	-8.6079E-6
1.4543E+1	-8.5558E-6
1.4581E+1	-1.3192E-5
1.4619E+1	-1.5099E-5
1.4657E+1	-1.9924E-5
1.4695E+1	-8.8537E-6
1.4733E+1	-1.3811E-5
1.4770E+1	-7.2923E-6
1.4808E+1	-4.0509E-6
1.4846E+1	1.2979E-5
1.4884E+1	2.5526E-5
1.4922E+1	2.6422E-5
1.4960E+1	2.6361E-5
1.4998E+1	2.3411E-5
1.5036E+1	2.5536E-5
1.5073E+1	1.6555E-5
1.5111E+1	1.9750E-5
1.5149E+1	2.1732E-5
1.5187E+1	1.3684E-5
1.5225E+1	1.5684E-5
1.5263E+1	1.0996E-5
1.5301E+1	8.6704E-6
1.5338E+1	7.7351E-6
1.5376E+1	2.3030E-6
1.5414E+1	9.7410E-6
1.5452E+1	6.8442E-6
1.5490E+1	1.4454E-5
1.5528E+1	9.1566E-6
1.5566E+1	8.7005E-6
1.5604E+1	1.1591E-5
1.5641E+1	1.1560E-5
1.5679E+1	1.2217E-5
1.5717E+1	2.3357E-6
1.5755E+1	3.5437E-6
1.5793E+1	1.7378E-5
1.5831E+1	1.0075E-5
1.5869E+1	6.2626E-6
1.5906E+1	1.0456E-5
1.5944E+1	7.4634E-6
1.5982E+1	-5.2361E-7
1.6020E+1	2.3270E-6
1.6058E+1	2.4719E-6
1.6096E+1	3.2829E-6
1.6134E+1	7.5711E-6
1.6171E+1	-8.4197E-7
1.6209E+1	-2.1512E-7
1.6247E+1	-8.8464E-7
1.6285E+1	2.6405E-6
1.6323E+1	3.0956E-6
1.6361E+1	8.9338E-6
1.6399E+1	4.0837E-6
1.6437E+1	8.8106E-6
1.6474E+1	4.3782E-6
1.6512E+1	-1.8176E-6
1.6550E+1	2.2966E-6
1.6588E+1	5.6174E-6
1.6626E+1	2.4000E-6
1.6664E+1	-2.6443E-7
1.6702E+1	1.6105E-6
1.6739E+1	-4.7337E-6
1.6777E+1	-1.6469E-6
1.6815E+1	-1.9692E-7
1.6853E+1	-3.9036E-6
1.6891E+1	2.2919E-7
1.6929E+1	-1.1202E-6
1.6967E+1	3.1058E-7
1.7005E+1	1.7108E-7
1.7042E+1	-3.4728E-7
1.7080E+1	-2.3923E-6
1.7118E+1	-5.7396E-9
1.7156E+1	-1.3027E-6
1.7194E+1	-7.2527E-7
1.7232E+1	-4.9472E-6
1.7270E+1	3.5394E-6
1.7307E+1	-4.9847E-6
1.7345E+1	4.6077E-6
1.7383E+1	-1.3904E-7
1.7421E+1	4.6677E-7
