0.0000E+0	0.0000E+0
1.4165E+1	-8.9544E-8
1.4203E+1	-4.5219E-7
1.4240E+1	5.8565E-6
1.4278E+1	2.4544E-7
1.4316E+1	2.4092E-6
1.4354E+1	1.1732E-6
1.4392E+1	-5.8518E-7
1.4430E+1	-3.7256E-6
1.4468E+1	-3.2032E-6
1.4505E+1	-2.9559E-6
1.4543E+1	-1.1382E-5
1.4581E+1	-4.5161E-6
1.4619E+1	-1.6300E-5
1.4657E+1	-1.9670E-5
1.4695E+1	-1.1482E-5
1.4733E+1	-1.0670E-5
1.4770E+1	-1.0007E-5
1.4808E+1	4.6707E-6
1.4846E+1	6.7885E-6
1.4884E+1	1.1500E-5
1.4922E+1	1.9730E-5
1.4960E+1	1.9695E-5
1.4998E+1	2.3050E-5
1.5036E+1	2.0757E-5
1.5073E+1	2.5394E-5
1.5111E+1	2.4835E-5
1.5149E+1	1.8458E-5
1.5187E+1	2.1532E-5
1.5225E+1	1.3241E-5
1.5263E+1	1.2907E-5
1.5301E+1	7.1543E-6
1.5338E+1	5.9117E-6
1.5376E+1	2.3620E-7
1.5414E+1	2.1622E-6
1.5452E+1	4.5828E-6
1.5490E+1	6.3718E-6
1.5528E+1	6.7593E-6
1.5566E+1	1.1573E-5
1.5604E+1	1.0573E-5
1.5641E+1	1.0355E-5
1.5679E+1	6.9274E-6
1.5717E+1	5.5787E-6
1.5755E+1	6.9094E-7
1.5793E+1	7.5529E-6
1.5831E+1	5.8681E-6
1.5869E+1	1.1617E-5
1.5906E+1	1.1014E-5
1.5944E+1	2.3416E-6
1.5982E+1	5.7376E-6
1.6020E+1	-5.0403E-7
1.6058E+1	4.3643E-6
1.6096E+1	-2.5527E-6
1.6134E+1	1.4141E-6
1.6171E+1	5.1618E-6
1.6209E+1	-2.5729E-7
1.6247E+1	5.0585E-6
1.6285E+1	4.5222E-6
1.6323E+1	3.3176E-6
1.6361E+1	-2.8862E-6
1.6399E+1	-2.0605E-6
1.6437E+1	3.4571E-7
1.6474E+1	-3.4505E-6
1.6512E+1	4.8589E-7
1.6550E+1	-1.4317E-6
1.6588E+1	-3.9744E-6
1.6626E+1	7.2171E-6
1.6664E+1	4.2742E-6
1.6702E+1	-1.9654E-6
1.6739E+1	6.9179E-6
1.6777E+1	6.4100E-6
1.6815E+1	3.3848E-8
1.6853E+1	4.2784E-6
1.6891E+1	-1.8220E-6
1.6929E+1	2.7426E-6
1.6967E+1	-4.5069E-6
1.7005E+1	-2.6675E-6
1.7042E+1	-2.0871E-6
1.7080E+1	-1.5005E-6
1.7118E+1	-5.0529E-6
1.7156E+1	-1.7157E-6
1.7194E+1	-6.0538E-6
1.7232E+1	6.7506E-6
1.7270E+1	-5.4391E-6
1.7307E+1	-1.0176E-6
1.7345E+1	3.8175E-6
1.7383E+1	-5.7623E-7
1.7421E+1	-1.9255E-7
