0.0000E+0	0.0000E+0
1.4165E+1	-2.2951E-7
1.4203E+1	5.4404E-8
1.4240E+1	-1.0892E-6
1.4278E+1	4.3589E-6
1.4316E+1	-3.4820E-6
1.4354E+1	5.3733E-6
1.4392E+1	-9.0357E-7
1.4430E+1	-9.1481E-6
1.4468E+1	-2.7967E-6
1.4505E+1	-9.7561E-6
1.4543E+1	-1.4590E-5
1.4581E+1	-1.3347E-5
1.4619E+1	-1.1225E-5
1.4657E+1	-1.8325E-5
1.4695E+1	-1.4729E-5
1.4733E+1	-1.6908E-5
1.4770E+1	-1.2796E-5
1.4808E+1	-6.8104E-6
1.4846E+1	3.1639E-6
1.4884E+1	1.0407E-5
1.4922E+1	1.5893E-5
1.4960E+1	1.7671E-5
1.4998E+1	2.3848E-5
1.5036E+1	2.0813E-5
1.5073E+1	2.1135E-5
1.5111E+1	2.1300E-5
1.5149E+1	1.4496E-5
1.5187E+1	1.5748E-5
1.5225E+1	1.7909E-5
1.5263E+1	1.6076E-5
1.5301E+1	1.9247E-5
1.5338E+1	1.2884E-5
1.5376E+1	7.3292E-6
1.5414E+1	6.9017E-6
1.5452E+1	4.9322E-6
1.5490E+1	8.9425E-6
1.5528E+1	5.9102E-6
1.5566E+1	7.3451E-6
1.5604E+1	1.1522E-5
1.5641E+1	1.2018E-5
1.5679E+1	1.4179E-5
1.5717E+1	1.2576E-5
1.5755E+1	8.6653E-6
1.5793E+1	3.1767E-6
1.5831E+1	8.5184E-6
1.5869E+1	1.0057E-5
1.5906E+1	9.5261E-6
1.5944E+1	3.1286E-6
1.5982E+1	1.8654E-7
1.6020E+1	9.3376E-8
1.6058E+1	2.9378E-6
1.6096E+1	9.7838E-6
1.6134E+1	6.5374E-6
1.6171E+1	1.4175E-6
1.6209E+1	5.0927E-6
1.6247E+1	4.2755E-6
1.6285E+1	-3.1279E-6
1.6323E+1	-9.5111E-7
1.6361E+1	3.9014E-6
1.6399E+1	3.7464E-6
1.6437E+1	-1.5462E-6
1.6474E+1	2.6067E-6
1.6512E+1	3.7125E-6
1.6550E+1	1.0080E-6
1.6588E+1	5.8047E-6
1.6626E+1	3.1522E-6
1.6664E+1	5.3009E-7
1.6702E+1	6.4748E-6
1.6739E+1	2.4217E-6
1.6777E+1	3.5443E-8
1.6815E+1	-1.9487E-6
1.6853E+1	-3.4371E-6
1.6891E+1	5.6621E-7
1.6929E+1	-3.5538E-6
1.6967E+1	-3.0127E-6
1.7005E+1	7.5202E-7
1.7042E+1	-2.5506E-6
1.7080E+1	1.1455E-6
1.7118E+1	-3.5490E-6
1.7156E+1	-1.6405E-6
1.7194E+1	-1.9608E-6
1.7232E+1	-3.0608E-6
1.7270E+1	2.3302E-6
1.7307E+1	-2.5562E-6
1.7345E+1	1.8205E-6
1.7383E+1	-2.3725E-7
1.7421E+1	-2.9889E-7
