0.0000E+0	0.0000E+0
1.4165E+1	-3.5074E-7
1.4203E+1	-1.9561E-7
1.4240E+1	-8.6338E-7
1.4278E+1	-6.6043E-6
1.4316E+1	-7.3103E-7
1.4354E+1	-3.3184E-6
1.4392E+1	4.4006E-6
1.4430E+1	2.9720E-6
1.4468E+1	-2.5866E-6
1.4505E+1	8.4770E-7
1.4543E+1	-6.7412E-6
1.4581E+1	1.3882E-7
1.4619E+1	-3.6602E-6
1.4657E+1	-1.2087E-5
1.4695E+1	-5.5068E-6
1.4733E+1	-5.2850E-6
1.4770E+1	-9.5821E-7
1.4808E+1	5.7842E-6
1.4846E+1	1.4935E-5
1.4884E+1	1.3810E-5
1.4922E+1	2.2688E-5
1.4960E+1	2.2182E-5
1.4998E+1	2.3996E-5
1.5036E+1	2.5293E-5
1.5073E+1	2.0649E-5
1.5111E+1	2.1652E-5
1.5149E+1	1.7143E-5
1.5187E+1	1.7841E-5
1.5225E+1	1.4184E-5
1.5263E+1	1.1165E-5
1.5301E+1	-2.2233E-6
1.5338E+1	-3.7056E-6
1.5376E+1	-7.5941E-7
1.5414E+1	-6.3018E-6
1.5452E+1	-6.9100E-6
1.5490E+1	-4.0736E-6
1.5528E+1	-6.9168E-7
1.5566E+1	9.3279E-7
1.5604E+1	2.7174E-6
1.5641E+1	4.4313E-6
1.5679E+1	3.1519E-6
1.5717E+1	1.0815E-5
1.5755E+1	6.9213E-6
1.5793E+1	9.4990E-6
1.5831E+1	3.0240E-6
1.5869E+1	2.7644E-6
1.5906E+1	4.4544E-7
1.5944E+1	4.8827E-6
1.5982E+1	-3.6485E-6
1.6020E+1	-4.5813E-6
1.6058E+1	-5.8748E-6
1.6096E+1	5.1247E-6
1.6134E+1	-1.2371E-6
1.6171E+1	-1.7168E-6
1.6209E+1	6.1298E-6
1.6247E+1	-1.8103E-6
1.6285E+1	-2.7052E-6
1.6323E+1	-2.7882E-6
1.6361E+1	7.9177E-7
1.6399E+1	-2.5387E-6
1.6437E+1	6.6462E-7
1.6474E+1	2.1514E-6
1.6512E+1	5.6285E-6
1.6550E+1	-1.6778E-7
1.6588E+1	1.4075E-6
1.6626E+1	-1.9841E-6
1.6664E+1	2.4728E-6
1.6702E+1	-1.6667E-6
1.6739E+1	-2.2306E-6
1.6777E+1	4.6980E-6
1.6815E+1	-5.2086E-6
1.6853E+1	1.2401E-6
1.6891E+1	-5.6762E-6
1.6929E+1	2.4651E-7
1.6967E+1	-1.8323E-6
1.7005E+1	8.6410E-7
1.7042E+1	1.6608E-6
1.7080E+1	8.0426E-7
1.7118E+1	3.7764E-7
1.7156E+1	-7.2330E-6
1.7194E+1	-9.6684E-7
1.7232E+1	-5.3970E-6
1.7270E+1	-8.3102E-7
1.7307E+1	-1.7828E-6
1.7345E+1	5.4034E-6
1.7383E+1	3.6709E-7
1.7421E+1	1.2061E-7
