0.0000E+0	0.0000E+0
1.4165E+1	1.2947E-7
1.4203E+1	5.1706E-7
1.4240E+1	5.3934E-6
1.4278E+1	-3.2415E-6
1.4316E+1	-7.2675E-6
1.4354E+1	-1.8836E-6
1.4392E+1	-3.8835E-6
1.4430E+1	-7.4420E-7
1.4468E+1	-3.4952E-6
1.4505E+1	-9.4487E-6
1.4543E+1	-9.7194E-7
1.4581E+1	-8.3383E-6
1.4619E+1	-1.2793E-5
1.4657E+1	-2.3506E-5
1.4695E+1	-1.4416E-5
1.4733E+1	-8.5712E-6
1.4770E+1	-6.8917E-6
1.4808E+1	-8.2630E-7
1.4846E+1	9.1541E-6
1.4884E+1	1.0058E-5
1.4922E+1	1.7240E-5
1.4960E+1	2.4997E-5
1.4998E+1	2.9801E-5
1.5036E+1	2.6742E-5
1.5073E+1	2.1732E-5
1.5111E+1	2.8579E-5
1.5149E+1	1.8380E-5
1.5187E+1	1.7929E-5
1.5225E+1	1.2187E-5
1.5263E+1	1.3282E-6
1.5301E+1	8.2070E-6
1.5338E+1	1.3678E-5
1.5376E+1	5.1085E-6
1.5414E+1	9.4209E-6
1.5452E+1	8.1224E-6
1.5490E+1	9.0566E-6
1.5528E+1	8.2575E-6
1.5566E+1	1.1378E-5
1.5604E+1	1.4827E-5
1.5641E+1	1.4090E-5
1.5679E+1	1.0874E-5
1.5717E+1	1.0788E-5
1.5755E+1	3.3474E-6
1.5793E+1	8.3060E-7
1.5831E+1	8.1878E-6
1.5869E+1	7.9184E-6
1.5906E+1	2.2475E-6
1.5944E+1	2.7615E-6
1.5982E+1	1.6496E-6
1.6020E+1	6.4046E-6
1.6058E+1	1.5445E-6
1.6096E+1	5.5570E-6
1.6134E+1	7.9299E-6
1.6171E+1	6.8032E-6
1.6209E+1	8.1365E-6
1.6247E+1	4.5599E-6
1.6285E+1	6.6999E-6
1.6323E+1	5.5372E-6
1.6361E+1	-6.9245E-6
1.6399E+1	7.0422E-7
1.6437E+1	-2.3937E-8
1.6474E+1	-6.3734E-8
1.6512E+1	1.2383E-6
1.6550E+1	-9.1990E-7
1.6588E+1	-1.4525E-6
1.6626E+1	6.1353E-7
1.6664E+1	-5.0758E-7
1.6702E+1	4.8666E-7
1.6739E+1	9.1498E-7
1.6777E+1	1.7889E-6
1.6815E+1	1.0299E-6
1.6853E+1	-3.7944E-6
1.6891E+1	-5.9210E-6
1.6929E+1	1.2061E-6
1.6967E+1	-1.3855E-6
1.7005E+1	3.3760E-7
1.7042E+1	-3.0262E-6
1.7080E+1	4.3118E-6
1.7118E+1	-9.5408E-8
1.7156E+1	-5.3237E-7
1.7194E+1	3.6682E-7
1.7232E+1	-1.7681E-6
1.7270E+1	-2.5397E-7
1.7307E+1	1.5031E-6
1.7345E+1	1.2638E-6
1.7383E+1	-9.5056E-9
1.7421E+1	-2.2570E-7
