0.0000E+0	0.0000E+0
1.4165E+1	-1.1922E-7
1.4203E+1	2.1662E-7
1.4240E+1	-4.0997E-6
1.4278E+1	-4.5386E-6
1.4316E+1	-3.6808E-6
1.4354E+1	3.8338E-7
1.4392E+1	-4.5226E-6
1.4430E+1	-3.4064E-6
1.4468E+1	-2.0646E-6
1.4505E+1	-5.5611E-6
1.4543E+1	-1.0582E-5
1.4581E+1	-1.4846E-5
1.4619E+1	-1.0717E-5
1.4657E+1	-1.5498E-5
1.4695E+1	-1.4387E-5
1.4733E+1	-1.4585E-5
1.4770E+1	-8.3647E-6
1.4808E+1	-9.7838E-6
1.4846E+1	-3.0761E-7
1.4884E+1	6.0094E-6
1.4922E+1	1.6379E-5
1.4960E+1	2.1717E-5
1.4998E+1	1.7632E-5
1.5036E+1	2.4467E-5
1.5073E+1	1.9290E-5
1.5111E+1	2.3981E-5
1.5149E+1	1.5733E-5
1.5187E+1	1.5399E-5
1.5225E+1	1.7308E-5
1.5263E+1	6.1111E-6
1.5301E+1	8.0658E-6
1.5338E+1	9.7594E-6
1.5376E+1	2.9635E-6
1.5414E+1	6.1767E-6
1.5452E+1	9.2787E-6
1.5490E+1	1.1071E-5
1.5528E+1	8.9348E-6
1.5566E+1	1.0401E-5
1.5604E+1	1.2488E-5
1.5641E+1	1.1582E-5
1.5679E+1	1.2043E-5
1.5717E+1	1.0363E-5
1.5755E+1	2.2817E-6
1.5793E+1	5.1781E-6
1.5831E+1	8.0030E-6
1.5869E+1	4.4612E-6
1.5906E+1	3.6201E-6
1.5944E+1	8.8052E-7
1.5982E+1	1.9586E-6
1.6020E+1	6.6751E-7
1.6058E+1	6.5579E-6
1.6096E+1	1.1199E-6
1.6134E+1	1.6206E-6
1.6171E+1	4.8982E-6
1.6209E+1	2.3780E-6
1.6247E+1	7.4401E-6
1.6285E+1	6.9199E-6
1.6323E+1	4.1287E-6
1.6361E+1	5.2270E-6
1.6399E+1	2.2638E-6
1.6437E+1	1.0130E-5
1.6474E+1	4.0063E-6
1.6512E+1	3.5623E-6
1.6550E+1	3.3729E-6
1.6588E+1	2.1796E-6
1.6626E+1	-2.2222E-6
1.6664E+1	7.5369E-7
1.6702E+1	2.6810E-6
1.6739E+1	-6.2062E-6
1.6777E+1	1.4628E-6
1.6815E+1	-3.0136E-6
1.6853E+1	4.9154E-6
1.6891E+1	1.1039E-6
1.6929E+1	2.8159E-6
1.6967E+1	-2.6950E-7
1.7005E+1	8.2933E-6
1.7042E+1	9.3234E-7
1.7080E+1	4.2459E-6
1.7118E+1	-3.0396E-6
1.7156E+1	-8.3159E-7
1.7194E+1	-5.4391E-6
1.7232E+1	2.9553E-6
1.7270E+1	3.5743E-6
1.7307E+1	3.9834E-6
1.7345E+1	3.0557E-7
1.7383E+1	3.3155E-7
1.7421E+1	-1.4466E-7
