0.0000E+0	0.0000E+0
1.4165E+1	-1.5414E-7
1.4203E+1	1.5734E-7
1.4240E+1	5.0750E-6
1.4278E+1	4.3039E-6
1.4316E+1	3.1837E-6
1.4354E+1	2.1921E-6
1.4392E+1	-7.8532E-6
1.4430E+1	2.7346E-6
1.4468E+1	-6.6038E-6
1.4505E+1	-1.0726E-5
1.4543E+1	-9.0265E-6
1.4581E+1	-9.6779E-6
1.4619E+1	-1.1643E-5
1.4657E+1	-1.2152E-5
1.4695E+1	-1.4154E-5
1.4733E+1	-1.5078E-5
1.4770E+1	-6.7942E-6
1.4808E+1	-6.1647E-6
1.4846E+1	7.0117E-6
1.4884E+1	1.6467E-5
1.4922E+1	2.1279E-5
1.4960E+1	2.2719E-5
1.4998E+1	2.1821E-5
1.5036E+1	2.4949E-5
1.5073E+1	2.4448E-5
1.5111E+1	1.7781E-5
1.5149E+1	2.2910E-5
1.5187E+1	1.3474E-5
1.5225E+1	4.7139E-6
1.5263E+1	6.6497E-6
1.5301E+1	2.6900E-6
1.5338E+1	5.7355E-6
1.5376E+1	4.6605E-6
1.5414E+1	1.5700E-6
1.5452E+1	1.0275E-5
1.5490E+1	8.8228E-6
1.5528E+1	4.1979E-7
1.5566E+1	5.7495E-6
1.5604E+1	1.0349E-5
1.5641E+1	8.4329E-6
1.5679E+1	4.2011E-6
1.5717E+1	6.5428E-6
1.5755E+1	6.1195E-6
1.5793E+1	1.1566E-5
1.5831E+1	9.4626E-6
1.5869E+1	6.0869E-6
1.5906E+1	6.2646E-6
1.5944E+1	4.9068E-6
1.5982E+1	4.9021E-6
1.6020E+1	2.4649E-6
1.6058E+1	7.6261E-6
1.6096E+1	8.5449E-6
1.6134E+1	6.2220E-6
1.6171E+1	2.2317E-6
1.6209E+1	6.6379E-6
1.6247E+1	1.6052E-6
1.6285E+1	7.0094E-6
1.6323E+1	-1.4258E-6
1.6361E+1	6.3772E-6
1.6399E+1	3.3592E-6
1.6437E+1	4.0542E-6
1.6474E+1	7.0300E-6
1.6512E+1	6.0287E-6
1.6550E+1	6.3852E-6
1.6588E+1	-1.6826E-6
1.6626E+1	-1.7125E-6
1.6664E+1	3.5195E-8
1.6702E+1	-2.0372E-6
1.6739E+1	2.5052E-7
1.6777E+1	7.2095E-7
1.6815E+1	-7.6219E-7
1.6853E+1	9.2203E-7
1.6891E+1	-5.1678E-6
1.6929E+1	-3.7262E-6
1.6967E+1	2.4513E-6
1.7005E+1	4.9916E-6
1.7042E+1	1.6335E-6
1.7080E+1	3.1059E-6
1.7118E+1	-3.7990E-7
1.7156E+1	-1.0149E-6
1.7194E+1	-5.5643E-6
1.7232E+1	-8.1107E-6
1.7270E+1	-4.6568E-7
1.7307E+1	6.3852E-7
1.7345E+1	-5.9495E-6
1.7383E+1	-2.1061E-7
1.7421E+1	-4.8527E-7
