0.0000E+0	0.0000E+0
1.4165E+1	1.3260E-7
1.4203E+1	-1.1422E-7
1.4240E+1	5.4461E-6
1.4278E+1	7.5516E-6
1.4316E+1	1.3695E-6
1.4354E+1	5.5708E-6
1.4392E+1	7.0780E-7
1.4430E+1	5.3975E-6
1.4468E+1	-1.3966E-6
1.4505E+1	-1.7694E-6
1.4543E+1	-1.0533E-5
1.4581E+1	-1.0113E-5
1.4619E+1	-1.4217E-5
1.4657E+1	-2.2655E-5
1.4695E+1	-1.7011E-5
1.4733E+1	-1.8001E-5
1.4770E+1	-1.1412E-5
1.4808E+1	-8.0528E-6
1.4846E+1	4.0896E-8
1.4884E+1	1.0117E-5
1.4922E+1	1.4090E-5
1.4960E+1	1.5308E-5
1.4998E+1	2.9234E-5
1.5036E+1	2.1960E-5
1.5073E+1	2.0878E-5
1.5111E+1	2.0806E-5
1.5149E+1	1.7750E-5
1.5187E+1	1.0227E-5
1.5225E+1	1.2957E-5
1.5263E+1	6.7561E-6
1.5301E+1	9.7081E-6
1.5338E+1	4.4711E-7
1.5376E+1	5.4966E-6
1.5414E+1	4.7885E-6
1.5452E+1	9.2127E-6
1.5490E+1	8.4356E-6
1.5528E+1	6.1303E-6
1.5566E+1	6.0473E-6
1.5604E+1	1.7618E-6
1.5641E+1	3.8843E-6
1.5679E+1	1.1338E-5
1.5717E+1	7.3116E-6
1.5755E+1	9.5692E-6
1.5793E+1	7.0182E-6
1.5831E+1	4.5111E-6
1.5869E+1	6.5985E-6
1.5906E+1	1.0020E-5
1.5944E+1	1.7227E-6
1.5982E+1	8.2844E-6
1.6020E+1	-2.7938E-6
1.6058E+1	2.7821E-6
1.6096E+1	3.4448E-6
1.6134E+1	9.9892E-7
1.6171E+1	1.6013E-6
1.6209E+1	-6.4503E-7
1.6247E+1	-1.6532E-6
1.6285E+1	1.8013E-6
1.6323E+1	3.1843E-6
1.6361E+1	4.1999E-6
1.6399E+1	5.3955E-6
1.6437E+1	3.6444E-6
1.6474E+1	5.8419E-6
1.6512E+1	5.5087E-6
1.6550E+1	4.5999E-6
1.6588E+1	3.6847E-6
1.6626E+1	6.6896E-6
1.6664E+1	3.9025E-7
1.6702E+1	5.3389E-7
1.6739E+1	7.0969E-7
1.6777E+1	1.0051E-6
1.6815E+1	7.5620E-7
1.6853E+1	6.1712E-7
1.6891E+1	-3.5807E-6
1.6929E+1	4.5961E-6
1.6967E+1	3.0032E-6
1.7005E+1	1.6573E-6
1.7042E+1	3.1318E-6
1.7080E+1	-2.9736E-6
1.7118E+1	-5.0442E-6
1.7156E+1	-3.5936E-6
1.7194E+1	4.8581E-6
1.7232E+1	2.6844E-6
1.7270E+1	3.0329E-6
1.7307E+1	-2.8223E-6
1.7345E+1	-1.4811E-6
1.7383E+1	-6.7695E-7
1.7421E+1	1.7911E-7
