0.0000E+0	0.0000E+0
1.4165E+1	-5.0051E-7
1.4203E+1	1.6590E-7
1.4240E+1	-1.7428E-6
1.4278E+1	3.6884E-6
1.4316E+1	-2.7753E-6
1.4354E+1	-4.2777E-6
1.4392E+1	-1.2268E-6
1.4430E+1	-4.9890E-6
1.4468E+1	-2.4729E-7
1.4505E+1	6.0271E-7
1.4543E+1	-3.5268E-6
1.4581E+1	-1.0598E-5
1.4619E+1	-1.3007E-5
1.4657E+1	-2.1848E-5
1.4695E+1	-2.1322E-5
1.4733E+1	-1.2546E-5
1.4770E+1	-8.9714E-6
1.4808E+1	-3.3304E-6
1.4846E+1	1.4501E-5
1.4884E+1	1.8742E-5
1.4922E+1	1.8159E-5
1.4960E+1	1.9245E-5
1.4998E+1	1.6670E-5
1.5036E+1	2.3755E-5
1.5073E+1	1.5729E-5
1.5111E+1	2.3882E-5
1.5149E+1	2.4988E-5
1.5187E+1	2.2541E-5
1.5225E+1	2.5346E-5
1.5263E+1	1.7732E-5
1.5301E+1	9.3925E-6
1.5338E+1	2.1320E-6
1.5376E+1	-3.1289E-6
1.5414E+1	-8.9692E-6
1.5452E+1	-5.7551E-6
1.5490E+1	-6.4130E-6
1.5528E+1	2.8974E-6
1.5566E+1	4.2222E-6
1.5604E+1	7.6339E-6
1.5641E+1	8.9343E-6
1.5679E+1	2.5933E-6
1.5717E+1	1.2545E-5
1.5755E+1	7.9680E-6
1.5793E+1	6.4690E-6
1.5831E+1	1.2028E-5
1.5869E+1	2.1624E-6
1.5906E+1	-7.6691E-7
1.5944E+1	4.9935E-7
1.5982E+1	-8.2043E-6
1.6020E+1	8.7129E-7
1.6058E+1	-4.8410E-6
1.6096E+1	1.0981E-6
1.6134E+1	-3.7086E-6
1.6171E+1	-1.4268E-6
1.6209E+1	-3.6909E-7
1.6247E+1	-3.1385E-6
1.6285E+1	-4.2735E-6
1.6323E+1	-1.1530E-7
1.6361E+1	2.1651E-6
1.6399E+1	3.2524E-6
1.6437E+1	1.9197E-6
1.6474E+1	1.7875E-6
1.6512E+1	-3.0133E-7
1.6550E+1	3.0124E-6
1.6588E+1	2.4514E-6
1.6626E+1	3.9232E-6
1.6664E+1	-2.8039E-6
1.6702E+1	2.6912E-6
1.6739E+1	-3.4644E-6
1.6777E+1	-2.8970E-6
1.6815E+1	-2.5170E-6
1.6853E+1	-3.7115E-6
1.6891E+1	-3.1433E-6
1.6929E+1	4.8956E-6
1.6967E+1	-3.4520E-6
1.7005E+1	3.7060E-6
1.7042E+1	1.9968E-6
1.7080E+1	-3.2146E-6
1.7118E+1	-2.2252E-6
1.7156E+1	1.3352E-6
1.7194E+1	-1.9055E-6
1.7232E+1	-5.9072E-6
1.7270E+1	-1.0994E-6
1.7307E+1	2.2231E-6
1.7345E+1	6.6306E-6
1.7383E+1	1.7160E-7
1.7421E+1	-7.9025E-8
