0.0000E+0	0.0000E+0
1.4165E+1	-3.2080E-7
1.4203E+1	-6.4784E-7
1.4240E+1	4.2525E-6
1.4278E+1	1.1643E-6
1.4316E+1	5.4651E-6
1.4354E+1	2.7630E-7
1.4392E+1	-9.0849E-7
1.4430E+1	-3.0824E-6
1.4468E+1	-5.0107E-6
1.4505E+1	-1.0373E-5
1.4543E+1	-1.0660E-5
1.4581E+1	-6.9809E-6
1.4619E+1	-1.1582E-5
1.4657E+1	-1.5929E-5
1.4695E+1	-1.4189E-5
1.4733E+1	-1.5945E-5
1.4770E+1	-1.4214E-5
1.4808E+1	-5.5420E-6
1.4846E+1	8.4160E-6
1.4884E+1	1.6079E-5
1.4922E+1	2.4564E-5
1.4960E+1	2.4054E-5
1.4998E+1	2.4798E-5
1.5036E+1	2.5820E-5
1.5073E+1	2.6531E-5
1.5111E+1	2.4288E-5
1.5149E+1	1.7877E-5
1.5187E+1	1.9191E-5
1.5225E+1	1.0620E-5
1.5263E+1	7.4835E-6
1.5301E+1	3.6575E-6
1.5338E+1	7.8450E-6
1.5376E+1	9.2511E-6
1.5414E+1	1.0576E-5
1.5452E+1	5.5859E-6
1.5490E+1	-3.3069E-6
1.5528E+1	6.9863E-6
1.5566E+1	5.2869E-6
1.5604E+1	1.2149E-5
1.5641E+1	1.1064E-5
1.5679E+1	8.2172E-6
1.5717E+1	7.4081E-6
1.5755E+1	3.8050E-6
1.5793E+1	6.2428E-6
1.5831E+1	6.6371E-6
1.5869E+1	6.1494E-6
1.5906E+1	4.7624E-6
1.5944E+1	5.1933E-6
1.5982E+1	4.0038E-6
1.6020E+1	3.5946E-6
1.6058E+1	5.8094E-6
1.6096E+1	-1.6615E-6
1.6134E+1	4.3373E-6
1.6171E+1	4.6949E-6
1.6209E+1	-1.3541E-6
1.6247E+1	-5.6347E-6
1.6285E+1	-4.0362E-6
1.6323E+1	1.6390E-6
1.6361E+1	3.0898E-6
1.6399E+1	2.7677E-6
1.6437E+1	9.6084E-7
1.6474E+1	4.3059E-7
1.6512E+1	3.3097E-6
1.6550E+1	1.8028E-6
1.6588E+1	-1.4712E-6
1.6626E+1	4.6438E-6
1.6664E+1	3.6465E-6
1.6702E+1	1.3233E-6
1.6739E+1	-2.9367E-6
1.6777E+1	5.0353E-6
1.6815E+1	-4.2745E-6
1.6853E+1	3.3896E-6
1.6891E+1	-1.8031E-6
1.6929E+1	-1.4277E-6
1.6967E+1	-1.4108E-6
1.7005E+1	4.4548E-6
1.7042E+1	-4.3775E-6
1.7080E+1	1.9903E-6
1.7118E+1	8.7811E-7
1.7156E+1	-1.2674E-6
1.7194E+1	1.5516E-6
1.7232E+1	9.2994E-6
1.7270E+1	4.5353E-7
1.7307E+1	4.4136E-7
1.7345E+1	-3.5301E-6
1.7383E+1	2.0630E-7
1.7421E+1	-8.9006E-8
