0.0000E+0	0.0000E+0
1.4165E+1	-4.1485E-7
1.4203E+1	-2.9284E-7
1.4240E+1	2.4258E-6
1.4278E+1	1.8863E-7
1.4316E+1	-5.7608E-6
1.4354E+1	3.1418E-6
1.4392E+1	-4.4832E-7
1.4430E+1	-1.7585E-6
1.4468E+1	7.8387E-7
1.4505E+1	-2.8283E-6
1.4543E+1	-9.7986E-6
1.4581E+1	-9.3107E-6
1.4619E+1	-1.3937E-5
1.4657E+1	-1.5272E-5
1.4695E+1	-2.2963E-5
1.4733E+1	-1.8225E-5
1.4770E+1	-1.0209E-5
1.4808E+1	-1.0359E-6
1.4846E+1	2.4359E-6
1.4884E+1	1.3498E-5
1.4922E+1	1.2233E-5
1.4960E+1	2.2536E-5
1.4998E+1	1.9671E-5
1.5036E+1	2.1096E-5
1.5073E+1	1.9310E-5
1.5111E+1	1.8247E-5
1.5149E+1	1.3345E-5
1.5187E+1	2.1417E-5
1.5225E+1	1.7420E-5
1.5263E+1	9.5306E-6
1.5301E+1	1.3479E-5
1.5338E+1	5.3476E-6
1.5376E+1	5.4968E-6
1.5414E+1	2.5882E-7
1.5452E+1	-2.1240E-7
1.5490E+1	-7.6125E-7
1.5528E+1	4.4078E-6
1.5566E+1	4.1414E-6
1.5604E+1	3.6925E-6
1.5641E+1	7.5087E-6
1.5679E+1	8.0110E-6
1.5717E+1	4.9498E-6
1.5755E+1	8.8246E-6
1.5793E+1	7.6063E-6
1.5831E+1	1.1412E-5
1.5869E+1	8.7658E-6
1.5906E+1	8.2359E-6
1.5944E+1	6.0116E-6
1.5982E+1	4.5913E-6
1.6020E+1	1.0413E-6
1.6058E+1	1.2773E-6
1.6096E+1	4.6297E-6
1.6134E+1	1.9413E-6
1.6171E+1	2.7463E-6
1.6209E+1	3.3286E-6
1.6247E+1	-1.2978E-6
1.6285E+1	3.0477E-7
1.6323E+1	-1.9215E-6
1.6361E+1	6.8931E-6
1.6399E+1	2.8144E-6
1.6437E+1	-5.2394E-7
1.6474E+1	-4.3633E-6
1.6512E+1	6.2424E-6
1.6550E+1	2.3773E-6
1.6588E+1	3.3445E-6
1.6626E+1	2.1046E-7
1.6664E+1	-1.2658E-7
1.6702E+1	-3.8545E-6
1.6739E+1	-9.6187E-7
1.6777E+1	-1.5772E-6
1.6815E+1	3.3016E-6
1.6853E+1	9.1220E-7
1.6891E+1	1.9185E-6
1.6929E+1	4.9100E-6
1.6967E+1	3.6985E-6
1.7005E+1	6.7653E-8
1.7042E+1	-2.2954E-6
1.7080E+1	-8.3040E-6
1.7118E+1	1.7753E-6
1.7156E+1	1.4570E-6
1.7194E+1	8.2151E-7
1.7232E+1	-5.1400E-6
1.7270E+1	1.5746E-6
1.7307E+1	5.3511E-6
1.7345E+1	4.6199E-7
1.7383E+1	3.2131E-7
1.7421E+1	-1.4794E-7
