0.0000E+0	0.0000E+0
1.4165E+1	2.3445E-7
1.4203E+1	-1.7762E-7
1.4240E+1	1.8095E-6
1.4278E+1	-2.1419E-6
1.4316E+1	1.9630E-6
1.4354E+1	2.3326E-6
1.4392E+1	-6.8506E-6
1.4430E+1	-5.8937E-6
1.4468E+1	-1.1123E-5
1.4505E+1	-8.1331E-6
1.4543E+1	-7.4332E-6
1.4581E+1	-8.9979E-6
1.4619E+1	-1.8474E-5
1.4657E+1	-2.0194E-5
1.4695E+1	-1.3176E-5
1.4733E+1	-2.1355E-5
1.4770E+1	-1.2586E-5
1.4808E+1	-1.0068E-5
1.4846E+1	1.0702E-5
1.4884E+1	1.5295E-5
1.4922E+1	2.1728E-5
1.4960E+1	2.3665E-5
1.4998E+1	2.8090E-5
1.5036E+1	2.2270E-5
1.5073E+1	2.1146E-5
1.5111E+1	2.5616E-5
1.5149E+1	1.7365E-5
1.5187E+1	2.3294E-5
1.5225E+1	1.3604E-5
1.5263E+1	8.7615E-6
1.5301E+1	6.8289E-6
1.5338E+1	6.2712E-6
1.5376E+1	1.3296E-5
1.5414E+1	1.3330E-5
1.5452E+1	9.3148E-6
1.5490E+1	1.1723E-5
1.5528E+1	8.3309E-6
1.5566E+1	9.4580E-6
1.5604E+1	9.3987E-6
1.5641E+1	1.2607E-5
1.5679E+1	1.1375E-5
1.5717E+1	8.2313E-6
1.5755E+1	6.0759E-6
1.5793E+1	1.1700E-5
1.5831E+1	6.9919E-6
1.5869E+1	7.8381E-6
1.5906E+1	1.1655E-5
1.5944E+1	3.2743E-6
1.5982E+1	4.7971E-6
1.6020E+1	2.1797E-6
1.6058E+1	2.2955E-6
1.6096E+1	2.5542E-6
1.6134E+1	1.8624E-6
1.6171E+1	2.7960E-6
1.6209E+1	5.5171E-6
1.6247E+1	4.4738E-6
1.6285E+1	1.2314E-6
1.6323E+1	1.5772E-6
1.6361E+1	1.1474E-6
1.6399E+1	-1.7850E-6
1.6437E+1	2.7156E-6
1.6474E+1	1.2483E-6
1.6512E+1	-1.1502E-6
1.6550E+1	-3.4323E-6
1.6588E+1	-3.2617E-6
1.6626E+1	-6.4486E-7
1.6664E+1	1.1234E-7
1.6702E+1	-3.6234E-6
1.6739E+1	3.6616E-6
1.6777E+1	7.7237E-6
1.6815E+1	1.6675E-6
1.6853E+1	1.3106E-6
1.6891E+1	8.4553E-7
1.6929E+1	5.0897E-7
1.6967E+1	3.8649E-7
1.7005E+1	-5.6769E-7
1.7042E+1	-7.5448E-9
1.7080E+1	7.6248E-6
1.7118E+1	1.9236E-6
1.7156E+1	1.7665E-6
1.7194E+1	8.0550E-7
1.7232E+1	-1.5140E-6
1.7270E+1	7.1295E-7
1.7307E+1	1.1444E-6
1.7345E+1	1.8878E-6
1.7383E+1	-5.5506E-7
1.7421E+1	3.8951E-7
