0.0000E+0	0.0000E+0
1.4165E+1	4.6081E-7
1.4203E+1	6.7629E-8
1.4240E+1	5.5526E-6
1.4278E+1	-5.1405E-7
1.4316E+1	3.8611E-6
1.4354E+1	4.2648E-6
1.4392E+1	-4.5180E-6
1.4430E+1	5.4406E-6
1.4468E+1	-3.0238E-6
1.4505E+1	-7.6713E-6
1.4543E+1	-7.0723E-6
1.4581E+1	-8.5669E-6
1.4619E+1	-9.7855E-6
1.4657E+1	-1.6781E-5
1.4695E+1	-1.7981E-5
1.4733E+1	-1.2565E-5
1.4770E+1	-1.1497E-5
1.4808E+1	-8.6508E-7
1.4846E+1	7.6259E-6
1.4884E+1	1.4533E-5
1.4922E+1	1.6587E-5
1.4960E+1	2.7167E-5
1.4998E+1	2.5845E-5
1.5036E+1	2.7155E-5
1.5073E+1	2.4820E-5
1.5111E+1	1.9793E-5
1.5149E+1	1.6540E-5
1.5187E+1	1.9672E-5
1.5225E+1	9.7240E-6
1.5263E+1	8.4759E-6
1.5301E+1	7.5476E-6
1.5338E+1	4.1655E-6
1.5376E+1	8.4285E-6
1.5414E+1	4.8975E-6
1.5452E+1	1.7045E-6
1.5490E+1	3.3416E-6
1.5528E+1	2.1993E-6
1.5566E+1	5.4001E-6
1.5604E+1	9.1760E-6
1.5641E+1	6.5465E-6
1.5679E+1	2.8466E-6
1.5717E+1	1.0975E-5
1.5755E+1	5.5184E-6
1.5793E+1	9.5299E-6
1.5831E+1	1.7159E-6
1.5869E+1	1.3162E-5
1.5906E+1	5.9399E-6
1.5944E+1	6.6254E-6
1.5982E+1	2.6505E-6
1.6020E+1	-7.2247E-7
1.6058E+1	-7.2418E-8
1.6096E+1	4.9304E-6
1.6134E+1	5.8669E-6
1.6171E+1	1.8680E-6
1.6209E+1	7.0390E-6
1.6247E+1	6.3494E-6
1.6285E+1	6.4387E-6
1.6323E+1	6.6759E-6
1.6361E+1	5.6323E-6
1.6399E+1	1.5876E-6
1.6437E+1	5.2618E-7
1.6474E+1	1.3741E-6
1.6512E+1	3.4677E-6
1.6550E+1	6.3024E-8
1.6588E+1	3.1039E-6
1.6626E+1	2.0197E-6
1.6664E+1	3.3252E-6
1.6702E+1	-3.6309E-7
1.6739E+1	2.5108E-6
1.6777E+1	-6.4952E-6
1.6815E+1	1.6185E-6
1.6853E+1	-9.5104E-6
1.6891E+1	1.4751E-6
1.6929E+1	5.2202E-6
1.6967E+1	1.9393E-7
1.7005E+1	2.2576E-6
1.7042E+1	-2.4748E-6
1.7080E+1	1.8673E-6
1.7118E+1	-2.8009E-6
1.7156E+1	3.5886E-6
1.7194E+1	-3.1519E-6
1.7232E+1	-3.7545E-6
1.7270E+1	-2.1808E-7
1.7307E+1	3.3811E-6
1.7345E+1	-4.5017E-6
1.7383E+1	1.9568E-8
1.7421E+1	-1.8171E-8
