0.0000E+0	0.0000E+0
1.4165E+1	-1.9766E-7
1.4203E+1	-2.2755E-7
1.4240E+1	1.4410E-6
1.4278E+1	-1.8869E-6
1.4316E+1	-1.4453E-7
1.4354E+1	1.4198E-6
1.4392E+1	-1.9283E-6
1.4430E+1	-1.2163E-5
1.4468E+1	-6.2668E-6
1.4505E+1	-6.9627E-6
1.4543E+1	-1.0164E-5
1.4581E+1	-9.7017E-6
1.4619E+1	-1.5225E-5
1.4657E+1	-1.7479E-5
1.4695E+1	-1.8231E-5
1.4733E+1	-1.3252E-5
1.4770E+1	-1.0299E-5
1.4808E+1	-9.9624E-7
1.4846E+1	4.1256E-6
1.4884E+1	1.0798E-5
1.4922E+1	1.8278E-5
1.4960E+1	2.2249E-5
1.4998E+1	2.1270E-5
1.5036E+1	2.2374E-5
1.5073E+1	2.6599E-5
1.5111E+1	2.4515E-5
1.5149E+1	2.2329E-5
1.5187E+1	1.8266E-5
1.5225E+1	1.7490E-5
1.5263E+1	1.6107E-5
1.5301E+1	1.2315E-5
1.5338E+1	1.0382E-5
1.5376E+1	9.9997E-6
1.5414E+1	1.0019E-5
1.5452E+1	6.3943E-6
1.5490E+1	1.1671E-5
1.5528E+1	1.3480E-5
1.5566E+1	1.1774E-5
1.5604E+1	1.2509E-5
1.5641E+1	7.4378E-6
1.5679E+1	1.3596E-5
1.5717E+1	8.9527E-6
1.5755E+1	6.4096E-6
1.5793E+1	1.0578E-5
1.5831E+1	1.3507E-5
1.5869E+1	9.5159E-6
1.5906E+1	6.4914E-6
1.5944E+1	5.7468E-6
1.5982E+1	1.1149E-6
1.6020E+1	-1.8198E-6
1.6058E+1	6.1286E-6
1.6096E+1	5.5892E-6
1.6134E+1	6.0645E-6
1.6171E+1	4.0914E-6
1.6209E+1	2.1843E-6
1.6247E+1	-1.9832E-6
1.6285E+1	4.0435E-6
1.6323E+1	1.6820E-6
1.6361E+1	5.1232E-6
1.6399E+1	-2.0243E-6
1.6437E+1	3.2508E-7
1.6474E+1	-5.7057E-6
1.6512E+1	8.1198E-6
1.6550E+1	-4.0008E-6
1.6588E+1	9.9537E-7
1.6626E+1	3.0777E-6
1.6664E+1	6.1437E-6
1.6702E+1	8.3736E-7
1.6739E+1	8.2835E-7
1.6777E+1	6.1772E-6
1.6815E+1	6.3823E-7
1.6853E+1	-3.3556E-6
1.6891E+1	-3.1972E-6
1.6929E+1	2.3574E-6
1.6967E+1	-1.3077E-6
1.7005E+1	-8.9515E-7
1.7042E+1	3.8979E-6
1.7080E+1	-2.4091E-6
1.7118E+1	7.6205E-7
1.7156E+1	-1.5058E-6
1.7194E+1	1.9384E-6
1.7232E+1	-1.2127E-6
1.7270E+1	4.0054E-6
1.7307E+1	-1.4517E-6
1.7345E+1	-2.9981E-6
1.7383E+1	1.9930E-7
1.7421E+1	1.0667E-7
