0.0000E+0	0.0000E+0
1.4165E+1	1.8983E-7
1.4203E+1	-1.4501E-7
1.4240E+1	-1.6663E-6
1.4278E+1	6.9245E-6
1.4316E+1	-4.7903E-6
1.4354E+1	-3.3134E-6
1.4392E+1	-1.1891E-6
1.4430E+1	-9.3301E-6
1.4468E+1	-2.8342E-6
1.4505E+1	-9.1215E-6
1.4543E+1	-9.4765E-6
1.4581E+1	-1.3055E-5
1.4619E+1	-1.2653E-5
1.4657E+1	-1.7811E-5
1.4695E+1	-1.6939E-5
1.4733E+1	-1.8295E-5
1.4770E+1	-7.3441E-6
1.4808E+1	-3.5115E-6
1.4846E+1	3.6555E-7
1.4884E+1	1.1936E-5
1.4922E+1	1.6708E-5
1.4960E+1	2.0849E-5
1.4998E+1	1.9673E-5
1.5036E+1	2.6609E-5
1.5073E+1	1.9929E-5
1.5111E+1	2.2634E-5
1.5149E+1	1.8015E-5
1.5187E+1	1.7078E-5
1.5225E+1	1.5929E-5
1.5263E+1	7.9475E-6
1.5301E+1	9.6868E-6
1.5338E+1	3.9964E-6
1.5376E+1	6.4198E-6
1.5414E+1	-1.4276E-6
1.5452E+1	5.0720E-6
1.5490E+1	1.0768E-5
1.5528E+1	9.8008E-6
1.5566E+1	1.0218E-5
1.5604E+1	1.2499E-5
1.5641E+1	1.2717E-5
1.5679E+1	6.0647E-6
1.5717E+1	6.5600E-6
1.5755E+1	8.0702E-6
1.5793E+1	6.2156E-6
1.5831E+1	5.2274E-6
1.5869E+1	5.6116E-6
1.5906E+1	2.2507E-7
1.5944E+1	1.0910E-5
1.5982E+1	6.9125E-6
1.6020E+1	7.9736E-6
1.6058E+1	7.5977E-6
1.6096E+1	2.3640E-6
1.6134E+1	3.9088E-6
1.6171E+1	-7.8770E-7
1.6209E+1	2.0491E-6
1.6247E+1	7.5454E-7
1.6285E+1	2.4728E-6
1.6323E+1	2.3168E-6
1.6361E+1	3.3253E-6
1.6399E+1	-2.1407E-6
1.6437E+1	-4.5253E-7
1.6474E+1	3.2572E-6
1.6512E+1	4.4824E-6
1.6550E+1	2.8388E-6
1.6588E+1	3.8344E-6
1.6626E+1	2.2087E-6
1.6664E+1	-1.1887E-6
1.6702E+1	1.7506E-6
1.6739E+1	-5.7569E-7
1.6777E+1	-7.0734E-8
1.6815E+1	-2.4388E-7
1.6853E+1	2.9034E-7
1.6891E+1	1.3343E-6
1.6929E+1	-2.0715E-6
1.6967E+1	1.8499E-6
1.7005E+1	6.0199E-6
1.7042E+1	1.1906E-6
1.7080E+1	-2.1066E-6
1.7118E+1	4.6820E-6
1.7156E+1	-1.3494E-6
1.7194E+1	1.7034E-6
1.7232E+1	1.0430E-6
1.7270E+1	3.9302E-6
1.7307E+1	-2.0926E-6
1.7345E+1	2.0803E-6
1.7383E+1	-2.6746E-7
1.7421E+1	-4.1456E-7
