0.0000E+0	0.0000E+0
1.4165E+1	2.6469E-7
1.4203E+1	-8.0835E-8
1.4240E+1	-3.5858E-6
1.4278E+1	7.5490E-6
1.4316E+1	1.7420E-6
1.4354E+1	-3.6208E-6
1.4392E+1	-4.0688E-6
1.4430E+1	-7.6236E-6
1.4468E+1	-4.8941E-6
1.4505E+1	-2.9924E-6
1.4543E+1	-7.4115E-6
1.4581E+1	-1.1926E-5
1.4619E+1	-1.4311E-5
1.4657E+1	-1.7026E-5
1.4695E+1	-1.5640E-5
1.4733E+1	-1.0491E-5
1.4770E+1	-5.7221E-6
1.4808E+1	-2.8067E-6
1.4846E+1	-8.2231E-7
1.4884E+1	8.1266E-6
1.4922E+1	1.2401E-5
1.4960E+1	1.9174E-5
1.4998E+1	2.9227E-5
1.5036E+1	2.8469E-5
1.5073E+1	2.4260E-5
1.5111E+1	2.2914E-5
1.5149E+1	1.8543E-5
1.5187E+1	1.8864E-5
1.5225E+1	1.2591E-5
1.5263E+1	1.9132E-5
1.5301E+1	1.3093E-5
1.5338E+1	8.2927E-6
1.5376E+1	1.7857E-5
1.5414E+1	8.4576E-6
1.5452E+1	4.5179E-6
1.5490E+1	6.7515E-6
1.5528E+1	3.3452E-6
1.5566E+1	6.7669E-6
1.5604E+1	1.1677E-5
1.5641E+1	8.2966E-6
1.5679E+1	8.2237E-6
1.5717E+1	1.9759E-6
1.5755E+1	1.1615E-5
1.5793E+1	6.8082E-6
1.5831E+1	8.7721E-6
1.5869E+1	1.9039E-6
1.5906E+1	9.5625E-6
1.5944E+1	-1.3272E-6
1.5982E+1	-3.6852E-6
1.6020E+1	6.1338E-7
1.6058E+1	3.8850E-6
1.6096E+1	3.1284E-6
1.6134E+1	5.8116E-6
1.6171E+1	8.8868E-6
1.6209E+1	3.0388E-6
1.6247E+1	-2.0160E-6
1.6285E+1	4.2566E-6
1.6323E+1	2.8988E-6
1.6361E+1	1.5293E-6
1.6399E+1	-1.8820E-6
1.6437E+1	-8.6393E-7
1.6474E+1	2.5199E-6
1.6512E+1	1.7759E-6
1.6550E+1	3.6109E-6
1.6588E+1	1.0023E-6
1.6626E+1	-4.7512E-6
1.6664E+1	-3.2439E-6
1.6702E+1	-3.2168E-6
1.6739E+1	5.8055E-7
1.6777E+1	-6.0827E-6
1.6815E+1	-5.2928E-6
1.6853E+1	6.8491E-7
1.6891E+1	-5.0756E-6
1.6929E+1	-4.3671E-6
1.6967E+1	-5.2033E-6
1.7005E+1	-1.5092E-6
1.7042E+1	3.6315E-6
1.7080E+1	-1.3978E-6
1.7118E+1	1.9754E-6
1.7156E+1	-3.4961E-6
1.7194E+1	4.9121E-6
1.7232E+1	6.8856E-6
1.7270E+1	3.7456E-6
1.7307E+1	-1.4470E-6
1.7345E+1	2.3643E-6
1.7383E+1	4.8531E-7
1.7421E+1	-8.9339E-8
