0.0000E+0	1.4422E+1	1.4478E+1	1.4533E+1	1.4589E+1	1.4644E+1	1.4700E+1	1.4755E+1	1.4811E+1	1.4866E+1	1.4922E+1	1.4977E+1	1.5033E+1	1.5088E+1	1.5143E+1	1.5199E+1	1.5254E+1	1.5310E+1	1.5365E+1	1.5421E+1	1.5476E+1	1.5532E+1	1.5587E+1	1.5643E+1	1.5698E+1	1.5754E+1	1.5809E+1	1.5865E+1	1.5920E+1	1.5976E+1	1.6031E+1	1.6087E+1	1.6142E+1	1.6197E+1	1.6253E+1	1.6308E+1	1.6364E+1	1.6419E+1	1.6475E+1	1.6530E+1	1.6586E+1	1.6641E+1	1.6697E+1	1.6752E+1	1.6808E+1	1.6863E+1	1.6919E+1	1.6974E+1	1.7030E+1	1.7085E+1	1.7140E+1	1.7196E+1	1.7251E+1	1.7307E+1	1.7362E+1	1.7418E+1	1.7473E+1
1.4430E+1	1.1197E-8	-2.8559E-8	-4.5039E-8	-4.0359E-8	-2.3445E-8	6.2946E-8	1.2687E-7	2.0075E-7	2.5090E-7	2.2933E-7	2.3566E-7	1.9471E-7	2.1194E-7	2.3425E-7	2.2201E-7	1.3989E-7	5.9876E-8	6.9090E-8	7.4192E-8	1.2689E-7	1.1549E-7	8.6489E-8	7.0906E-8	-7.1809E-8	-1.5867E-7	-2.2164E-7	-2.9140E-7	-2.8829E-7	-3.0153E-7	-1.8805E-7	-1.5585E-7	-3.2629E-8	5.1686E-8	1.3883E-7	2.0126E-7	2.6920E-7	2.9675E-7	2.5411E-7	2.4197E-7	1.5953E-7	1.0793E-7	2.0960E-8	1.9490E-8	7.7582E-9	5.2723E-9	1.6007E-8	2.7811E-8	6.2916E-8	1.6920E-8	1.9906E-8	8.0613E-9	-2.6586E-8	-3.6553E-8	-1.6774E-8	-2.2902E-8	9.6138E-9
1.4468E+1	-7.6835E-9	-3.2241E-8	-9.8362E-8	-1.2201E-7	-1.1199E-7	-3.9176E-8	1.1228E-7	2.3282E-7	3.0354E-7	3.8799E-7	4.0355E-7	3.6241E-7	3.3048E-7	4.0696E-7	4.0600E-7	3.7338E-7	1.8902E-7	1.6845E-7	8.1703E-8	9.2687E-8	6.0569E-8	-2.6825E-8	-9.1210E-8	-2.3221E-7	-3.9605E-7	-4.4162E-7	-4.8577E-7	-4.7050E-7	-4.0306E-7	-2.8225E-7	-1.4553E-7	-2.8886E-8	1.7317E-7	2.6015E-7	3.0953E-7	3.8316E-7	4.4177E-7	3.6513E-7	3.1810E-7	2.6666E-7	1.6658E-7	9.3769E-8	6.6745E-10	3.2025E-8	5.9490E-9	2.0323E-8	-3.3887E-8	6.5118E-10	3.3147E-8	4.3395E-9	4.5618E-9	-1.7367E-8	-7.5604E-8	-9.8125E-9	-3.7304E-8	-6.3733E-9
1.4505E+1	-6.9021E-8	-9.2306E-8	-1.6812E-7	-3.3410E-7	-2.8018E-7	-1.7236E-7	5.9893E-8	3.4798E-7	4.6418E-7	5.1070E-7	5.5620E-7	6.0932E-7	5.4247E-7	4.9598E-7	5.8194E-7	5.7675E-7	4.0638E-7	2.6368E-7	1.4444E-7	7.5575E-8	1.4879E-8	-7.1480E-8	-1.7698E-7	-3.6992E-7	-5.7883E-7	-7.4797E-7	-7.7865E-7	-7.2480E-7	-6.0139E-7	-3.8115E-7	-1.7920E-7	4.3036E-9	1.9007E-7	3.5687E-7	4.6569E-7	5.2966E-7	5.7488E-7	5.3276E-7	4.5282E-7	3.5109E-7	2.1312E-7	1.6489E-7	1.0886E-7	4.3244E-8	2.6534E-8	5.3223E-8	4.2345E-8	4.9228E-8	1.8758E-8	1.2619E-8	-1.2267E-8	2.9691E-8	-8.7450E-8	-2.9391E-8	2.1983E-8	-2.5888E-8
1.4543E+1	-1.4098E-7	-1.6117E-7	-2.5095E-7	-6.7930E-7	-8.2197E-7	-6.2219E-7	-2.4036E-7	2.7400E-7	6.3752E-7	7.9825E-7	8.0847E-7	9.1451E-7	1.0463E-6	9.2332E-7	8.9136E-7	9.6771E-7	7.8787E-7	5.0007E-7	1.7009E-7	1.0569E-8	-1.6055E-7	-2.5210E-7	-4.2745E-7	-5.8903E-7	-8.0175E-7	-1.0315E-6	-1.1190E-6	-1.1103E-6	-8.7714E-7	-5.8066E-7	-2.1000E-7	6.3175E-8	3.3069E-7	4.3452E-7	6.0265E-7	7.4225E-7	7.6593E-7	7.0585E-7	6.3317E-7	4.6432E-7	3.3125E-7	1.3737E-7	1.6589E-7	9.5566E-8	6.8029E-8	7.4160E-8	4.3033E-8	1.3477E-7	7.3180E-8	1.4949E-8	5.8576E-9	4.8767E-8	1.0240E-8	-6.5564E-8	3.5261E-8	-3.8323E-8
1.4581E+1	-2.1178E-7	-1.2836E-7	-1.8364E-7	-8.1691E-7	-1.4161E-6	-1.5187E-6	-1.0217E-6	-2.0612E-7	4.2208E-7	7.4061E-7	8.8216E-7	1.0540E-6	1.2867E-6	1.4226E-6	1.3950E-6	1.4620E-6	1.4676E-6	1.0913E-6	5.6823E-7	1.0431E-7	-1.8471E-7	-3.3795E-7	-4.7882E-7	-7.4869E-7	-8.6092E-7	-1.2124E-6	-1.3440E-6	-1.5030E-6	-1.3490E-6	-9.5270E-7	-5.1727E-7	-8.6965E-8	2.1978E-7	5.2029E-7	6.5060E-7	7.8262E-7	8.6299E-7	8.4796E-7	7.9002E-7	5.5282E-7	4.8712E-7	2.8519E-7	2.5032E-7	1.6028E-7	1.3373E-7	1.5077E-7	1.5860E-7	1.7727E-7	9.0979E-8	7.8842E-8	5.2026E-9	2.7936E-8	2.6500E-8	7.5210E-8	5.8161E-8	2.1762E-8
1.4619E+1	-1.9203E-7	-1.7309E-7	5.1478E-8	-5.8527E-7	-1.8820E-6	-2.7222E-6	-2.3823E-6	-1.1738E-6	7.0910E-8	7.0206E-7	8.7091E-7	1.0887E-6	1.4177E-6	1.7221E-6	1.9179E-6	1.9861E-6	2.0420E-6	1.8378E-6	1.2248E-6	3.5833E-7	-2.1283E-7	-4.2552E-7	-5.7245E-7	-7.2176E-7	-8.4004E-7	-1.0039E-6	-1.3340E-6	-1.6256E-6	-1.7296E-6	-1.4563E-6	-9.5171E-7	-3.4009E-7	2.8451E-8	3.8127E-7	6.3625E-7	7.6012E-7	7.9610E-7	7.8349E-7	7.6289E-7	5.4052E-7	4.1446E-7	2.9197E-7	2.8405E-7	2.1819E-7	2.0164E-7	2.0096E-7	1.9749E-7	2.9823E-7	1.1228E-7	1.3374E-7	5.4968E-8	1.6154E-8	-3.3905E-8	-9.6581E-9	4.5501E-8	-6.6217E-9
1.4657E+1	-2.0560E-7	-7.4511E-8	1.8297E-7	4.5352E-7	-1.3466E-6	-3.8860E-6	-4.4564E-6	-3.2109E-6	-1.2918E-6	7.8940E-9	4.2540E-7	6.6448E-7	1.0931E-6	1.7113E-6	2.1771E-6	2.4874E-6	2.5989E-6	2.6185E-6	2.3281E-6	1.1940E-6	1.0958E-7	-2.5437E-7	-3.7495E-7	-4.4899E-7	-4.6374E-7	-5.7829E-7	-7.7680E-7	-1.4394E-6	-1.8365E-6	-1.8858E-6	-1.6066E-6	-9.0164E-7	-3.1036E-7	9.7361E-8	3.1729E-7	4.8915E-7	6.7215E-7	7.0909E-7	6.5416E-7	5.1929E-7	3.1957E-7	2.5779E-7	2.2911E-7	2.3820E-7	2.1684E-7	2.4506E-7	2.5376E-7	3.0393E-7	2.4430E-7	1.8946E-7	1.5705E-7	7.0183E-8	9.8663E-8	2.7467E-8	1.5528E-8	-2.9356E-8
1.4695E+1	-1.9906E-6	3.6799E-8	2.3193E-6	1.1702E-5	1.0661E-5	-2.8790E-5	-5.7605E-5	-5.4980E-5	-3.3410E-5	-1.3944E-5	-5.5545E-6	-4.3395E-6	-1.0168E-7	6.6322E-6	1.5285E-5	2.0923E-5	2.3836E-5	2.6010E-5	2.8920E-5	2.1439E-5	7.4181E-6	-9.7244E-7	-1.0067E-6	-1.6318E-7	1.9202E-6	3.7759E-6	2.8574E-6	-2.4255E-6	-1.1707E-5	-1.7293E-5	-1.8225E-5	-1.4323E-5	-7.0817E-6	-3.0805E-6	-8.4461E-7	-5.7845E-7	8.2189E-7	3.2721E-6	3.0477E-6	2.8396E-6	8.1269E-7	5.5629E-7	1.0498E-6	1.7841E-6	2.6487E-6	2.1072E-6	2.0717E-6	2.8727E-6	2.6844E-6	2.3768E-6	2.0731E-6	1.0783E-6	1.5443E-6	8.8165E-7	1.0923E-6	8.2872E-7
1.4733E+1	-1.1544E-6	1.5855E-7	2.8712E-6	1.0095E-5	2.6810E-5	8.2451E-6	-4.6772E-5	-6.7851E-5	-5.7271E-5	-3.3046E-5	-1.8206E-5	-1.4227E-5	-1.3771E-5	-7.7473E-6	-1.2663E-8	9.8737E-6	1.4364E-5	1.7840E-5	2.2336E-5	2.4534E-5	1.2686E-5	7.3534E-7	-1.8117E-6	2.1028E-6	4.6535E-6	1.1271E-5	1.4046E-5	1.2743E-5	5.8326E-6	-4.8739E-6	-1.2540E-5	-1.4178E-5	-9.9277E-6	-5.1887E-6	-4.7413E-6	-3.5846E-6	-4.1810E-6	-2.2959E-6	-1.8541E-6	-1.9129E-6	-3.2906E-6	-2.6740E-6	-1.8142E-6	-1.0397E-7	6.4330E-7	2.7450E-6	1.7434E-6	2.4516E-6	2.7153E-6	2.4553E-6	2.1658E-6	1.2257E-6	1.4830E-6	1.2115E-6	5.8459E-7	1.1213E-6
1.4770E+1	8.3921E-7	1.4934E-6	2.6828E-6	1.0886E-5	2.7104E-5	4.5870E-5	-4.2689E-6	-6.4621E-5	-7.5813E-5	-5.6335E-5	-3.2720E-5	-2.4362E-5	-2.3950E-5	-2.3765E-5	-1.6525E-5	-7.9711E-6	8.9004E-7	6.2480E-6	9.0850E-6	1.6581E-5	1.4613E-5	1.0511E-6	-5.2022E-6	-1.4623E-6	5.8856E-6	1.2790E-5	2.0851E-5	2.4524E-5	2.1971E-5	1.2807E-5	1.2548E-6	-6.6029E-6	-8.1292E-6	-5.4151E-6	-5.1428E-6	-7.0043E-6	-7.1344E-6	-7.6492E-6	-6.6299E-6	-6.5246E-6	-8.3475E-6	-7.6095E-6	-5.4669E-6	-3.0033E-6	-1.7743E-6	-5.6539E-8	1.2997E-6	1.6958E-6	1.9367E-6	2.8577E-6	2.7078E-6	1.8979E-6	1.1464E-6	1.5785E-6	1.7716E-6	7.0290E-7
1.4808E+1	4.0587E-6	3.6364E-6	3.4471E-6	9.6599E-6	2.5373E-5	5.8496E-5	6.1014E-5	-2.5589E-5	-8.2190E-5	-8.0762E-5	-5.3200E-5	-3.5161E-5	-3.2340E-5	-3.5350E-5	-3.4023E-5	-2.6258E-5	-1.7422E-5	-8.8129E-6	-6.6094E-6	-4.0480E-7	7.5845E-6	1.3700E-6	-9.0657E-6	-9.3018E-6	1.6324E-6	1.2632E-5	2.2780E-5	3.3232E-5	3.6935E-5	3.1067E-5	1.7362E-5	5.7181E-6	-1.0691E-6	-2.8174E-6	-2.7310E-6	-5.4976E-6	-9.2034E-6	-1.1486E-5	-1.2270E-5	-1.1221E-5	-1.2422E-5	-1.2774E-5	-1.1285E-5	-8.5370E-6	-5.2630E-6	-2.6737E-6	-1.6908E-6	-3.6520E-8	-1.8770E-7	1.0313E-6	1.8049E-6	1.9730E-6	1.2423E-6	3.6763E-7	1.6233E-6	1.4339E-6
1.4846E+1	6.7253E-6	5.6078E-6	7.1272E-6	7.7356E-6	2.2287E-5	5.0357E-5	9.5540E-5	6.2688E-5	-4.2920E-5	-7.9823E-5	-7.0543E-5	-4.4569E-5	-3.7848E-5	-3.9244E-5	-4.4763E-5	-4.2362E-5	-3.6071E-5	-2.7703E-5	-2.4725E-5	-2.2738E-5	-1.4360E-5	-8.1803E-6	-1.5811E-5	-1.9799E-5	-1.1019E-5	4.0654E-6	1.7293E-5	3.1797E-5	4.1998E-5	4.6856E-5	3.7848E-5	2.4040E-5	1.3468E-5	7.0789E-6	2.6086E-6	-6.8613E-8	-6.1107E-6	-1.1271E-5	-1.4821E-5	-1.4857E-5	-1.5580E-5	-1.5792E-5	-1.5446E-5	-1.3937E-5	-1.0151E-5	-6.8618E-6	-4.9301E-6	-3.1452E-6	-2.4164E-6	-7.7710E-7	-9.5545E-7	4.5954E-7	7.6954E-7	3.0697E-7	-3.7468E-7	1.3014E-6
1.4884E+1	8.2253E-6	8.1951E-6	7.4222E-6	9.2530E-6	1.4848E-5	4.1368E-5	8.3675E-5	1.2226E-4	4.7254E-5	-5.0791E-5	-6.6087E-5	-5.0699E-5	-3.4143E-5	-3.6123E-5	-4.1708E-5	-4.7930E-5	-4.5269E-5	-4.2806E-5	-3.8902E-5	-4.0098E-5	-3.6206E-5	-2.7564E-5	-2.4247E-5	-2.8165E-5	-2.2988E-5	-8.5509E-6	8.4767E-6	2.4216E-5	3.7467E-5	4.8214E-5	5.0351E-5	4.0215E-5	2.8355E-5	2.0114E-5	1.2114E-5	6.2395E-6	4.0630E-9	-8.2859E-6	-1.3931E-5	-1.7658E-5	-1.7198E-5	-1.8462E-5	-1.8060E-5	-1.7229E-5	-1.3338E-5	-1.0291E-5	-7.7169E-6	-5.6862E-6	-4.3527E-6	-2.8445E-6	-2.1382E-6	-2.0117E-6	-4.7674E-7	-4.2636E-7	-2.8893E-7	-4.1261E-7
1.4922E+1	8.7236E-6	8.0733E-6	8.0903E-6	6.8020E-6	1.0515E-5	2.7779E-5	7.0122E-5	1.2556E-4	1.4060E-4	2.7015E-5	-4.7214E-5	-4.7143E-5	-3.3076E-5	-2.7307E-5	-3.5084E-5	-4.4166E-5	-4.9921E-5	-5.0754E-5	-5.2274E-5	-5.5141E-5	-5.6305E-5	-5.1194E-5	-4.2567E-5	-3.8173E-5	-3.5488E-5	-2.2121E-5	-3.1702E-6	1.5888E-5	3.1237E-5	4.7406E-5	5.7283E-5	5.4780E-5	4.4491E-5	3.4263E-5	2.5087E-5	1.4912E-5	8.1085E-6	-1.5967E-6	-9.5404E-6	-1.7617E-5	-1.9904E-5	-1.9650E-5	-2.0259E-5	-1.9861E-5	-1.7125E-5	-1.5058E-5	-1.1246E-5	-9.0087E-6	-6.5668E-6	-5.3847E-6	-3.7649E-6	-3.0943E-6	-2.0729E-6	-1.2024E-6	-8.0085E-7	-5.3097E-7
1.4960E+1	7.6662E-6	6.1893E-6	5.8553E-6	2.8169E-6	3.7188E-6	1.2846E-5	4.6938E-5	1.0145E-4	1.6377E-4	1.3355E-4	1.2850E-5	-2.6008E-5	-2.3818E-5	-1.4759E-5	-2.0876E-5	-3.0553E-5	-4.2723E-5	-4.9656E-5	-5.5181E-5	-6.1732E-5	-6.8098E-5	-6.8952E-5	-6.2975E-5	-5.2995E-5	-4.8067E-5	-3.6813E-5	-1.9153E-5	1.9717E-6	1.9582E-5	3.8150E-5	5.4163E-5	5.9609E-5	5.6293E-5	4.7597E-5	3.8277E-5	2.7756E-5	1.6792E-5	7.0606E-6	-2.6925E-6	-1.1778E-5	-1.8794E-5	-1.9971E-5	-1.8984E-5	-1.8783E-5	-1.7671E-5	-1.6166E-5	-1.4220E-5	-1.0983E-5	-9.4428E-6	-7.7029E-6	-6.2601E-6	-4.5867E-6	-3.8385E-6	-2.0442E-6	-1.4702E-6	-1.3366E-6
1.4998E+1	4.0272E-6	4.6122E-6	1.5810E-6	-1.8064E-7	-4.2211E-6	1.6570E-6	2.1862E-5	7.0477E-5	1.3185E-4	1.7527E-4	1.0375E-4	1.1369E-5	-3.8117E-6	-3.5687E-6	-2.5514E-6	-1.5365E-5	-2.6586E-5	-4.0443E-5	-5.0258E-5	-6.1341E-5	-7.0009E-5	-7.6916E-5	-7.5760E-5	-6.7590E-5	-5.7438E-5	-4.6828E-5	-3.0880E-5	-1.1986E-5	8.7054E-6	2.7650E-5	4.6031E-5	5.5811E-5	5.9242E-5	5.4745E-5	4.7160E-5	3.8376E-5	2.7175E-5	1.4684E-5	4.1239E-6	-7.0927E-6	-1.4844E-5	-1.9149E-5	-1.8460E-5	-1.7472E-5	-1.7504E-5	-1.6753E-5	-1.4027E-5	-1.2704E-5	-9.6309E-6	-8.9213E-6	-6.5215E-6	-5.6047E-6	-3.9618E-6	-2.8221E-6	-1.5202E-6	-1.4771E-6
1.5036E+1	2.3108E-6	1.2544E-7	-1.2940E-6	-5.0674E-6	-8.6610E-6	-9.3722E-6	4.1557E-6	3.8419E-5	9.5551E-5	1.5353E-4	1.6334E-4	7.6329E-5	2.1292E-5	1.2946E-5	1.0954E-5	4.5982E-6	-1.0108E-5	-2.3843E-5	-3.9354E-5	-5.3667E-5	-6.7887E-5	-7.6929E-5	-8.2190E-5	-7.8374E-5	-6.8251E-5	-5.5176E-5	-4.0901E-5	-2.3917E-5	-3.8427E-6	1.6567E-5	3.4811E-5	4.9037E-5	5.6803E-5	5.7412E-5	5.2401E-5	4.6118E-5	3.5399E-5	2.3044E-5	1.1605E-5	1.7375E-7	-1.0801E-5	-1.5971E-5	-1.6668E-5	-1.6220E-5	-1.5801E-5	-1.6877E-5	-1.4987E-5	-1.3925E-5	-1.2182E-5	-1.0238E-5	-8.2498E-6	-6.5129E-6	-5.1034E-6	-3.3105E-6	-2.5532E-6	-1.6242E-6
1.5073E+1	-2.8419E-7	-2.1282E-6	-4.6514E-6	-9.2779E-6	-1.4327E-5	-1.7774E-5	-1.0187E-5	1.2752E-5	5.9782E-5	1.1648E-4	1.5917E-4	1.3712E-4	6.2146E-5	3.2548E-5	2.3514E-5	1.9670E-5	8.4061E-6	-6.6361E-6	-2.4803E-5	-4.1283E-5	-5.9078E-5	-7.2513E-5	-8.1554E-5	-8.2494E-5	-7.5376E-5	-6.2466E-5	-4.8140E-5	-3.2354E-5	-1.4623E-5	6.4066E-6	2.4352E-5	3.9477E-5	5.0480E-5	5.5628E-5	5.4177E-5	5.0196E-5	4.2055E-5	2.9760E-5	1.7374E-5	6.8099E-6	-4.5407E-6	-1.2534E-5	-1.4558E-5	-1.4627E-5	-1.4563E-5	-1.4675E-5	-1.4055E-5	-1.3673E-5	-1.2406E-5	-1.1109E-5	-9.4435E-6	-7.6122E-6	-6.0159E-6	-4.4283E-6	-4.2733E-6	-2.8144E-6
1.5111E+1	-1.1210E-6	-3.7487E-6	-5.6714E-6	-1.1009E-5	-1.8296E-5	-2.3518E-5	-2.1310E-5	-5.0320E-6	2.9628E-5	8.2280E-5	1.2751E-4	1.4923E-4	1.1132E-4	5.6631E-5	3.8345E-5	3.0003E-5	2.3669E-5	9.2409E-6	-8.3591E-6	-2.8890E-5	-4.6933E-5	-6.4187E-5	-7.6717E-5	-8.1729E-5	-7.8048E-5	-6.8278E-5	-5.4835E-5	-3.9218E-5	-2.2753E-5	-4.7858E-6	1.5355E-5	3.1054E-5	4.3068E-5	5.0235E-5	5.3747E-5	5.0761E-5	4.5318E-5	3.5805E-5	2.3670E-5	1.2163E-5	1.3289E-6	-6.6454E-6	-1.1881E-5	-1.2814E-5	-1.2810E-5	-1.3528E-5	-1.3462E-5	-1.3257E-5	-1.3034E-5	-1.1160E-5	-1.0419E-5	-8.1378E-6	-7.3012E-6	-4.7820E-6	-4.6900E-6	-3.9384E-6
1.5149E+1	-1.9735E-6	-3.5711E-6	-6.4835E-6	-1.1955E-5	-2.0208E-5	-2.7320E-5	-2.8569E-5	-1.7892E-5	9.5266E-6	5.2483E-5	9.7949E-5	1.2960E-4	1.3532E-4	9.3175E-5	5.3949E-5	4.1071E-5	3.3657E-5	2.3196E-5	6.1065E-6	-1.3500E-5	-3.5159E-5	-5.3169E-5	-6.9113E-5	-7.6609E-5	-7.7168E-5	-6.9426E-5	-5.9098E-5	-4.5391E-5	-2.9594E-5	-1.3235E-5	4.6239E-6	2.2013E-5	3.5207E-5	4.4308E-5	4.9910E-5	5.0856E-5	4.6586E-5	3.9152E-5	2.8693E-5	1.7732E-5	5.7409E-6	-1.2993E-6	-7.3609E-6	-9.9174E-6	-1.1000E-5	-1.0326E-5	-1.1242E-5	-1.1975E-5	-1.2419E-5	-1.1857E-5	-1.0284E-5	-9.1831E-6	-8.0324E-6	-7.1337E-6	-5.4747E-6	-4.9419E-6
1.5187E+1	-2.8667E-6	-3.8556E-6	-6.1630E-6	-1.1763E-5	-2.0964E-5	-3.0121E-5	-3.5280E-5	-2.8637E-5	-6.5598E-6	3.0454E-5	7.1123E-5	1.0575E-4	1.2750E-4	1.2117E-4	7.9354E-5	5.2852E-5	4.2056E-5	3.3213E-5	1.8920E-5	-6.6818E-8	-2.1676E-5	-4.1974E-5	-5.9876E-5	-7.0276E-5	-7.3953E-5	-6.9206E-5	-6.0362E-5	-4.8713E-5	-3.5716E-5	-2.0435E-5	-3.5099E-6	1.2682E-5	2.6218E-5	3.7510E-5	4.4869E-5	4.7514E-5	4.7095E-5	4.1415E-5	3.3378E-5	2.2990E-5	1.1295E-5	2.5586E-6	-3.6396E-6	-6.5202E-6	-8.5749E-6	-9.9448E-6	-8.5523E-6	-1.0017E-5	-1.0628E-5	-1.1480E-5	-9.8413E-6	-9.0011E-6	-8.4388E-6	-6.8969E-6	-6.4500E-6	-5.1831E-6
1.5225E+1	-1.4573E-6	-3.2402E-6	-6.1794E-6	-1.0791E-5	-1.8763E-5	-2.9923E-5	-3.9287E-5	-3.6837E-5	-1.9676E-5	1.2959E-5	4.9877E-5	8.4393E-5	1.1057E-4	1.2463E-4	1.0565E-4	6.9190E-5	5.0674E-5	3.9925E-5	2.9069E-5	1.1763E-5	-9.2739E-6	-3.0447E-5	-4.9437E-5	-6.2970E-5	-6.8489E-5	-6.6256E-5	-6.0143E-5	-5.0660E-5	-3.8795E-5	-2.6221E-5	-1.0581E-5	5.0962E-6	1.8742E-5	2.9959E-5	3.9521E-5	4.3418E-5	4.4577E-5	4.1254E-5	3.5876E-5	2.6698E-5	1.6746E-5	8.2168E-6	7.8659E-7	-3.0554E-6	-5.0840E-6	-7.8727E-6	-7.8026E-6	-8.3864E-6	-9.6727E-6	-1.0321E-5	-9.7628E-6	-9.4937E-6	-9.2374E-6	-7.7124E-6	-7.3805E-6	-6.1102E-6
1.5263E+1	-9.9089E-7	-2.1214E-6	-4.4900E-6	-9.4727E-6	-1.6886E-5	-2.7796E-5	-4.0436E-5	-4.3053E-5	-3.0027E-5	-1.6795E-6	3.2215E-5	6.5213E-5	9.3073E-5	1.1480E-4	1.1854E-4	9.2347E-5	6.1936E-5	4.7046E-5	3.5579E-5	2.1208E-5	1.5854E-6	-1.9325E-5	-3.9483E-5	-5.4719E-5	-6.2874E-5	-6.2455E-5	-5.7981E-5	-5.0898E-5	-4.1308E-5	-2.9582E-5	-1.6298E-5	-1.2908E-6	1.2374E-5	2.4181E-5	3.3331E-5	4.0126E-5	4.1827E-5	4.0761E-5	3.7528E-5	3.0004E-5	1.9612E-5	1.2295E-5	5.7037E-6	1.2694E-6	-1.1688E-6	-4.3643E-6	-5.2489E-6	-5.6765E-6	-7.2596E-6	-8.9596E-6	-8.4341E-6	-9.1053E-6	-9.3721E-6	-7.3218E-6	-7.4556E-6	-6.7017E-6
1.5301E+1	-1.4027E-6	-2.5217E-6	-4.3949E-6	-6.9502E-6	-1.4317E-5	-2.5465E-5	-3.8818E-5	-4.6312E-5	-3.7839E-5	-1.3247E-5	1.8346E-5	5.0278E-5	7.7654E-5	1.0118E-4	1.1529E-4	1.0995E-4	8.0995E-5	5.6230E-5	4.2272E-5	2.8069E-5	1.0204E-5	-1.0348E-5	-3.0335E-5	-4.6924E-5	-5.5892E-5	-5.8180E-5	-5.5650E-5	-5.0397E-5	-4.3060E-5	-3.2285E-5	-2.0942E-5	-6.5184E-6	6.0594E-6	1.8361E-5	2.7594E-5	3.5017E-5	3.8348E-5	3.8947E-5	3.7240E-5	3.2632E-5	2.4071E-5	1.5227E-5	9.4274E-6	4.4209E-6	1.4460E-6	-4.4227E-7	-2.8197E-6	-3.9642E-6	-4.2096E-6	-6.2594E-6	-7.3454E-6	-7.7046E-6	-8.8291E-6	-7.6692E-6	-7.5081E-6	-5.8214E-6
1.5338E+1	-1.3293E-6	-2.2863E-6	-3.7704E-6	-6.5816E-6	-1.2467E-5	-2.3257E-5	-3.6190E-5	-4.6720E-5	-4.3778E-5	-2.3408E-5	6.1783E-6	3.7068E-5	6.4124E-5	8.8949E-5	1.0672E-4	1.1377E-4	1.0021E-4	7.1116E-5	5.0529E-5	3.5324E-5	1.8352E-5	-1.6148E-6	-2.1972E-5	-3.9094E-5	-4.8862E-5	-5.2446E-5	-5.1244E-5	-4.7358E-5	-4.2807E-5	-3.3625E-5	-2.3536E-5	-1.0444E-5	2.1822E-6	1.2928E-5	2.2900E-5	3.0303E-5	3.3880E-5	3.6437E-5	3.6049E-5	3.1797E-5	2.5970E-5	1.9055E-5	1.2587E-5	8.4735E-6	3.6773E-6	1.9314E-6	9.1832E-7	-1.6742E-6	-2.5050E-6	-4.2405E-6	-5.9210E-6	-6.2474E-6	-7.5178E-6	-6.9955E-6	-7.2280E-6	-6.4131E-6
1.5376E+1	-2.6460E-6	-2.9510E-6	-3.4193E-6	-5.2843E-6	-1.1585E-5	-2.1779E-5	-3.3955E-5	-4.5140E-5	-4.5668E-5	-3.1913E-5	-4.2686E-6	2.4912E-5	5.0945E-5	7.4760E-5	9.5434E-5	1.0834E-4	1.0942E-4	8.9164E-5	6.1048E-5	4.2865E-5	2.5686E-5	6.8041E-6	-1.3204E-5	-3.0800E-5	-4.1449E-5	-4.6151E-5	-4.6514E-5	-4.4167E-5	-4.0199E-5	-3.3468E-5	-2.4842E-5	-1.3772E-5	-2.2824E-6	9.0356E-6	1.7857E-5	2.6181E-5	3.0487E-5	3.3212E-5	3.4273E-5	3.2232E-5	2.6115E-5	2.1278E-5	1.5481E-5	1.1114E-5	7.6362E-6	4.6004E-6	3.6793E-6	1.3255E-6	6.2946E-7	-1.3378E-6	-3.9122E-6	-5.1179E-6	-5.7428E-6	-7.5370E-6	-6.0620E-6	-6.4689E-6
1.5414E+1	-2.5236E-6	-2.9020E-6	-3.7682E-6	-5.0811E-6	-1.0676E-5	-2.0826E-5	-3.2736E-5	-4.4854E-5	-4.6917E-5	-3.6772E-5	-1.3787E-5	1.4341E-5	3.8774E-5	6.2784E-5	8.2656E-5	9.8905E-5	1.0640E-4	1.0211E-4	7.6427E-5	5.1083E-5	3.2654E-5	1.4744E-5	-4.6008E-6	-2.1557E-5	-3.3188E-5	-3.8401E-5	-3.9241E-5	-3.8790E-5	-3.7073E-5	-3.1507E-5	-2.4693E-5	-1.4981E-5	-5.5500E-6	4.3960E-6	1.3024E-5	2.0120E-5	2.6092E-5	2.9437E-5	3.0719E-5	3.0248E-5	2.6670E-5	2.1781E-5	1.7749E-5	1.3479E-5	1.0153E-5	7.6866E-6	6.9676E-6	4.3922E-6	2.7307E-6	1.2841E-6	-1.2412E-7	-2.7057E-6	-3.7862E-6	-5.0851E-6	-5.8133E-6	-4.8157E-6
1.5452E+1	-2.9856E-6	-2.3665E-6	-3.7542E-6	-4.1462E-6	-8.2832E-6	-1.8367E-5	-3.1175E-5	-4.2628E-5	-4.7611E-5	-3.9399E-5	-2.0701E-5	4.2859E-6	2.6880E-5	4.9609E-5	6.9573E-5	8.7336E-5	9.8007E-5	1.0160E-4	8.9295E-5	6.2377E-5	3.9091E-5	2.0625E-5	2.9555E-6	-1.2941E-5	-2.4345E-5	-3.0377E-5	-3.1661E-5	-3.1712E-5	-3.0606E-5	-2.7689E-5	-2.2581E-5	-1.5682E-5	-6.7253E-6	1.9705E-6	8.8391E-6	1.5451E-5	2.1242E-5	2.4616E-5	2.6824E-5	2.7012E-5	2.5148E-5	2.1938E-5	1.7691E-5	1.5289E-5	1.2615E-5	9.6746E-6	9.2800E-6	7.3117E-6	6.0279E-6	3.3772E-6	1.6581E-6	-2.4446E-7	-2.3994E-6	-3.3152E-6	-4.3083E-6	-4.0050E-6
1.5490E+1	-3.3240E-6	-3.5597E-6	-4.7079E-6	-5.7840E-6	-7.2597E-6	-1.4548E-5	-2.8782E-5	-4.1063E-5	-4.6296E-5	-4.0086E-5	-2.3388E-5	-3.3816E-6	1.7871E-5	3.8050E-5	5.6481E-5	7.3619E-5	8.7367E-5	9.4739E-5	9.2283E-5	7.3211E-5	4.7263E-5	2.7252E-5	9.1116E-6	-4.5916E-6	-1.5229E-5	-2.0790E-5	-2.3019E-5	-2.3369E-5	-2.4155E-5	-2.1619E-5	-1.8437E-5	-1.3260E-5	-7.3424E-6	2.5093E-7	5.9391E-6	1.1145E-5	1.6487E-5	1.9873E-5	2.1952E-5	2.3269E-5	2.2579E-5	2.0781E-5	1.7891E-5	1.5402E-5	1.4556E-5	1.2059E-5	1.1589E-5	9.7589E-6	8.3028E-6	6.8165E-6	4.4189E-6	2.1186E-6	-1.7384E-7	-7.6695E-7	-2.3063E-6	-2.7484E-6
1.5528E+1	-3.6693E-6	-3.9607E-6	-5.6020E-6	-6.0446E-6	-7.9795E-6	-1.2387E-5	-2.4312E-5	-3.8352E-5	-4.5193E-5	-4.0621E-5	-2.6222E-5	-8.3088E-6	9.3268E-6	2.8008E-5	4.4309E-5	6.0467E-5	7.3582E-5	8.3260E-5	8.5513E-5	7.7580E-5	5.4005E-5	3.2126E-5	1.4794E-5	1.9216E-6	-6.8791E-6	-1.1015E-5	-1.3701E-5	-1.3505E-5	-1.4665E-5	-1.4900E-5	-1.3591E-5	-1.0137E-5	-5.3251E-6	-1.5828E-7	4.1799E-6	8.8817E-6	1.1999E-5	1.5171E-5	1.7248E-5	1.8479E-5	1.9515E-5	1.8181E-5	1.6958E-5	1.5500E-5	1.4741E-5	1.3645E-5	1.2745E-5	1.2054E-5	1.0661E-5	8.6318E-6	6.4059E-6	4.4501E-6	2.4842E-6	8.7108E-7	-6.9195E-8	-1.0732E-6
1.5566E+1	-4.6640E-6	-5.4294E-6	-6.6587E-6	-7.2533E-6	-8.2795E-6	-1.1251E-5	-2.0027E-5	-3.2692E-5	-4.0605E-5	-3.7624E-5	-2.6657E-5	-1.1813E-5	3.9772E-6	1.8352E-5	3.2977E-5	4.7313E-5	6.0363E-5	7.0219E-5	7.3911E-5	7.1673E-5	5.8830E-5	3.6480E-5	1.8083E-5	6.9799E-6	-1.3783E-7	-2.4237E-6	-4.1007E-6	-4.4469E-6	-5.0678E-6	-5.6688E-6	-6.4116E-6	-5.5410E-6	-3.7538E-6	-9.2625E-8	3.0475E-6	6.1702E-6	8.4314E-6	1.0270E-5	1.2639E-5	1.3282E-5	1.5293E-5	1.5217E-5	1.4855E-5	1.4515E-5	1.4461E-5	1.4740E-5	1.3580E-5	1.2970E-5	1.1790E-5	1.0731E-5	8.2544E-6	5.9280E-6	4.8634E-6	3.2824E-6	1.2524E-6	2.5554E-7
1.5604E+1	-4.8844E-6	-5.9157E-6	-7.3607E-6	-8.0567E-6	-9.7316E-6	-1.2023E-5	-1.6799E-5	-2.7700E-5	-3.4507E-5	-3.3790E-5	-2.4648E-5	-1.2622E-5	4.3142E-7	1.1959E-5	2.2392E-5	3.5093E-5	4.5675E-5	5.5485E-5	6.1033E-5	6.0409E-5	5.4752E-5	4.1589E-5	2.2337E-5	1.1009E-5	5.6421E-6	4.7476E-6	4.6061E-6	5.1823E-6	4.6597E-6	2.8843E-6	1.1517E-6	1.1225E-6	3.6754E-7	1.2310E-6	2.5937E-6	4.2951E-6	4.9062E-6	6.3714E-6	7.5106E-6	9.0837E-6	1.0428E-5	1.2111E-5	1.2697E-5	1.3338E-5	1.3076E-5	1.4616E-5	1.4206E-5	1.4519E-5	1.2683E-5	1.1403E-5	1.0079E-5	8.2849E-6	6.3825E-6	4.7590E-6	3.0165E-6	1.3057E-6
1.5641E+1	-6.0982E-6	-6.8210E-6	-7.9369E-6	-9.1247E-6	-1.0577E-5	-1.2457E-5	-1.5723E-5	-2.1655E-5	-2.8408E-5	-2.7629E-5	-2.2239E-5	-1.2041E-5	-2.1686E-6	7.3528E-6	1.4398E-5	2.3908E-5	3.3334E-5	4.0550E-5	4.6691E-5	4.7910E-5	4.4763E-5	3.9949E-5	2.7537E-5	1.5440E-5	1.1177E-5	1.0839E-5	1.1587E-5	1.2718E-5	1.3000E-5	1.2162E-5	8.6815E-6	6.6294E-6	4.2634E-6	3.6222E-6	2.8833E-6	1.9082E-6	1.7977E-6	2.3992E-6	2.7957E-6	4.3519E-6	6.4180E-6	7.8795E-6	1.0281E-5	1.1873E-5	1.3206E-5	1.3711E-5	1.4249E-5	1.4994E-5	1.3878E-5	1.2812E-5	1.1011E-5	1.0384E-5	8.4312E-6	6.2807E-6	4.7085E-6	2.4244E-6
1.5679E+1	-6.3639E-6	-7.4339E-6	-9.2217E-6	-1.0609E-5	-1.2287E-5	-1.3437E-5	-1.5211E-5	-1.8520E-5	-2.1115E-5	-2.2860E-5	-1.7208E-5	-1.0730E-5	-3.2442E-6	3.1529E-6	8.3621E-6	1.3589E-5	2.0519E-5	2.6701E-5	3.2118E-5	3.4955E-5	3.4249E-5	3.2477E-5	2.9510E-5	2.0647E-5	1.6249E-5	1.7120E-5	1.8444E-5	1.9823E-5	1.9558E-5	1.8564E-5	1.6509E-5	1.2650E-5	8.7105E-6	5.5806E-6	3.6274E-6	4.6036E-7	-1.2907E-6	-1.7594E-6	-2.0157E-6	-8.4896E-7	2.3216E-6	4.4754E-6	6.6642E-6	9.2766E-6	1.2377E-5	1.3309E-5	1.4118E-5	1.5511E-5	1.4883E-5	1.4204E-5	1.2699E-5	1.1591E-5	1.0026E-5	7.1323E-6	6.4039E-6	4.3277E-6
1.5717E+1	-7.1666E-6	-8.0925E-6	-9.0316E-6	-1.2524E-5	-1.2839E-5	-1.4360E-5	-1.4390E-5	-1.5777E-5	-1.6120E-5	-1.5846E-5	-1.3614E-5	-7.9954E-6	-3.7706E-6	8.0126E-7	3.4192E-6	6.3221E-6	9.6158E-6	1.3251E-5	1.8240E-5	2.0858E-5	2.3633E-5	2.4358E-5	2.6003E-5	2.4913E-5	2.1379E-5	2.2104E-5	2.4564E-5	2.5872E-5	2.6053E-5	2.4566E-5	2.1676E-5	1.8044E-5	1.3068E-5	8.3074E-6	4.1187E-6	-1.3105E-7	-3.0095E-6	-5.5437E-6	-5.7654E-6	-5.8370E-6	-2.8128E-6	9.5829E-7	4.0072E-6	6.4417E-6	1.0824E-5	1.2213E-5	1.3822E-5	1.4413E-5	1.5560E-5	1.5629E-5	1.4388E-5	1.3022E-5	1.1341E-5	8.9454E-6	7.1908E-6	5.7770E-6
1.5755E+1	-8.3903E-6	-1.0079E-5	-1.0866E-5	-1.3505E-5	-1.5178E-5	-1.5875E-5	-1.5596E-5	-1.4165E-5	-1.3011E-5	-1.1129E-5	-8.9226E-6	-6.3910E-6	-3.4456E-6	-1.7715E-6	-6.6513E-7	-9.1700E-7	6.8653E-7	1.8483E-6	5.2885E-6	8.3147E-6	1.1422E-5	1.6310E-5	2.1493E-5	2.4958E-5	2.6679E-5	2.7231E-5	2.9307E-5	3.0737E-5	3.0119E-5	2.9631E-5	2.6040E-5	2.1586E-5	1.6550E-5	1.0178E-5	4.5789E-6	-1.0622E-6	-4.7523E-6	-8.5885E-6	-1.0020E-5	-9.2059E-6	-7.6666E-6	-2.9434E-6	9.5878E-7	4.7971E-6	8.3131E-6	1.1371E-5	1.3411E-5	1.4583E-5	1.5000E-5	1.5978E-5	1.5243E-5	1.4138E-5	1.1897E-5	1.0176E-5	8.7066E-6	6.6454E-6
1.5793E+1	-8.7472E-6	-1.0237E-5	-1.1643E-5	-1.4234E-5	-1.5392E-5	-1.7512E-5	-1.6390E-5	-1.4377E-5	-1.1248E-5	-7.3437E-6	-6.0550E-6	-4.8373E-6	-3.1270E-6	-3.2616E-6	-4.5879E-6	-6.7553E-6	-8.1406E-6	-7.7227E-6	-6.1036E-6	-3.4938E-6	7.4242E-7	6.5409E-6	1.5626E-5	2.3251E-5	2.9496E-5	3.3011E-5	3.3679E-5	3.4430E-5	3.4293E-5	3.2681E-5	2.9915E-5	2.4073E-5	1.8667E-5	1.1959E-5	4.7342E-6	-1.4445E-6	-6.9926E-6	-1.0880E-5	-1.3948E-5	-1.3658E-5	-1.1896E-5	-7.4219E-6	-2.4257E-6	2.2302E-6	6.2069E-6	9.2541E-6	1.2246E-5	1.3406E-5	1.5712E-5	1.5864E-5	1.5850E-5	1.4539E-5	1.3511E-5	1.1153E-5	1.0081E-5	7.8872E-6
1.5831E+1	-8.8101E-6	-1.0614E-5	-1.2206E-5	-1.4223E-5	-1.6258E-5	-1.8868E-5	-1.8307E-5	-1.5112E-5	-1.1307E-5	-6.1898E-6	-4.0030E-6	-4.4756E-6	-4.0570E-6	-4.8183E-6	-8.0588E-6	-1.2135E-5	-1.5415E-5	-1.7210E-5	-1.6393E-5	-1.4457E-5	-9.6838E-6	-1.9572E-6	8.5634E-6	1.9005E-5	2.9755E-5	3.6490E-5	3.8515E-5	3.7256E-5	3.7227E-5	3.5406E-5	3.2207E-5	2.6746E-5	1.9767E-5	1.3470E-5	5.1003E-6	-2.2637E-6	-8.6782E-6	-1.3489E-5	-1.7048E-5	-1.7645E-5	-1.5905E-5	-1.1224E-5	-6.0156E-6	-8.9745E-7	3.0174E-6	7.0936E-6	9.9218E-6	1.2142E-5	1.3812E-5	1.5158E-5	1.5333E-5	1.4419E-5	1.3687E-5	1.2636E-5	1.1143E-5	9.0818E-6
1.5869E+1	-8.9030E-6	-1.0289E-5	-1.1297E-5	-1.3508E-5	-1.5787E-5	-1.9272E-5	-1.9805E-5	-1.7009E-5	-1.1688E-5	-6.4735E-6	-4.1058E-6	-3.7833E-6	-5.7468E-6	-7.7357E-6	-1.1695E-5	-1.7425E-5	-2.2010E-5	-2.5060E-5	-2.6496E-5	-2.5624E-5	-2.0611E-5	-1.2240E-5	8.2506E-7	1.4197E-5	2.7701E-5	3.7463E-5	4.1482E-5	4.1025E-5	3.9999E-5	3.7656E-5	3.4216E-5	2.8600E-5	2.1609E-5	1.4353E-5	6.3494E-6	-2.2346E-6	-1.0019E-5	-1.5549E-5	-2.0561E-5	-2.1693E-5	-2.0772E-5	-1.5754E-5	-9.9074E-6	-4.9840E-6	-3.0208E-7	3.7785E-6	6.8402E-6	1.0013E-5	1.2171E-5	1.3386E-5	1.4487E-5	1.3903E-5	1.3767E-5	1.2004E-5	1.1414E-5	9.9661E-6
1.5906E+1	-7.5911E-6	-9.6136E-6	-1.0913E-5	-1.1226E-5	-1.4403E-5	-1.8357E-5	-1.9916E-5	-1.8606E-5	-1.2107E-5	-7.1263E-6	-4.6595E-6	-4.1327E-6	-6.2112E-6	-1.0163E-5	-1.4876E-5	-2.1617E-5	-2.8296E-5	-3.2464E-5	-3.4873E-5	-3.5902E-5	-3.1436E-5	-2.2556E-5	-9.3034E-6	6.7277E-6	2.3655E-5	3.5818E-5	4.3153E-5	4.3936E-5	4.2380E-5	3.9803E-5	3.5631E-5	2.9869E-5	2.3509E-5	1.5493E-5	6.7397E-6	-2.3434E-6	-1.0275E-5	-1.7720E-5	-2.3416E-5	-2.5706E-5	-2.4596E-5	-2.1072E-5	-1.4285E-5	-1.0037E-5	-4.9324E-6	-5.3771E-7	2.4891E-6	6.9214E-6	8.9571E-6	1.0880E-5	1.2709E-5	1.2957E-5	1.3797E-5	1.2432E-5	1.0452E-5	1.0274E-5
1.5944E+1	-6.5549E-6	-7.6772E-6	-8.7447E-6	-1.0059E-5	-1.0067E-5	-1.5280E-5	-1.8399E-5	-1.8525E-5	-1.3028E-5	-6.7446E-6	-4.5297E-6	-4.5324E-6	-7.6094E-6	-1.1694E-5	-1.8062E-5	-2.4559E-5	-3.2981E-5	-3.9103E-5	-4.2754E-5	-4.4841E-5	-4.2416E-5	-3.3111E-5	-1.8969E-5	-1.4700E-6	1.7358E-5	3.2536E-5	4.2413E-5	4.7962E-5	4.5845E-5	4.2472E-5	3.8834E-5	3.1989E-5	2.6299E-5	1.7642E-5	8.9177E-6	-1.2148E-6	-1.0056E-5	-1.8327E-5	-2.5866E-5	-2.9754E-5	-2.9903E-5	-2.6413E-5	-2.0636E-5	-1.4961E-5	-9.8374E-6	-5.5478E-6	-2.6667E-6	2.0077E-6	5.1453E-6	7.5830E-6	9.8948E-6	1.0797E-5	1.1564E-5	1.1232E-5	1.0397E-5	9.9401E-6
1.5982E+1	-4.3846E-6	-6.6887E-6	-7.2855E-6	-7.3939E-6	-7.1189E-6	-7.8727E-6	-1.4704E-5	-1.5613E-5	-1.2438E-5	-6.4492E-6	-2.8571E-6	-3.0813E-6	-7.3259E-6	-1.2100E-5	-1.9637E-5	-2.7446E-5	-3.6744E-5	-4.4951E-5	-5.0499E-5	-5.2991E-5	-5.2763E-5	-4.4948E-5	-3.0679E-5	-1.1893E-5	9.0219E-6	2.7130E-5	3.9629E-5	4.7909E-5	4.9803E-5	4.5984E-5	4.1476E-5	3.5530E-5	2.9264E-5	2.1259E-5	1.1089E-5	1.2844E-6	-8.4335E-6	-1.7816E-5	-2.5863E-5	-3.1446E-5	-3.3037E-5	-3.1359E-5	-2.6610E-5	-2.1692E-5	-1.5358E-5	-1.0954E-5	-7.4347E-6	-3.3438E-6	-7.2037E-8	3.5905E-6	6.0727E-6	8.5676E-6	8.8196E-6	8.9513E-6	7.9570E-6	9.0370E-6
1.6020E+1	-2.1346E-6	-3.3352E-6	-5.9643E-6	-5.9751E-6	-4.1804E-6	-2.0887E-6	-6.3367E-6	-1.1024E-5	-9.2172E-6	-4.6533E-6	-4.7323E-7	-8.7085E-7	-4.7822E-6	-1.0846E-5	-1.8605E-5	-2.8126E-5	-3.8197E-5	-4.8099E-5	-5.6192E-5	-6.0557E-5	-6.0779E-5	-5.5305E-5	-4.1581E-5	-2.2679E-5	-1.0818E-6	1.9817E-5	3.5617E-5	4.6225E-5	5.0336E-5	5.0624E-5	4.5887E-5	3.9164E-5	3.2505E-5	2.4848E-5	1.5427E-5	4.3024E-6	-6.2288E-6	-1.6168E-5	-2.5306E-5	-3.2468E-5	-3.5749E-5	-3.4877E-5	-3.1335E-5	-2.6651E-5	-2.1536E-5	-1.6571E-5	-1.2849E-5	-8.6923E-6	-5.3649E-6	-7.7952E-7	1.4991E-6	4.6587E-6	5.2222E-6	6.2080E-6	6.6265E-6	6.3566E-6
1.6058E+1	1.2949E-6	-1.0154E-6	-1.9406E-6	-4.0164E-6	-1.3252E-6	2.2887E-6	2.7874E-6	-1.9685E-6	-3.9209E-6	-8.3451E-7	2.8918E-6	3.0502E-6	-1.1445E-6	-7.9114E-6	-1.6560E-5	-2.6937E-5	-3.9075E-5	-4.9722E-5	-5.9875E-5	-6.6648E-5	-6.8650E-5	-6.4492E-5	-5.2877E-5	-3.3747E-5	-1.1736E-5	1.0541E-5	2.9159E-5	4.2702E-5	4.9673E-5	5.2703E-5	5.0414E-5	4.4743E-5	3.6902E-5	2.9758E-5	1.9766E-5	9.6143E-6	-2.0866E-6	-1.3123E-5	-2.2567E-5	-3.1064E-5	-3.5850E-5	-3.7644E-5	-3.4932E-5	-3.0705E-5	-2.6428E-5	-2.1874E-5	-1.7749E-5	-1.4286E-5	-1.0504E-5	-6.4453E-6	-2.7507E-6	5.9334E-7	2.0811E-6	2.4489E-6	3.8764E-6	4.3667E-6
1.6096E+1	4.0913E-6	2.2743E-6	8.3050E-7	-6.7876E-7	4.0883E-7	4.9804E-6	9.2160E-6	1.0261E-5	4.8113E-6	6.3637E-6	8.0009E-6	8.7928E-6	5.1293E-6	-2.5898E-6	-1.2690E-5	-2.3415E-5	-3.6546E-5	-4.9725E-5	-6.1681E-5	-7.0875E-5	-7.4299E-5	-7.2188E-5	-6.2432E-5	-4.4633E-5	-2.2327E-5	6.3529E-7	2.0824E-5	3.6151E-5	4.6192E-5	5.3326E-5	5.3470E-5	4.8590E-5	4.1572E-5	3.4320E-5	2.5879E-5	1.5001E-5	4.2732E-6	-8.0955E-6	-1.9109E-5	-2.8589E-5	-3.5109E-5	-3.7527E-5	-3.7274E-5	-3.3610E-5	-3.0372E-5	-2.5970E-5	-2.2530E-5	-1.9153E-5	-1.5143E-5	-1.1315E-5	-8.4485E-6	-4.5372E-6	-1.6987E-6	1.6732E-7	9.1566E-7	1.2988E-6
1.6134E+1	5.4626E-6	4.6450E-6	3.1272E-6	2.5483E-6	2.6871E-6	6.3549E-6	1.2370E-5	1.8896E-5	1.7070E-5	1.4303E-5	1.6011E-5	1.4985E-5	1.2357E-5	4.8630E-6	-6.0639E-6	-1.8914E-5	-3.1949E-5	-4.6386E-5	-6.0782E-5	-7.2976E-5	-7.8748E-5	-7.8001E-5	-7.0019E-5	-5.4306E-5	-3.1890E-5	-8.7482E-6	1.2659E-5	2.9357E-5	4.1673E-5	5.0249E-5	5.4953E-5	5.2568E-5	4.5644E-5	3.8713E-5	2.9877E-5	2.1015E-5	9.7085E-6	-1.2382E-6	-1.3916E-5	-2.3676E-5	-3.2128E-5	-3.6513E-5	-3.6964E-5	-3.5036E-5	-3.3168E-5	-2.8996E-5	-2.5887E-5	-2.3439E-5	-1.9575E-5	-1.5565E-5	-1.1922E-5	-9.5598E-6	-5.6286E-6	-4.0593E-6	-1.6190E-6	-1.3043E-6
1.6171E+1	7.7523E-6	6.5501E-6	5.3060E-6	3.9276E-6	4.5320E-6	6.4358E-6	1.4596E-5	2.3278E-5	2.7271E-5	2.5287E-5	2.4461E-5	2.3871E-5	1.9984E-5	1.3288E-5	2.8046E-6	-1.0691E-5	-2.5621E-5	-4.0874E-5	-5.6203E-5	-7.0835E-5	-7.9774E-5	-8.2164E-5	-7.5686E-5	-6.1379E-5	-4.1006E-5	-1.7731E-5	3.5060E-6	2.1761E-5	3.5933E-5	4.7024E-5	5.2319E-5	5.4982E-5	5.0478E-5	4.3986E-5	3.5817E-5	2.7045E-5	1.6389E-5	4.8796E-6	-7.2229E-6	-1.9052E-5	-2.7237E-5	-3.3224E-5	-3.5897E-5	-3.5157E-5	-3.3550E-5	-3.1413E-5	-2.8301E-5	-2.6157E-5	-2.3064E-5	-2.0195E-5	-1.5322E-5	-1.3072E-5	-8.7655E-6	-7.2045E-6	-5.3951E-6	-4.4665E-6
1.6209E+1	8.6793E-6	7.7849E-6	7.2142E-6	5.8284E-6	5.8839E-6	6.9660E-6	1.4038E-5	2.4898E-5	3.2877E-5	3.4418E-5	3.3332E-5	3.1449E-5	2.7873E-5	2.1216E-5	1.1294E-5	-1.8162E-6	-1.6772E-5	-3.4047E-5	-5.0271E-5	-6.6347E-5	-7.7580E-5	-8.2331E-5	-7.9435E-5	-6.6432E-5	-4.7189E-5	-2.5408E-5	-4.8295E-6	1.4771E-5	2.9574E-5	4.1634E-5	4.9183E-5	5.2501E-5	5.2909E-5	4.7732E-5	4.0657E-5	3.2948E-5	2.3318E-5	1.1930E-5	1.0191E-6	-1.1725E-5	-2.1553E-5	-2.8182E-5	-3.1445E-5	-3.3723E-5	-3.3002E-5	-3.1199E-5	-2.9831E-5	-2.7598E-5	-2.4829E-5	-2.2559E-5	-1.9185E-5	-1.5529E-5	-1.1602E-5	-1.0052E-5	-7.3512E-6	-6.6957E-6
1.6247E+1	9.4605E-6	8.9478E-6	7.9098E-6	6.7255E-6	5.9250E-6	8.2673E-6	1.3880E-5	2.4179E-5	3.5768E-5	4.1702E-5	4.1952E-5	3.9947E-5	3.5763E-5	2.9460E-5	1.9797E-5	6.7834E-6	-8.2105E-6	-2.5752E-5	-4.2917E-5	-6.0041E-5	-7.3923E-5	-8.0540E-5	-7.9862E-5	-6.9295E-5	-5.2556E-5	-3.1294E-5	-1.2807E-5	6.9095E-6	2.3357E-5	3.6451E-5	4.5317E-5	5.0709E-5	5.2131E-5	5.0138E-5	4.4534E-5	3.7195E-5	2.8939E-5	1.8131E-5	7.6314E-6	-4.1217E-6	-1.5040E-5	-2.2934E-5	-2.7895E-5	-2.9534E-5	-3.0999E-5	-3.0257E-5	-2.9770E-5	-2.8483E-5	-2.6413E-5	-2.3587E-5	-2.1290E-5	-1.8436E-5	-1.4055E-5	-1.2436E-5	-1.0373E-5	-8.1724E-6
1.6285E+1	9.8973E-6	9.8946E-6	9.1775E-6	8.3631E-6	6.6011E-6	8.5227E-6	1.3711E-5	2.2591E-5	3.5529E-5	4.4828E-5	4.8656E-5	4.6723E-5	4.3356E-5	3.7657E-5	2.8579E-5	1.6840E-5	1.6697E-6	-1.6378E-5	-3.4602E-5	-5.1854E-5	-6.7826E-5	-7.6393E-5	-7.8232E-5	-6.9759E-5	-5.4990E-5	-3.6166E-5	-1.7471E-5	1.2918E-7	1.6302E-5	2.9888E-5	4.0322E-5	4.7094E-5	5.1322E-5	5.0415E-5	4.7360E-5	4.1300E-5	3.3742E-5	2.5368E-5	1.5048E-5	3.8843E-6	-7.3299E-6	-1.5960E-5	-2.2210E-5	-2.6133E-5	-2.6996E-5	-2.7995E-5	-2.7850E-5	-2.7572E-5	-2.6571E-5	-2.4044E-5	-2.2367E-5	-1.9314E-5	-1.6924E-5	-1.4292E-5	-1.1928E-5	-1.0456E-5
1.6323E+1	9.9832E-6	9.5970E-6	9.1856E-6	8.1554E-6	7.1821E-6	9.1673E-6	1.3873E-5	2.2130E-5	3.5172E-5	4.6018E-5	5.2433E-5	5.3054E-5	4.9135E-5	4.4069E-5	3.4944E-5	2.4302E-5	1.0293E-5	-6.6555E-6	-2.5443E-5	-4.3754E-5	-6.0235E-5	-7.1540E-5	-7.3808E-5	-6.8853E-5	-5.5824E-5	-3.9531E-5	-2.1635E-5	-4.5180E-6	1.1272E-5	2.5146E-5	3.5839E-5	4.3711E-5	4.8239E-5	5.0075E-5	4.8217E-5	4.4204E-5	3.7603E-5	3.0407E-5	2.1384E-5	1.0913E-5	2.1655E-7	-9.4634E-6	-1.6208E-5	-2.0698E-5	-2.3245E-5	-2.4519E-5	-2.6188E-5	-2.5482E-5	-2.5731E-5	-2.3461E-5	-2.1876E-5	-1.9891E-5	-1.7484E-5	-1.5721E-5	-1.3543E-5	-1.1321E-5
1.6361E+1	1.0229E-5	9.4413E-6	8.7197E-6	8.1259E-6	6.3372E-6	8.1483E-6	1.2889E-5	2.1883E-5	3.3890E-5	4.6347E-5	5.3894E-5	5.6350E-5	5.4587E-5	5.0082E-5	4.1801E-5	3.0959E-5	1.7132E-5	8.7453E-7	-1.7139E-5	-3.6111E-5	-5.2641E-5	-6.5377E-5	-6.9963E-5	-6.5487E-5	-5.4848E-5	-4.0346E-5	-2.4221E-5	-8.7723E-6	5.8623E-6	1.9986E-5	3.1742E-5	4.0289E-5	4.6061E-5	4.8306E-5	4.8736E-5	4.6400E-5	4.1269E-5	3.5412E-5	2.7362E-5	1.7072E-5	6.8462E-6	-2.1681E-6	-1.0450E-5	-1.5450E-5	-1.8705E-5	-2.0667E-5	-2.2369E-5	-2.4204E-5	-2.3496E-5	-2.3428E-5	-2.1537E-5	-1.9051E-5	-1.8401E-5	-1.5540E-5	-1.4085E-5	-1.2384E-5
1.6399E+1	8.5545E-6	9.5015E-6	8.2392E-6	7.8359E-6	6.2779E-6	7.2430E-6	1.1120E-5	2.1606E-5	3.3103E-5	4.5401E-5	5.4854E-5	5.7802E-5	5.6638E-5	5.3022E-5	4.6466E-5	3.7299E-5	2.3242E-5	8.1894E-6	-9.6736E-6	-2.8831E-5	-4.5633E-5	-5.8155E-5	-6.4744E-5	-6.2368E-5	-5.2697E-5	-3.9656E-5	-2.4895E-5	-1.0663E-5	2.3761E-6	1.5180E-5	2.7129E-5	3.6355E-5	4.2346E-5	4.6173E-5	4.7094E-5	4.7159E-5	4.4436E-5	3.8500E-5	3.2200E-5	2.3360E-5	1.2320E-5	3.7909E-6	-4.2732E-6	-1.0474E-5	-1.4104E-5	-1.7228E-5	-1.8887E-5	-2.0518E-5	-2.1665E-5	-2.1073E-5	-2.1325E-5	-1.9121E-5	-1.7321E-5	-1.5801E-5	-1.3860E-5	-1.2737E-5
1.6437E+1	7.1183E-6	6.5510E-6	7.2379E-6	6.7042E-6	5.9672E-6	6.5179E-6	9.8464E-6	1.9623E-5	3.2445E-5	4.4141E-5	5.4027E-5	5.8334E-5	5.8266E-5	5.4775E-5	4.8289E-5	4.0452E-5	2.8076E-5	1.2967E-5	-3.5160E-6	-2.2320E-5	-3.9412E-5	-5.1395E-5	-5.8031E-5	-5.6699E-5	-4.9019E-5	-3.7097E-5	-2.4308E-5	-1.1587E-5	4.8902E-7	1.1966E-5	2.3217E-5	3.1743E-5	3.9310E-5	4.3039E-5	4.5640E-5	4.5273E-5	4.5406E-5	4.1329E-5	3.4839E-5	2.7701E-5	1.8209E-5	8.9426E-6	1.4227E-6	-4.9472E-6	-9.9086E-6	-1.2877E-5	-1.5779E-5	-1.7869E-5	-1.8202E-5	-1.9603E-5	-1.8584E-5	-1.8845E-5	-1.7553E-5	-1.4842E-5	-1.3276E-5	-1.2600E-5
1.6474E+1	6.4627E-6	5.7765E-6	5.4054E-6	5.1526E-6	4.4883E-6	5.3897E-6	8.9850E-6	1.7721E-5	3.0652E-5	4.3181E-5	5.2702E-5	5.6963E-5	5.8016E-5	5.5188E-5	4.9923E-5	4.1339E-5	2.9731E-5	1.6904E-5	3.9510E-8	-1.6962E-5	-3.3759E-5	-4.5809E-5	-5.2297E-5	-5.1013E-5	-4.4150E-5	-3.3502E-5	-2.1715E-5	-1.0589E-5	-2.9774E-7	9.9166E-6	2.0832E-5	2.8333E-5	3.5149E-5	4.0042E-5	4.3059E-5	4.4271E-5	4.4050E-5	4.2206E-5	3.7049E-5	2.9855E-5	2.1136E-5	1.3091E-5	4.4770E-6	-6.2146E-7	-5.6217E-6	-9.1737E-6	-1.2172E-5	-1.4515E-5	-1.5892E-5	-1.6923E-5	-1.7146E-5	-1.6319E-5	-1.6698E-5	-1.4648E-5	-1.3007E-5	-1.2249E-5
1.6512E+1	4.8530E-6	4.5619E-6	5.2391E-6	4.3120E-6	4.3396E-6	4.2685E-6	7.9575E-6	1.6005E-5	2.8463E-5	4.0902E-5	5.1113E-5	5.5352E-5	5.6735E-5	5.5216E-5	4.9671E-5	4.3133E-5	3.0773E-5	1.8095E-5	3.0113E-6	-1.3333E-5	-2.8714E-5	-3.9671E-5	-4.5939E-5	-4.4804E-5	-3.8870E-5	-2.9493E-5	-1.9379E-5	-9.0032E-6	1.4956E-7	8.5359E-6	1.7878E-5	2.5807E-5	3.2541E-5	3.7233E-5	4.0126E-5	4.2274E-5	4.2659E-5	4.2201E-5	3.8670E-5	3.2906E-5	2.4266E-5	1.6692E-5	8.3372E-6	1.8211E-6	-2.4860E-6	-5.8417E-6	-9.2019E-6	-1.1795E-5	-1.2679E-5	-1.5005E-5	-1.4767E-5	-1.5271E-5	-1.5039E-5	-1.4013E-5	-1.1992E-5	-1.2830E-5
1.6550E+1	4.0345E-6	3.2763E-6	3.7908E-6	3.4560E-6	3.4994E-6	4.3675E-6	7.1475E-6	1.5131E-5	2.6760E-5	3.9087E-5	4.8108E-5	5.3198E-5	5.3278E-5	5.2922E-5	4.8763E-5	4.1344E-5	3.1974E-5	1.9102E-5	4.2123E-6	-1.0213E-5	-2.4834E-5	-3.4617E-5	-3.9693E-5	-3.8916E-5	-3.2645E-5	-2.4488E-5	-1.5158E-5	-6.9205E-6	9.1731E-7	8.3413E-6	1.5783E-5	2.3209E-5	2.8706E-5	3.4286E-5	3.7292E-5	3.9933E-5	4.0710E-5	4.0504E-5	3.9089E-5	3.3716E-5	2.6848E-5	1.8863E-5	1.1950E-5	4.7239E-6	7.8558E-7	-3.2513E-6	-5.8613E-6	-9.1601E-6	-1.0446E-5	-1.2036E-5	-1.3101E-5	-1.2833E-5	-1.3088E-5	-1.3021E-5	-1.1421E-5	-1.0965E-5
1.6588E+1	2.2828E-6	3.0227E-6	2.1057E-6	2.4805E-6	2.6223E-6	3.8227E-6	6.6991E-6	1.4139E-5	2.5285E-5	3.7113E-5	4.6213E-5	5.0943E-5	5.1370E-5	4.9543E-5	4.6494E-5	3.9856E-5	3.0676E-5	1.9248E-5	5.3928E-6	-8.3689E-6	-2.1091E-5	-3.0209E-5	-3.3478E-5	-3.3303E-5	-2.7693E-5	-1.9384E-5	-1.1372E-5	-3.3957E-6	2.2307E-6	8.6466E-6	1.4097E-5	2.1503E-5	2.6805E-5	3.0593E-5	3.4156E-5	3.6660E-5	3.9056E-5	3.8336E-5	3.8656E-5	3.4620E-5	2.8454E-5	2.0749E-5	1.4209E-5	7.5649E-6	2.4876E-6	-7.5776E-7	-3.5886E-6	-6.5198E-6	-9.0878E-6	-9.6060E-6	-1.1408E-5	-1.1765E-5	-1.1509E-5	-1.1518E-5	-1.0751E-5	-1.0013E-5
1.6626E+1	6.8699E-7	1.9666E-6	1.3967E-6	6.3785E-7	1.5182E-6	2.5477E-6	6.2918E-6	1.2822E-5	2.3500E-5	3.4569E-5	4.2519E-5	4.7673E-5	4.7764E-5	4.6264E-5	4.3107E-5	3.6972E-5	2.9915E-5	1.8956E-5	6.3093E-6	-5.9826E-6	-1.7107E-5	-2.5550E-5	-2.8652E-5	-2.6810E-5	-2.2906E-5	-1.5097E-5	-7.8211E-6	-1.0111E-6	4.1503E-6	8.8082E-6	1.4169E-5	1.9210E-5	2.4490E-5	2.8162E-5	3.1925E-5	3.3581E-5	3.6913E-5	3.6803E-5	3.6516E-5	3.4565E-5	2.9253E-5	2.2717E-5	1.5639E-5	1.0382E-5	5.5265E-6	9.2197E-7	-1.2890E-6	-3.6556E-6	-7.0703E-6	-8.1009E-6	-9.7236E-6	-1.0067E-5	-1.0178E-5	-1.0563E-5	-1.0005E-5	-9.0071E-6
1.6664E+1	-1.6724E-7	5.9498E-7	-1.4595E-7	2.6441E-8	2.5099E-7	2.0092E-6	5.1587E-6	1.2761E-5	2.1407E-5	3.2504E-5	3.9634E-5	4.4240E-5	4.4540E-5	4.3055E-5	3.9551E-5	3.4053E-5	2.7057E-5	1.8413E-5	6.4541E-6	-4.5620E-6	-1.3634E-5	-2.0315E-5	-2.3631E-5	-2.2037E-5	-1.7060E-5	-1.0813E-5	-4.7834E-6	2.6964E-7	5.1502E-6	8.5160E-6	1.3161E-5	1.8629E-5	2.2204E-5	2.5606E-5	2.8897E-5	3.1566E-5	3.3906E-5	3.5665E-5	3.5490E-5	3.4034E-5	2.9504E-5	2.4170E-5	1.7916E-5	1.1621E-5	7.5541E-6	3.5582E-6	6.1498E-7	-1.8157E-6	-4.0867E-6	-5.5134E-6	-8.0515E-6	-8.5084E-6	-8.9052E-6	-9.2129E-6	-8.7968E-6	-8.0564E-6
1.6702E+1	-1.0217E-6	-3.1809E-7	-1.5007E-6	-1.9334E-6	-1.3619E-6	5.4569E-7	3.6644E-6	1.0738E-5	2.0201E-5	2.9097E-5	3.6287E-5	4.0098E-5	4.0637E-5	3.9185E-5	3.6882E-5	3.1962E-5	2.5733E-5	1.7334E-5	7.6667E-6	-3.1701E-6	-1.0498E-5	-1.6352E-5	-1.8011E-5	-1.6909E-5	-1.3028E-5	-6.7533E-6	-1.3344E-6	2.4393E-6	5.8853E-6	9.1670E-6	1.2030E-5	1.6806E-5	2.0123E-5	2.3977E-5	2.6800E-5	2.8630E-5	3.1735E-5	3.3031E-5	3.4078E-5	3.3457E-5	2.9864E-5	2.4891E-5	2.0071E-5	1.4721E-5	9.5022E-6	5.7265E-6	3.2278E-6	7.9234E-7	-2.2384E-6	-2.9769E-6	-5.5271E-6	-6.1236E-6	-6.7572E-6	-7.3777E-6	-7.5328E-6	-6.2813E-6
1.6739E+1	-2.3400E-6	-2.2371E-6	-2.9803E-6	-2.8555E-6	-2.8793E-6	-8.7214E-7	2.1378E-6	8.0987E-6	1.7318E-5	2.5895E-5	3.3079E-5	3.6020E-5	3.7289E-5	3.5789E-5	3.2208E-5	2.9481E-5	2.3699E-5	1.6422E-5	7.5972E-6	-1.0707E-6	-8.5469E-6	-1.3188E-5	-1.4844E-5	-1.2270E-5	-8.6073E-6	-3.9548E-6	-1.1670E-7	3.8387E-6	5.7918E-6	9.2088E-6	1.1904E-5	1.5541E-5	1.7690E-5	2.1258E-5	2.4225E-5	2.6558E-5	2.8215E-5	3.1264E-5	3.1912E-5	3.1999E-5	2.9669E-5	2.5630E-5	2.0740E-5	1.6829E-5	1.2195E-5	8.5120E-6	5.4527E-6	3.3538E-6	1.0427E-6	-7.1350E-7	-3.3009E-6	-4.3300E-6	-5.4062E-6	-5.4338E-6	-5.9870E-6	-6.2156E-6
1.6777E+1	-3.0873E-6	-3.9962E-6	-5.1119E-6	-5.5053E-6	-4.3552E-6	-2.9376E-6	4.8121E-7	5.6958E-6	1.4077E-5	2.1759E-5	2.9003E-5	3.2314E-5	3.2954E-5	3.3078E-5	3.0187E-5	2.6743E-5	2.2541E-5	1.5686E-5	8.1907E-6	4.2207E-7	-5.4291E-6	-1.0122E-5	-1.1428E-5	-9.6478E-6	-6.0235E-6	-1.1176E-6	2.2714E-6	5.2277E-6	7.2323E-6	8.1867E-6	1.1295E-5	1.4369E-5	1.7098E-5	1.9578E-5	2.2039E-5	2.4095E-5	2.6364E-5	2.7908E-5	3.0842E-5	3.0245E-5	2.9263E-5	2.6023E-5	2.1963E-5	1.7908E-5	1.4009E-5	1.1189E-5	8.3679E-6	5.5015E-6	3.4977E-6	2.3905E-6	-4.2268E-7	-1.9043E-6	-2.5726E-6	-3.7958E-6	-3.6532E-6	-4.4400E-6
1.6815E+1	-3.8308E-6	-4.7310E-6	-6.4008E-6	-6.9136E-6	-6.9929E-6	-4.9299E-6	-1.7003E-6	3.4305E-6	1.0793E-5	1.7889E-5	2.4522E-5	2.7746E-5	2.9789E-5	2.8030E-5	2.6626E-5	2.3520E-5	1.9922E-5	1.4209E-5	7.8513E-6	1.0721E-6	-4.1294E-6	-7.2174E-6	-8.5087E-6	-7.3951E-6	-3.4316E-6	-1.2019E-6	2.9854E-6	5.0354E-6	7.6956E-6	8.7392E-6	1.0579E-5	1.2022E-5	1.4938E-5	1.7617E-5	1.9813E-5	2.1918E-5	2.4256E-5	2.6248E-5	2.8120E-5	2.9539E-5	2.8149E-5	2.6712E-5	2.2658E-5	2.0052E-5	1.5896E-5	1.3305E-5	1.1204E-5	8.1808E-6	5.6351E-6	4.2950E-6	2.5087E-6	-1.5901E-7	-7.9678E-7	-1.7884E-6	-2.5844E-6	-2.5765E-6
1.6853E+1	-5.4342E-6	-5.1909E-6	-7.1897E-6	-8.0735E-6	-7.8952E-6	-7.5544E-6	-4.0801E-6	1.1175E-6	7.6477E-6	1.4911E-5	2.0941E-5	2.3149E-5	2.5948E-5	2.5543E-5	2.3760E-5	2.1036E-5	1.7443E-5	1.2425E-5	7.4402E-6	1.3479E-6	-3.3431E-6	-5.3712E-6	-5.3638E-6	-5.4956E-6	-2.1808E-6	1.1442E-6	3.0638E-6	6.1119E-6	6.8676E-6	8.2183E-6	1.0170E-5	1.1731E-5	1.2590E-5	1.5193E-5	1.6436E-5	1.9005E-5	2.0999E-5	2.3913E-5	2.5116E-5	2.7331E-5	2.6349E-5	2.5866E-5	2.3019E-5	2.0045E-5	1.7748E-5	1.5154E-5	1.2785E-5	1.0958E-5	8.2538E-6	6.0686E-6	4.5298E-6	2.8464E-6	1.5313E-6	4.1920E-7	-8.3540E-7	-1.4618E-6
1.6891E+1	-6.0808E-6	-6.5564E-6	-7.7008E-6	-8.8793E-6	-9.3382E-6	-7.7017E-6	-6.0486E-6	-9.4260E-7	4.6649E-6	1.1076E-5	1.7300E-5	1.9702E-5	2.1323E-5	2.1142E-5	1.9843E-5	1.8182E-5	1.4995E-5	1.0415E-5	5.8839E-6	1.9276E-6	-2.9831E-6	-4.6552E-6	-4.6540E-6	-3.0841E-6	-1.1135E-6	1.6902E-6	3.6099E-6	5.7559E-6	6.8240E-6	8.3557E-6	9.0531E-6	1.1111E-5	1.2043E-5	1.4031E-5	1.5149E-5	1.6389E-5	1.8762E-5	2.1353E-5	2.3098E-5	2.5002E-5	2.4700E-5	2.3550E-5	2.2699E-5	1.9860E-5	1.7675E-5	1.5709E-5	1.3692E-5	1.1474E-5	1.0242E-5	7.2679E-6	5.6727E-6	4.0049E-6	2.9250E-6	1.5249E-6	7.6941E-7	6.5521E-7
1.6929E+1	-6.1686E-6	-6.5732E-6	-8.3326E-6	-9.6588E-6	-1.0217E-5	-9.5577E-6	-6.4012E-6	-2.5065E-6	3.2768E-6	9.2956E-6	1.3928E-5	1.6873E-5	1.8266E-5	1.8401E-5	1.6286E-5	1.4758E-5	1.2656E-5	8.5439E-6	4.5631E-6	9.7852E-7	-1.4770E-6	-3.2329E-6	-3.3226E-6	-2.8329E-6	2.3393E-7	2.9006E-6	3.9725E-6	6.5918E-6	6.1460E-6	7.3618E-6	8.4386E-6	9.7675E-6	1.0908E-5	1.1562E-5	1.4421E-5	1.4692E-5	1.6885E-5	1.8747E-5	2.0823E-5	2.3315E-5	2.3699E-5	2.2678E-5	2.1643E-5	1.9670E-5	1.7933E-5	1.5902E-5	1.4049E-5	1.2560E-5	1.1039E-5	9.0621E-6	6.3735E-6	5.5531E-6	4.4231E-6	3.1002E-6	1.2574E-6	1.2160E-6
1.6967E+1	-6.6944E-6	-6.5949E-6	-7.5758E-6	-1.0055E-5	-1.0998E-5	-9.7198E-6	-8.1672E-6	-3.6783E-6	9.5829E-7	6.7944E-6	1.1024E-5	1.4147E-5	1.4763E-5	1.5210E-5	1.3514E-5	1.1517E-5	9.4556E-6	6.3260E-6	2.9738E-6	1.9786E-7	-1.9840E-6	-2.9341E-6	-2.2945E-6	-1.2885E-6	6.6299E-7	3.8157E-6	4.4316E-6	6.2420E-6	7.3817E-6	7.4133E-6	7.8352E-6	9.1308E-6	1.0141E-5	1.0690E-5	1.1812E-5	1.3301E-5	1.5065E-5	1.7204E-5	1.7863E-5	2.0550E-5	2.1252E-5	2.1155E-5	2.0169E-5	1.9116E-5	1.7361E-5	1.5190E-5	1.4221E-5	1.2857E-5	1.1200E-5	9.9040E-6	8.0253E-6	6.2780E-6	4.9098E-6	4.4486E-6	3.2795E-6	2.6966E-6
1.7005E+1	-6.3178E-6	-6.7757E-6	-7.4451E-6	-8.6234E-6	-1.0827E-5	-1.0003E-5	-7.8966E-6	-4.4501E-6	2.7567E-7	5.7017E-6	9.0657E-6	1.1570E-5	1.2201E-5	1.2368E-5	1.0499E-5	9.4576E-6	7.3449E-6	3.9171E-6	1.6001E-6	-9.2765E-7	-1.6565E-6	-2.8328E-6	-2.1225E-6	-7.4886E-7	1.2277E-6	4.2956E-6	5.7122E-6	6.1936E-6	7.0855E-6	7.7229E-6	7.4738E-6	9.4175E-6	9.2716E-6	1.0002E-5	1.1061E-5	1.1413E-5	1.3202E-5	1.5503E-5	1.6652E-5	1.7985E-5	1.9306E-5	1.9412E-5	1.8273E-5	1.7339E-5	1.6907E-5	1.4195E-5	1.2975E-5	1.2943E-5	1.1076E-5	9.6478E-6	7.6833E-6	7.1627E-6	5.6451E-6	4.4165E-6	3.8984E-6	2.8148E-6
1.7042E+1	-6.1360E-6	-6.5497E-6	-7.7878E-6	-8.9246E-6	-9.6190E-6	-9.5331E-6	-7.6979E-6	-4.0161E-6	-5.2188E-7	3.7202E-6	8.1787E-6	1.0201E-5	9.8035E-6	1.0168E-5	8.1227E-6	6.0530E-6	5.3863E-6	2.3523E-6	3.2944E-7	-1.7389E-6	-2.4330E-6	-2.6974E-6	-1.5466E-6	8.0460E-8	1.7422E-6	3.7777E-6	6.5768E-6	6.7322E-6	7.1620E-6	7.6337E-6	7.5228E-6	8.7991E-6	9.9126E-6	9.8081E-6	1.0230E-5	1.0912E-5	1.1715E-5	1.3536E-5	1.5146E-5	1.6459E-5	1.7084E-5	1.8154E-5	1.6424E-5	1.6006E-5	1.4925E-5	1.3842E-5	1.2768E-5	1.2111E-5	1.1300E-5	1.0025E-5	8.3520E-6	6.3649E-6	5.4749E-6	5.0286E-6	3.9998E-6	4.0750E-6
1.7080E+1	-5.7845E-6	-6.5792E-6	-7.5437E-6	-9.0928E-6	-9.9167E-6	-9.6830E-6	-8.1670E-6	-4.2989E-6	-1.4100E-7	3.1529E-6	6.2174E-6	8.6598E-6	8.5230E-6	8.0043E-6	6.7962E-6	4.3911E-6	3.1293E-6	5.7983E-7	-8.2207E-7	-2.4012E-6	-2.9388E-6	-3.0046E-6	-1.5365E-6	3.8192E-7	2.2567E-6	3.6896E-6	6.0294E-6	7.1251E-6	7.0628E-6	7.0546E-6	7.3889E-6	8.3640E-6	8.4470E-6	9.6396E-6	9.3974E-6	1.0500E-5	1.0836E-5	1.2459E-5	1.2784E-5	1.4882E-5	1.5419E-5	1.6842E-5	1.5778E-5	1.4822E-5	1.3693E-5	1.2191E-5	1.1998E-5	1.1270E-5	1.1304E-5	1.0135E-5	8.2400E-6	8.0286E-6	4.9838E-6	5.3958E-6	3.9934E-6	3.9314E-6
1.7118E+1	-4.5362E-6	-5.7293E-6	-6.7342E-6	-8.1561E-6	-8.7365E-6	-8.7773E-6	-7.1525E-6	-4.8925E-6	-9.3303E-7	2.2263E-6	5.3085E-6	6.5048E-6	6.9087E-6	6.3784E-6	5.1747E-6	3.0554E-6	2.0917E-6	-3.3326E-8	-1.8740E-6	-3.1551E-6	-3.2338E-6	-3.3740E-6	-1.3247E-6	3.7194E-7	2.3902E-6	3.9024E-6	5.5442E-6	6.5115E-6	6.8875E-6	6.5065E-6	7.0357E-6	8.0104E-6	7.9621E-6	7.9880E-6	8.3698E-6	8.9319E-6	9.6382E-6	1.0911E-5	1.2510E-5	1.2268E-5	1.3937E-5	1.3859E-5	1.4162E-5	1.3716E-5	1.2865E-5	1.1630E-5	1.1616E-5	1.0555E-5	1.0367E-5	1.0286E-5	7.6631E-6	7.6175E-6	6.2869E-6	4.9687E-6	4.5798E-6	4.0881E-6
1.7156E+1	-4.5120E-6	-5.3914E-6	-6.3882E-6	-7.8589E-6	-7.9100E-6	-8.5206E-6	-6.6000E-6	-3.8599E-6	-1.2240E-6	2.2699E-6	4.0466E-6	5.6573E-6	5.3517E-6	4.5818E-6	3.2753E-6	2.1220E-6	9.8629E-7	-7.5314E-7	-1.9502E-6	-3.4080E-6	-3.3478E-6	-3.2012E-6	-1.7131E-6	9.1312E-7	2.0466E-6	4.5058E-6	5.3604E-6	6.4148E-6	6.8123E-6	6.4846E-6	6.3305E-6	7.2705E-6	8.0160E-6	7.1811E-6	7.7194E-6	7.7107E-6	8.4358E-6	8.5423E-6	1.0444E-5	1.2029E-5	1.1841E-5	1.3012E-5	1.2308E-5	1.2042E-5	1.0614E-5	1.1153E-5	9.5535E-6	1.0227E-5	9.6826E-6	9.6198E-6	7.7604E-6	6.6006E-6	6.2181E-6	5.7022E-6	4.3245E-6	3.6791E-6
1.7194E+1	-3.8922E-6	-5.6242E-6	-5.6559E-6	-7.6260E-6	-7.6668E-6	-7.2340E-6	-6.7315E-6	-3.9126E-6	-1.8975E-6	1.4362E-6	2.8025E-6	4.2617E-6	4.5905E-6	4.1369E-6	1.8967E-6	7.1935E-7	-1.5202E-7	-1.5580E-6	-2.9041E-6	-3.8144E-6	-3.8003E-6	-3.0611E-6	-2.5794E-6	-2.2128E-7	1.6366E-6	3.6126E-6	4.5866E-6	5.4650E-6	6.4019E-6	6.7054E-6	6.7954E-6	5.8764E-6	7.1180E-6	6.7302E-6	7.1864E-6	7.0356E-6	7.4206E-6	8.3185E-6	8.1510E-6	1.0364E-5	1.1077E-5	1.0540E-5	1.1399E-5	1.1712E-5	1.0176E-5	1.0276E-5	1.0025E-5	8.8283E-6	9.2389E-6	8.0635E-6	7.6658E-6	6.3916E-6	5.8799E-6	5.3716E-6	4.8130E-6	4.0958E-6
1.7232E+1	-3.2750E-6	-4.7296E-6	-5.6928E-6	-6.2760E-6	-7.8423E-6	-7.4977E-6	-6.3358E-6	-3.7573E-6	-2.2602E-6	8.9139E-7	2.0296E-6	2.9597E-6	3.1247E-6	2.7561E-6	2.1618E-6	5.9930E-7	-2.4459E-7	-2.4549E-6	-3.1702E-6	-3.7675E-6	-4.3899E-6	-3.0024E-6	-1.8732E-6	-7.7430E-7	9.2193E-7	3.3709E-6	3.8847E-6	4.1432E-6	5.0373E-6	5.4456E-6	6.3322E-6	5.9002E-6	5.7698E-6	5.9783E-6	6.5161E-6	6.1552E-6	6.0764E-6	6.9641E-6	7.6018E-6	8.0815E-6	9.3545E-6	9.4155E-6	8.7308E-6	9.4174E-6	9.5642E-6	9.7712E-6	8.4933E-6	9.0775E-6	8.6338E-6	8.3528E-6	7.1051E-6	5.8945E-6	5.7959E-6	5.6764E-6	4.4260E-6	3.7919E-6
1.7270E+1	-3.2059E-6	-3.6669E-6	-4.5475E-6	-5.4085E-6	-5.8251E-6	-7.2421E-6	-6.3622E-6	-4.1160E-6	-2.2353E-6	-3.0396E-7	1.3470E-6	2.0652E-6	2.4932E-6	1.6501E-6	6.3775E-7	4.2403E-7	-9.3936E-7	-1.7721E-6	-3.9117E-6	-3.5515E-6	-4.2923E-6	-4.1306E-6	-2.7794E-6	-9.7889E-7	1.4129E-7	2.4293E-6	3.5315E-6	4.1154E-6	4.6326E-6	4.8130E-6	5.0582E-6	5.0759E-6	4.9725E-6	4.8516E-6	5.7899E-6	5.9861E-6	5.9646E-6	6.2158E-6	6.6109E-6	8.2704E-6	7.9336E-6	8.8057E-6	8.1240E-6	7.8293E-6	7.7994E-6	8.7281E-6	8.4248E-6	7.4840E-6	7.5083E-6	6.8453E-6	7.1975E-6	5.9412E-6	5.2000E-6	4.9400E-6	4.1191E-6	4.0033E-6
1.7307E+1	-3.1269E-6	-3.7393E-6	-3.9713E-6	-4.9500E-6	-5.1453E-6	-6.1761E-6	-5.5125E-6	-4.1672E-6	-2.3555E-6	-1.6782E-7	1.0095E-6	1.8406E-6	1.5859E-6	1.5469E-6	3.8471E-7	2.6271E-7	-1.3205E-6	-2.5063E-6	-3.0828E-6	-3.4483E-6	-3.7880E-6	-2.9368E-6	-2.9404E-6	-9.6318E-7	1.2336E-7	1.5248E-6	2.5500E-6	2.6528E-6	3.5305E-6	4.2123E-6	4.1771E-6	4.3447E-6	4.3638E-6	4.1735E-6	3.7438E-6	4.3215E-6	4.6228E-6	5.7999E-6	4.8605E-6	6.5833E-6	6.8548E-6	7.2075E-6	7.6720E-6	7.2853E-6	7.5982E-6	7.3301E-6	6.8495E-6	7.5890E-6	6.8958E-6	7.0939E-6	5.9640E-6	5.8193E-6	5.4727E-6	5.4162E-6	3.5291E-6	3.0756E-6
1.7345E+1	-3.1286E-6	-3.6046E-6	-3.7611E-6	-4.7167E-6	-4.9135E-6	-6.2969E-6	-5.1476E-6	-4.0036E-6	-2.6331E-6	-7.7756E-7	5.9962E-7	1.9038E-6	1.4970E-6	1.3306E-6	-4.8506E-7	2.4452E-8	-1.3345E-6	-2.3229E-6	-3.7619E-6	-3.0885E-6	-4.2069E-6	-3.5577E-6	-2.8273E-6	-1.5207E-6	6.3800E-7	1.9004E-6	2.4729E-6	3.4762E-6	2.9678E-6	3.5910E-6	3.7798E-6	3.5175E-6	4.1500E-6	4.2767E-6	3.8891E-6	4.0905E-6	3.9386E-6	4.7816E-6	5.3440E-6	5.5924E-6	6.2704E-6	6.3520E-6	6.4293E-6	6.4172E-6	6.7607E-6	7.0365E-6	6.4299E-6	5.5507E-6	5.7747E-6	6.1777E-6	5.9609E-6	5.0224E-6	4.8291E-6	4.2822E-6	4.3533E-6	3.4233E-6
1.7383E+1	-2.2876E-6	-2.9790E-6	-2.9316E-6	-4.1781E-6	-4.3901E-6	-5.3749E-6	-4.6418E-6	-4.0723E-6	-2.4507E-6	-1.0073E-6	3.6673E-7	1.3150E-6	1.2716E-6	1.6718E-6	5.6329E-7	-9.2951E-7	-1.0668E-6	-2.2300E-6	-2.8044E-6	-3.2777E-6	-3.0231E-6	-2.7620E-6	-2.4438E-6	-1.4702E-6	-7.1243E-7	1.0658E-6	1.5483E-6	1.4235E-6	2.8259E-6	2.1971E-6	2.8519E-6	2.4482E-6	2.9930E-6	3.2845E-6	2.7856E-6	3.0020E-6	3.7084E-6	3.0317E-6	3.9530E-6	4.6880E-6	4.5126E-6	5.0179E-6	5.7138E-6	5.2933E-6	5.9553E-6	5.3842E-6	5.5665E-6	5.6115E-6	4.7572E-6	4.8300E-6	5.5370E-6	4.4025E-6	4.5575E-6	3.2240E-6	2.8885E-6	2.3177E-6
1.7421E+1	-1.6918E-7	-2.6888E-7	-2.1493E-7	-2.8110E-7	-3.3679E-7	-4.5168E-7	-3.7446E-7	-3.6873E-7	-2.7064E-7	-1.7663E-7	-5.0357E-8	8.1333E-8	3.8505E-8	6.5510E-8	7.8376E-8	2.7072E-8	-1.2815E-7	-1.0240E-7	-2.6548E-7	-2.5888E-7	-3.7920E-7	-2.6702E-7	-2.1704E-7	-7.4212E-8	6.9773E-9	2.0052E-8	1.3892E-7	1.8222E-7	1.4169E-7	2.5439E-7	1.6368E-7	1.8223E-7	1.7610E-7	2.1002E-7	2.2416E-7	1.9939E-7	2.8509E-7	2.9753E-7	2.7603E-7	3.8740E-7	3.9550E-7	4.1388E-7	4.3020E-7	4.3387E-7	4.2064E-7	4.4965E-7	3.8030E-7	3.9852E-7	4.5903E-7	3.4768E-7	3.8435E-7	4.4920E-7	3.8407E-7	3.5396E-7	2.9642E-7	2.9306E-7
