0.0000E+0	0.0000E+0
1.4172E+1	8.0425E-7
1.4210E+1	-5.9890E-8
1.4249E+1	-2.4530E-5
1.4287E+1	-2.4476E-5
1.4325E+1	-6.1024E-5
1.4363E+1	3.5733E-5
1.4402E+1	-9.2975E-5
1.4440E+1	-4.1938E-5
1.4478E+1	7.4620E-5
1.4516E+1	-1.1636E-4
1.4555E+1	1.8835E-4
1.4593E+1	2.1661E-4
1.4631E+1	2.5688E-4
1.4669E+1	3.9910E-4
1.4708E+1	3.8281E-4
1.4746E+1	4.7130E-4
1.4784E+1	4.7870E-4
1.4822E+1	9.4179E-4
1.4861E+1	5.9476E-4
1.4899E+1	4.1042E-4
1.4937E+1	6.7921E-4
1.4975E+1	8.2064E-4
1.5014E+1	7.1044E-4
1.5052E+1	2.6399E-4
1.5090E+1	8.4210E-5
1.5128E+1	-5.0416E-5
1.5167E+1	-1.5964E-4
1.5205E+1	-6.4244E-5
1.5243E+1	-1.3385E-5
1.5281E+1	-7.6598E-5
1.5320E+1	-1.8035E-4
1.5358E+1	-1.5245E-4
1.5396E+1	-6.5651E-5
1.5434E+1	-6.6177E-5
1.5473E+1	-8.0456E-5
1.5511E+1	-2.4622E-5
1.5549E+1	3.0126E-5
1.5587E+1	4.6741E-5
1.5626E+1	5.3094E-5
1.5664E+1	4.3336E-5
1.5702E+1	1.6499E-5
1.5740E+1	9.2548E-6
1.5779E+1	8.4434E-6
1.5817E+1	2.6733E-6
1.5855E+1	-6.5702E-6
1.5893E+1	-2.5033E-5
1.5932E+1	-2.2903E-5
1.5970E+1	-1.0443E-5
1.6008E+1	-4.9628E-6
1.6046E+1	-1.7058E-7
1.6085E+1	8.4503E-6
1.6123E+1	1.9780E-5
1.6161E+1	2.3240E-5
1.6199E+1	2.2395E-5
1.6238E+1	1.2409E-5
1.6276E+1	-5.2208E-7
1.6314E+1	-7.4213E-6
1.6352E+1	-6.4193E-6
1.6391E+1	4.7749E-6
1.6429E+1	2.8592E-6
1.6467E+1	-8.2481E-6
1.6505E+1	-7.4352E-6
1.6544E+1	3.6610E-6
1.6582E+1	-3.1489E-6
1.6620E+1	-1.2921E-5
1.6658E+1	-5.0429E-7
1.6697E+1	-3.2185E-6
1.6735E+1	-1.4167E-6
1.6773E+1	1.4791E-6
1.6811E+1	-2.5831E-6
1.6850E+1	1.5066E-7
1.6888E+1	1.9523E-6
1.6926E+1	1.2857E-6
1.6964E+1	1.4063E-6
1.7003E+1	1.8829E-6
1.7041E+1	9.0322E-7
1.7079E+1	1.8583E-6
1.7117E+1	-1.8635E-8
1.7156E+1	1.5702E-6
1.7194E+1	-9.5276E-7
1.7232E+1	-1.5824E-7
1.7270E+1	-6.3974E-7
1.7309E+1	-3.2779E-7
1.7347E+1	1.3119E-7
1.7385E+1	-1.0241E-8
1.7423E+1	-2.4065E-7
