0.0000E+0	0.0000E+0
1.4172E+1	7.2673E-7
1.4210E+1	-4.7334E-7
1.4249E+1	-2.7849E-5
1.4287E+1	-2.4004E-5
1.4325E+1	-5.1511E-5
1.4363E+1	3.5996E-5
1.4402E+1	-9.8813E-5
1.4440E+1	-2.8754E-5
1.4478E+1	8.1195E-5
1.4516E+1	-9.7454E-5
1.4555E+1	1.9751E-4
1.4593E+1	2.0738E-4
1.4631E+1	2.7445E-4
1.4669E+1	4.0380E-4
1.4708E+1	3.6088E-4
1.4746E+1	4.6251E-4
1.4784E+1	5.0109E-4
1.4822E+1	9.1703E-4
1.4861E+1	5.3798E-4
1.4899E+1	3.4283E-4
1.4937E+1	6.0732E-4
1.4975E+1	7.6219E-4
1.5014E+1	6.6783E-4
1.5052E+1	2.3904E-4
1.5090E+1	3.4972E-5
1.5128E+1	-9.6789E-5
1.5167E+1	-1.8871E-4
1.5205E+1	-9.5414E-5
1.5243E+1	-2.9182E-5
1.5281E+1	-7.8713E-5
1.5320E+1	-1.6348E-4
1.5358E+1	-1.2716E-4
1.5396E+1	-4.7501E-5
1.5434E+1	-5.2621E-5
1.5473E+1	-6.7140E-5
1.5511E+1	-1.5681E-5
1.5549E+1	3.3938E-5
1.5587E+1	5.4540E-5
1.5626E+1	6.1178E-5
1.5664E+1	4.6658E-5
1.5702E+1	1.7898E-5
1.5740E+1	5.3028E-6
1.5779E+1	2.1176E-6
1.5817E+1	-1.5385E-7
1.5855E+1	-4.2225E-6
1.5893E+1	-2.0226E-5
1.5932E+1	-2.2146E-5
1.5970E+1	-1.0925E-5
1.6008E+1	-5.8413E-6
1.6046E+1	3.7377E-7
1.6085E+1	7.5147E-6
1.6123E+1	1.7892E-5
1.6161E+1	2.0828E-5
1.6199E+1	1.7880E-5
1.6238E+1	1.2935E-5
1.6276E+1	-1.9967E-6
1.6314E+1	-8.8827E-6
1.6352E+1	-3.0407E-6
1.6391E+1	4.1814E-6
1.6429E+1	1.8242E-6
1.6467E+1	-1.1008E-5
1.6505E+1	-1.0630E-5
1.6544E+1	3.8011E-6
1.6582E+1	-5.8289E-6
1.6620E+1	-1.1204E-5
1.6658E+1	9.4089E-7
1.6697E+1	-7.7570E-7
1.6735E+1	9.1298E-7
1.6773E+1	-2.7767E-7
1.6811E+1	-2.0517E-6
1.6850E+1	1.9695E-7
1.6888E+1	4.2660E-7
1.6926E+1	6.4876E-7
1.6964E+1	-2.3541E-6
1.7003E+1	-8.8675E-7
1.7041E+1	-1.2694E-6
1.7079E+1	1.0569E-6
1.7117E+1	1.1545E-6
1.7156E+1	6.0019E-7
1.7194E+1	-3.2985E-7
1.7232E+1	2.1618E-7
1.7270E+1	-1.3499E-6
1.7309E+1	2.5177E-6
1.7347E+1	1.5688E-7
1.7385E+1	5.6107E-9
1.7423E+1	-4.7931E-8
