0.0000E+0	0.0000E+0
1.4172E+1	1.0963E-6
1.4210E+1	-3.1223E-7
1.4249E+1	-3.2159E-5
1.4287E+1	-3.1502E-5
1.4325E+1	-7.0585E-5
1.4363E+1	3.7024E-5
1.4402E+1	-9.8636E-5
1.4440E+1	-5.5269E-5
1.4478E+1	7.4912E-5
1.4516E+1	-1.2418E-4
1.4555E+1	1.8809E-4
1.4593E+1	2.2346E-4
1.4631E+1	2.5522E-4
1.4669E+1	4.0875E-4
1.4708E+1	3.9468E-4
1.4746E+1	4.7412E-4
1.4784E+1	4.7778E-4
1.4822E+1	9.6164E-4
1.4861E+1	6.1711E-4
1.4899E+1	4.3854E-4
1.4937E+1	7.2604E-4
1.4975E+1	8.7177E-4
1.5014E+1	7.4949E-4
1.5052E+1	2.8166E-4
1.5090E+1	9.7637E-5
1.5128E+1	-3.9602E-5
1.5167E+1	-1.5719E-4
1.5205E+1	-6.0508E-5
1.5243E+1	-1.0473E-5
1.5281E+1	-8.0787E-5
1.5320E+1	-1.9558E-4
1.5358E+1	-1.7093E-4
1.5396E+1	-7.5109E-5
1.5434E+1	-7.3992E-5
1.5473E+1	-8.3742E-5
1.5511E+1	-2.3468E-5
1.5549E+1	3.3485E-5
1.5587E+1	5.3940E-5
1.5626E+1	6.1124E-5
1.5664E+1	5.0923E-5
1.5702E+1	1.5000E-5
1.5740E+1	4.3375E-6
1.5779E+1	1.0594E-5
1.5817E+1	2.3119E-6
1.5855E+1	-6.3084E-6
1.5893E+1	-2.2273E-5
1.5932E+1	-2.2277E-5
1.5970E+1	-9.0903E-6
1.6008E+1	-5.9980E-6
1.6046E+1	-1.1775E-6
1.6085E+1	1.0180E-5
1.6123E+1	2.2799E-5
1.6161E+1	2.6983E-5
1.6199E+1	2.4698E-5
1.6238E+1	9.6979E-6
1.6276E+1	-4.1967E-6
1.6314E+1	-1.1250E-5
1.6352E+1	-5.7619E-6
1.6391E+1	7.3192E-6
1.6429E+1	1.2618E-6
1.6467E+1	-7.5946E-6
1.6505E+1	-9.6694E-6
1.6544E+1	3.0719E-6
1.6582E+1	-2.8119E-6
1.6620E+1	-1.3753E-5
1.6658E+1	-1.4015E-6
1.6697E+1	2.3001E-7
1.6735E+1	-2.3628E-6
1.6773E+1	-7.9991E-8
1.6811E+1	-5.3308E-7
1.6850E+1	-1.5435E-6
1.6888E+1	2.1480E-6
1.6926E+1	7.1797E-7
1.6964E+1	-1.8509E-6
1.7003E+1	-1.0900E-6
1.7041E+1	-2.4894E-7
1.7079E+1	2.8792E-7
1.7117E+1	-8.7477E-7
1.7156E+1	7.5519E-7
1.7194E+1	-1.0832E-6
1.7232E+1	1.0208E-6
1.7270E+1	-3.7123E-7
1.7309E+1	1.4561E-6
1.7347E+1	-7.2219E-8
1.7385E+1	-8.2733E-9
1.7423E+1	5.3418E-8
