0.0000E+0	0.0000E+0
1.4172E+1	8.8098E-7
1.4210E+1	-5.2401E-7
1.4249E+1	-2.9924E-5
1.4287E+1	-2.5646E-5
1.4325E+1	-5.1354E-5
1.4363E+1	3.7934E-5
1.4402E+1	-1.0050E-4
1.4440E+1	-2.3597E-5
1.4478E+1	8.3945E-5
1.4516E+1	-9.8913E-5
1.4555E+1	2.1100E-4
1.4593E+1	2.1665E-4
1.4631E+1	2.8816E-4
1.4669E+1	4.2072E-4
1.4708E+1	3.7074E-4
1.4746E+1	4.7770E-4
1.4784E+1	5.2030E-4
1.4822E+1	9.4751E-4
1.4861E+1	5.5057E-4
1.4899E+1	3.4719E-4
1.4937E+1	6.2821E-4
1.4975E+1	7.9394E-4
1.5014E+1	6.9813E-4
1.5052E+1	2.5224E-4
1.5090E+1	2.2007E-5
1.5128E+1	-1.2111E-4
1.5167E+1	-2.1036E-4
1.5205E+1	-1.1459E-4
1.5243E+1	-4.0846E-5
1.5281E+1	-8.8080E-5
1.5320E+1	-1.7035E-4
1.5358E+1	-1.3057E-4
1.5396E+1	-4.6587E-5
1.5434E+1	-4.9194E-5
1.5473E+1	-6.7209E-5
1.5511E+1	-1.0357E-5
1.5549E+1	4.4278E-5
1.5587E+1	6.0278E-5
1.5626E+1	6.4842E-5
1.5664E+1	5.0050E-5
1.5702E+1	1.7967E-5
1.5740E+1	7.4244E-6
1.5779E+1	6.9501E-6
1.5817E+1	-4.7945E-7
1.5855E+1	-6.0662E-6
1.5893E+1	-2.4644E-5
1.5932E+1	-2.7637E-5
1.5970E+1	-1.3260E-5
1.6008E+1	-6.7789E-6
1.6046E+1	9.4303E-7
1.6085E+1	1.0565E-5
1.6123E+1	1.9006E-5
1.6161E+1	2.2775E-5
1.6199E+1	2.2125E-5
1.6238E+1	8.0213E-6
1.6276E+1	-6.0279E-6
1.6314E+1	-9.2781E-6
1.6352E+1	-4.3741E-6
1.6391E+1	4.1003E-6
1.6429E+1	2.8759E-6
1.6467E+1	-1.0946E-5
1.6505E+1	-1.2165E-5
1.6544E+1	5.6133E-6
1.6582E+1	-4.0886E-6
1.6620E+1	-1.7478E-5
1.6658E+1	-1.9525E-6
1.6697E+1	-6.0724E-7
1.6735E+1	-2.1066E-6
1.6773E+1	8.1868E-7
1.6811E+1	-1.0407E-6
1.6850E+1	-5.0481E-7
1.6888E+1	-1.3276E-7
1.6926E+1	6.6611E-8
1.6964E+1	-6.4534E-7
1.7003E+1	6.9958E-7
1.7041E+1	6.6828E-7
1.7079E+1	7.1718E-8
1.7117E+1	2.4256E-7
1.7156E+1	-1.8046E-6
1.7194E+1	1.1221E-6
1.7232E+1	1.5368E-6
1.7270E+1	-2.5450E-6
1.7309E+1	1.9890E-6
1.7347E+1	-1.3689E-7
1.7385E+1	-7.3063E-8
1.7423E+1	-2.2150E-7
