0.0000E+0	0.0000E+0
1.4172E+1	8.3622E-7
1.4210E+1	-4.5678E-7
1.4249E+1	-3.0757E-5
1.4287E+1	-2.5406E-5
1.4325E+1	-5.3842E-5
1.4363E+1	3.4780E-5
1.4402E+1	-9.5922E-5
1.4440E+1	-3.1488E-5
1.4478E+1	7.8300E-5
1.4516E+1	-1.0531E-4
1.4555E+1	1.9259E-4
1.4593E+1	2.0985E-4
1.4631E+1	2.7018E-4
1.4669E+1	4.0432E-4
1.4708E+1	3.7351E-4
1.4746E+1	4.7270E-4
1.4784E+1	4.9868E-4
1.4822E+1	9.3651E-4
1.4861E+1	5.6818E-4
1.4899E+1	3.7220E-4
1.4937E+1	6.3973E-4
1.4975E+1	7.9444E-4
1.5014E+1	6.8916E-4
1.5052E+1	2.4892E-4
1.5090E+1	5.3410E-5
1.5128E+1	-7.9906E-5
1.5167E+1	-1.7640E-4
1.5205E+1	-8.6152E-5
1.5243E+1	-2.6066E-5
1.5281E+1	-8.1431E-5
1.5320E+1	-1.7468E-4
1.5358E+1	-1.3600E-4
1.5396E+1	-5.5092E-5
1.5434E+1	-5.8317E-5
1.5473E+1	-6.9367E-5
1.5511E+1	-1.5674E-5
1.5549E+1	3.7209E-5
1.5587E+1	5.2930E-5
1.5626E+1	5.9906E-5
1.5664E+1	4.6175E-5
1.5702E+1	1.3847E-5
1.5740E+1	4.4455E-6
1.5779E+1	5.4020E-6
1.5817E+1	2.6853E-6
1.5855E+1	-5.0740E-6
1.5893E+1	-2.4952E-5
1.5932E+1	-2.5508E-5
1.5970E+1	-1.3052E-5
1.6008E+1	-5.0552E-6
1.6046E+1	2.8362E-7
1.6085E+1	7.7649E-6
1.6123E+1	1.7868E-5
1.6161E+1	2.3020E-5
1.6199E+1	2.3689E-5
1.6238E+1	1.2367E-5
1.6276E+1	-1.9475E-6
1.6314E+1	-9.1765E-6
1.6352E+1	-3.9371E-6
1.6391E+1	3.8693E-6
1.6429E+1	3.2012E-6
1.6467E+1	-3.7383E-6
1.6505E+1	-7.2413E-6
1.6544E+1	3.3306E-6
1.6582E+1	-3.9708E-6
1.6620E+1	-1.4421E-5
1.6658E+1	-1.3863E-6
1.6697E+1	1.7120E-6
1.6735E+1	-2.5463E-9
1.6773E+1	1.0438E-8
1.6811E+1	-2.2168E-6
1.6850E+1	-6.8470E-7
1.6888E+1	-9.2356E-7
1.6926E+1	5.4741E-7
1.6964E+1	2.0134E-6
1.7003E+1	7.4277E-7
1.7041E+1	8.3068E-7
1.7079E+1	1.2857E-6
1.7117E+1	2.0944E-6
1.7156E+1	2.5402E-7
1.7194E+1	1.5018E-6
1.7232E+1	2.6029E-6
1.7270E+1	-6.1765E-7
1.7309E+1	3.8029E-6
1.7347E+1	1.4321E-7
1.7385E+1	1.1293E-7
1.7423E+1	1.4168E-8
