0.0000E+0	0.0000E+0
1.4172E+1	9.9708E-7
1.4210E+1	1.3694E-7
1.4249E+1	-2.8536E-5
1.4287E+1	-2.2680E-5
1.4325E+1	-5.8326E-5
1.4363E+1	3.8243E-5
1.4402E+1	-8.8628E-5
1.4440E+1	-4.1851E-5
1.4478E+1	7.4635E-5
1.4516E+1	-1.1877E-4
1.4555E+1	1.8634E-4
1.4593E+1	2.1624E-4
1.4631E+1	2.5655E-4
1.4669E+1	4.0258E-4
1.4708E+1	3.7975E-4
1.4746E+1	4.6937E-4
1.4784E+1	4.7329E-4
1.4822E+1	9.3261E-4
1.4861E+1	6.0300E-4
1.4899E+1	4.1930E-4
1.4937E+1	6.8707E-4
1.4975E+1	8.3441E-4
1.5014E+1	7.1749E-4
1.5052E+1	2.7099E-4
1.5090E+1	9.6952E-5
1.5128E+1	-4.6696E-5
1.5167E+1	-1.5857E-4
1.5205E+1	-6.2240E-5
1.5243E+1	-1.2024E-5
1.5281E+1	-7.2498E-5
1.5320E+1	-1.8037E-4
1.5358E+1	-1.5543E-4
1.5396E+1	-7.0577E-5
1.5434E+1	-7.0936E-5
1.5473E+1	-8.2093E-5
1.5511E+1	-2.3523E-5
1.5549E+1	3.1366E-5
1.5587E+1	4.9183E-5
1.5626E+1	5.8126E-5
1.5664E+1	4.7311E-5
1.5702E+1	1.6784E-5
1.5740E+1	8.6902E-6
1.5779E+1	7.9786E-6
1.5817E+1	3.4449E-6
1.5855E+1	-2.5575E-6
1.5893E+1	-2.4536E-5
1.5932E+1	-2.5561E-5
1.5970E+1	-1.1994E-5
1.6008E+1	-5.1052E-6
1.6046E+1	4.8726E-7
1.6085E+1	8.8948E-6
1.6123E+1	1.8848E-5
1.6161E+1	2.0782E-5
1.6199E+1	1.9578E-5
1.6238E+1	1.0484E-5
1.6276E+1	-3.5757E-6
1.6314E+1	-9.2325E-6
1.6352E+1	-5.3580E-6
1.6391E+1	4.6899E-6
1.6429E+1	3.2375E-6
1.6467E+1	-8.0824E-6
1.6505E+1	-8.3565E-6
1.6544E+1	3.3511E-6
1.6582E+1	-3.7681E-6
1.6620E+1	-1.3271E-5
1.6658E+1	-1.2897E-6
1.6697E+1	1.3527E-6
1.6735E+1	-1.7038E-7
1.6773E+1	-1.9692E-7
1.6811E+1	-2.9327E-6
1.6850E+1	-2.2501E-6
1.6888E+1	6.8776E-7
1.6926E+1	1.2987E-6
1.6964E+1	-1.7009E-6
1.7003E+1	5.8695E-7
1.7041E+1	2.1024E-6
1.7079E+1	8.4992E-7
1.7117E+1	8.8941E-7
1.7156E+1	4.6869E-6
1.7194E+1	1.4668E-6
1.7232E+1	3.7754E-6
1.7270E+1	3.1134E-6
1.7309E+1	7.6405E-7
1.7347E+1	-1.0117E-7
1.7385E+1	-2.2120E-8
1.7423E+1	2.6200E-7
