0.0000E+0	0.0000E+0
1.4172E+1	7.2660E-7
1.4210E+1	-5.1785E-8
1.4249E+1	-2.5344E-5
1.4287E+1	-2.2167E-5
1.4325E+1	-5.6144E-5
1.4363E+1	3.5912E-5
1.4402E+1	-9.2111E-5
1.4440E+1	-4.2610E-5
1.4478E+1	7.4655E-5
1.4516E+1	-1.1894E-4
1.4555E+1	1.7793E-4
1.4593E+1	2.1200E-4
1.4631E+1	2.5008E-4
1.4669E+1	3.9099E-4
1.4708E+1	3.7716E-4
1.4746E+1	4.6031E-4
1.4784E+1	4.6159E-4
1.4822E+1	9.2064E-4
1.4861E+1	5.9378E-4
1.4899E+1	4.1505E-4
1.4937E+1	6.7272E-4
1.4975E+1	8.0913E-4
1.5014E+1	6.9898E-4
1.5052E+1	2.6249E-4
1.5090E+1	9.0697E-5
1.5128E+1	-3.8253E-5
1.5167E+1	-1.4611E-4
1.5205E+1	-5.5465E-5
1.5243E+1	-5.0856E-6
1.5281E+1	-6.9996E-5
1.5320E+1	-1.7644E-4
1.5358E+1	-1.5124E-4
1.5396E+1	-6.7830E-5
1.5434E+1	-6.6517E-5
1.5473E+1	-7.8546E-5
1.5511E+1	-2.2205E-5
1.5549E+1	2.8804E-5
1.5587E+1	4.2598E-5
1.5626E+1	5.2779E-5
1.5664E+1	4.3596E-5
1.5702E+1	1.3483E-5
1.5740E+1	8.6059E-6
1.5779E+1	8.8601E-6
1.5817E+1	1.4935E-6
1.5855E+1	-2.0925E-6
1.5893E+1	-2.3082E-5
1.5932E+1	-2.4031E-5
1.5970E+1	-1.3533E-5
1.6008E+1	-6.9738E-6
1.6046E+1	5.0965E-7
1.6085E+1	6.7083E-6
1.6123E+1	2.0274E-5
1.6161E+1	2.3477E-5
1.6199E+1	2.1972E-5
1.6238E+1	1.3395E-5
1.6276E+1	-1.0381E-6
1.6314E+1	-7.9225E-6
1.6352E+1	-4.8703E-6
1.6391E+1	3.3068E-6
1.6429E+1	3.0761E-6
1.6467E+1	-6.2825E-6
1.6505E+1	-8.7509E-6
1.6544E+1	4.4789E-6
1.6582E+1	-2.5762E-6
1.6620E+1	-1.1710E-5
1.6658E+1	-1.0664E-7
1.6697E+1	-2.5962E-6
1.6735E+1	-1.2342E-6
1.6773E+1	7.4314E-7
1.6811E+1	-1.2442E-6
1.6850E+1	5.0553E-7
1.6888E+1	-1.1569E-6
1.6926E+1	-3.3917E-7
1.6964E+1	-6.6344E-7
1.7003E+1	9.3711E-8
1.7041E+1	-2.9950E-7
1.7079E+1	7.5999E-7
1.7117E+1	4.8982E-7
1.7156E+1	1.3916E-6
1.7194E+1	-1.1570E-6
1.7232E+1	9.7962E-7
1.7270E+1	3.8225E-6
1.7309E+1	1.7701E-6
1.7347E+1	1.4564E-7
1.7385E+1	-1.4937E-7
1.7423E+1	-3.5227E-9
