0.0000E+0	0.0000E+0
1.4172E+1	1.3803E-6
1.4210E+1	2.7793E-7
1.4249E+1	-2.5647E-5
1.4287E+1	-2.2505E-5
1.4325E+1	-5.9738E-5
1.4363E+1	3.8693E-5
1.4402E+1	-9.0982E-5
1.4440E+1	-3.4943E-5
1.4478E+1	7.8937E-5
1.4516E+1	-1.1420E-4
1.4555E+1	2.0623E-4
1.4593E+1	2.2813E-4
1.4631E+1	2.6752E-4
1.4669E+1	4.1255E-4
1.4708E+1	3.9336E-4
1.4746E+1	4.8365E-4
1.4784E+1	4.9776E-4
1.4822E+1	9.8179E-4
1.4861E+1	6.2439E-4
1.4899E+1	4.3662E-4
1.4937E+1	7.2041E-4
1.4975E+1	8.7791E-4
1.5014E+1	7.5265E-4
1.5052E+1	2.7684E-4
1.5090E+1	9.1024E-5
1.5128E+1	-5.2050E-5
1.5167E+1	-1.6954E-4
1.5205E+1	-6.4552E-5
1.5243E+1	-6.5960E-6
1.5281E+1	-8.1636E-5
1.5320E+1	-1.8790E-4
1.5358E+1	-1.5527E-4
1.5396E+1	-6.7666E-5
1.5434E+1	-6.7360E-5
1.5473E+1	-7.8262E-5
1.5511E+1	-1.7217E-5
1.5549E+1	3.9342E-5
1.5587E+1	5.7829E-5
1.5626E+1	6.9950E-5
1.5664E+1	5.7602E-5
1.5702E+1	1.5431E-5
1.5740E+1	2.1304E-6
1.5779E+1	4.6753E-6
1.5817E+1	-1.6912E-6
1.5855E+1	-1.1737E-5
1.5893E+1	-3.5526E-5
1.5932E+1	-4.1607E-5
1.5970E+1	-2.2347E-5
1.6008E+1	-8.6452E-6
1.6046E+1	3.8703E-7
1.6085E+1	1.1536E-5
1.6123E+1	2.2785E-5
1.6161E+1	2.6443E-5
1.6199E+1	2.5821E-5
1.6238E+1	1.4694E-5
1.6276E+1	-4.2089E-6
1.6314E+1	-8.4020E-6
1.6352E+1	-4.8942E-6
1.6391E+1	5.1398E-6
1.6429E+1	4.7736E-6
1.6467E+1	-1.0768E-5
1.6505E+1	-1.0973E-5
1.6544E+1	4.5169E-6
1.6582E+1	-4.6582E-6
1.6620E+1	-1.5757E-5
1.6658E+1	-3.1617E-7
1.6697E+1	-1.8516E-6
1.6735E+1	-3.7055E-6
1.6773E+1	3.2492E-7
1.6811E+1	-3.0086E-6
1.6850E+1	-6.4441E-7
1.6888E+1	-2.1452E-6
1.6926E+1	-1.2009E-6
1.6964E+1	-2.2437E-6
1.7003E+1	-1.0548E-6
1.7041E+1	1.5989E-6
1.7079E+1	-8.0878E-7
1.7117E+1	-4.4115E-7
1.7156E+1	5.6893E-7
1.7194E+1	-1.6051E-6
1.7232E+1	7.4997E-8
1.7270E+1	-6.1214E-7
1.7309E+1	3.5168E-6
1.7347E+1	-2.2656E-7
1.7385E+1	-9.1968E-8
1.7423E+1	7.4125E-8
