0.0000E+0	0.0000E+0
1.4165E+1	-2.7663E-6
1.4203E+1	-4.5273E-6
1.4240E+1	-6.2526E-5
1.4278E+1	-8.6377E-5
1.4316E+1	-1.0796E-4
1.4354E+1	-1.2134E-4
1.4392E+1	-1.3693E-4
1.4430E+1	-1.4669E-4
1.4468E+1	-1.5729E-4
1.4505E+1	-1.1401E-4
1.4543E+1	-1.0133E-5
1.4581E+1	3.3985E-4
1.4619E+1	6.7664E-4
1.4657E+1	1.3783E-3
1.4695E+1	2.2370E-3
1.4733E+1	2.8985E-3
1.4770E+1	3.4940E-3
1.4808E+1	3.9560E-3
1.4846E+1	4.0971E-3
1.4884E+1	3.7831E-3
1.4922E+1	3.5172E-3
1.4960E+1	2.9434E-3
1.4998E+1	2.4177E-3
1.5036E+1	1.9067E-3
1.5073E+1	1.4563E-3
1.5111E+1	1.0806E-3
1.5149E+1	7.8911E-4
1.5187E+1	5.8408E-4
1.5225E+1	4.5714E-4
1.5263E+1	3.6248E-4
1.5301E+1	3.2478E-4
1.5338E+1	2.8340E-4
1.5376E+1	2.4560E-4
1.5414E+1	2.0760E-4
1.5452E+1	1.6204E-4
1.5490E+1	1.2954E-4
1.5528E+1	7.9433E-5
1.5566E+1	2.7891E-5
1.5604E+1	4.1237E-6
1.5641E+1	-2.6616E-5
1.5679E+1	-5.9924E-5
1.5717E+1	-6.0761E-5
1.5755E+1	-6.2142E-5
1.5793E+1	-5.2216E-5
1.5831E+1	-4.2388E-5
1.5869E+1	-1.1136E-5
1.5906E+1	2.1261E-5
1.5944E+1	5.5515E-5
1.5982E+1	8.6473E-5
1.6020E+1	1.1542E-4
1.6058E+1	1.2589E-4
1.6096E+1	1.3040E-4
1.6134E+1	1.2026E-4
1.6171E+1	1.0780E-4
1.6209E+1	8.5324E-5
1.6247E+1	6.7908E-5
1.6285E+1	5.6150E-5
1.6323E+1	3.8294E-5
1.6361E+1	2.3248E-5
1.6399E+1	1.1715E-5
1.6437E+1	-6.0363E-7
1.6474E+1	-6.7156E-6
1.6512E+1	-6.0738E-6
1.6550E+1	-2.0583E-5
1.6588E+1	-1.5661E-5
1.6626E+1	-2.1343E-5
1.6664E+1	-2.2754E-5
1.6702E+1	-1.3222E-5
1.6739E+1	-2.4380E-5
1.6777E+1	-1.6178E-5
1.6815E+1	-1.7859E-5
1.6853E+1	-1.3203E-5
1.6891E+1	-1.2862E-5
1.6929E+1	-9.1949E-6
1.6967E+1	-1.6654E-5
1.7005E+1	-6.5529E-6
1.7042E+1	-4.5495E-6
1.7080E+1	-4.1031E-6
1.7118E+1	-2.9489E-6
1.7156E+1	-5.9349E-6
1.7194E+1	-4.3640E-6
1.7232E+1	-1.0938E-5
1.7270E+1	-8.5670E-6
1.7307E+1	-9.5756E-6
1.7345E+1	-1.2572E-9
1.7383E+1	-2.4517E-8
1.7421E+1	-1.3362E-7
