0.0000E+0	0.0000E+0
1.4165E+1	-2.9971E-6
1.4203E+1	-2.5622E-6
1.4240E+1	-3.0710E-5
1.4278E+1	-4.2315E-5
1.4316E+1	-5.9154E-5
1.4354E+1	-5.9215E-5
1.4392E+1	-4.9604E-5
1.4430E+1	-3.5550E-5
1.4468E+1	-1.2830E-5
1.4505E+1	8.2359E-5
1.4543E+1	2.5164E-4
1.4581E+1	6.8759E-4
1.4619E+1	1.0971E-3
1.4657E+1	1.8706E-3
1.4695E+1	2.7041E-3
1.4733E+1	3.2900E-3
1.4770E+1	3.7642E-3
1.4808E+1	4.0713E-3
1.4846E+1	4.0291E-3
1.4884E+1	3.5705E-3
1.4922E+1	3.1751E-3
1.4960E+1	2.4898E-3
1.4998E+1	1.9299E-3
1.5036E+1	1.3951E-3
1.5073E+1	9.6646E-4
1.5111E+1	6.2322E-4
1.5149E+1	3.5922E-4
1.5187E+1	1.9338E-4
1.5225E+1	1.1208E-4
1.5263E+1	5.5632E-5
1.5301E+1	4.3407E-5
1.5338E+1	2.7809E-5
1.5376E+1	1.2560E-5
1.5414E+1	-2.0872E-5
1.5452E+1	-4.9391E-5
1.5490E+1	-7.8033E-5
1.5528E+1	-1.2253E-4
1.5566E+1	-1.4948E-4
1.5604E+1	-1.7984E-4
1.5641E+1	-1.9304E-4
1.5679E+1	-1.9931E-4
1.5717E+1	-1.9455E-4
1.5755E+1	-1.7349E-4
1.5793E+1	-1.5307E-4
1.5831E+1	-1.2093E-4
1.5869E+1	-8.3877E-5
1.5906E+1	-4.7553E-5
1.5944E+1	-9.8537E-6
1.5982E+1	2.2991E-5
1.6020E+1	4.9466E-5
1.6058E+1	6.2061E-5
1.6096E+1	7.1585E-5
1.6134E+1	5.3570E-5
1.6171E+1	4.1170E-5
1.6209E+1	1.8993E-5
1.6247E+1	9.9240E-6
1.6285E+1	-5.2603E-6
1.6323E+1	-1.9491E-5
1.6361E+1	-3.1559E-5
1.6399E+1	-3.7127E-5
1.6437E+1	-5.5485E-5
1.6474E+1	-5.8010E-5
1.6512E+1	-6.3130E-5
1.6550E+1	-6.0145E-5
1.6588E+1	-5.2718E-5
1.6626E+1	-4.8288E-5
1.6664E+1	-4.7272E-5
1.6702E+1	-4.7028E-5
1.6739E+1	-4.2668E-5
1.6777E+1	-3.7330E-5
1.6815E+1	-3.4894E-5
1.6853E+1	-3.4444E-5
1.6891E+1	-2.0698E-5
1.6929E+1	-1.6597E-5
1.6967E+1	-2.2281E-5
1.7005E+1	-1.6696E-5
1.7042E+1	-1.7053E-5
1.7080E+1	-2.1415E-5
1.7118E+1	-1.4915E-5
1.7156E+1	-1.6499E-5
1.7194E+1	-1.1587E-5
1.7232E+1	-6.9344E-6
1.7270E+1	-3.5029E-6
1.7307E+1	-3.8704E-6
1.7345E+1	-5.7512E-7
1.7383E+1	-1.4229E-7
1.7421E+1	-6.0346E-7
