0.0000E+0	0.0000E+0
1.4165E+1	-1.6834E-6
1.4203E+1	-1.6048E-6
1.4240E+1	-2.2207E-5
1.4278E+1	-4.0446E-5
1.4316E+1	-4.9215E-5
1.4354E+1	-6.3619E-5
1.4392E+1	-5.6493E-5
1.4430E+1	-3.8115E-5
1.4468E+1	-2.3778E-5
1.4505E+1	7.0744E-5
1.4543E+1	2.3280E-4
1.4581E+1	6.6901E-4
1.4619E+1	1.0734E-3
1.4657E+1	1.8592E-3
1.4695E+1	2.7117E-3
1.4733E+1	3.3200E-3
1.4770E+1	3.8345E-3
1.4808E+1	4.1889E-3
1.4846E+1	4.1979E-3
1.4884E+1	3.7866E-3
1.4922E+1	3.4109E-3
1.4960E+1	2.7394E-3
1.4998E+1	2.1775E-3
1.5036E+1	1.6226E-3
1.5073E+1	1.1833E-3
1.5111E+1	7.9995E-4
1.5149E+1	5.3225E-4
1.5187E+1	3.4744E-4
1.5225E+1	2.4787E-4
1.5263E+1	1.7878E-4
1.5301E+1	1.4354E-4
1.5338E+1	1.2550E-4
1.5376E+1	1.0224E-4
1.5414E+1	6.6386E-5
1.5452E+1	3.0500E-5
1.5490E+1	-7.3514E-7
1.5528E+1	-4.6286E-5
1.5566E+1	-8.3705E-5
1.5604E+1	-1.1366E-4
1.5641E+1	-1.3788E-4
1.5679E+1	-1.4705E-4
1.5717E+1	-1.4737E-4
1.5755E+1	-1.3382E-4
1.5793E+1	-1.1490E-4
1.5831E+1	-9.0332E-5
1.5869E+1	-5.1601E-5
1.5906E+1	-6.4805E-6
1.5944E+1	3.7632E-5
1.5982E+1	7.9334E-5
1.6020E+1	1.1369E-4
1.6058E+1	1.2986E-4
1.6096E+1	1.2676E-4
1.6134E+1	1.1352E-4
1.6171E+1	1.0114E-4
1.6209E+1	7.5152E-5
1.6247E+1	5.4863E-5
1.6285E+1	3.8630E-5
1.6323E+1	1.4573E-5
1.6361E+1	-8.0686E-7
1.6399E+1	-1.1732E-5
1.6437E+1	-2.5350E-5
1.6474E+1	-3.0985E-5
1.6512E+1	-3.4429E-5
1.6550E+1	-3.8301E-5
1.6588E+1	-3.8253E-5
1.6626E+1	-3.1042E-5
1.6664E+1	-3.3642E-5
1.6702E+1	-2.9562E-5
1.6739E+1	-2.4271E-5
1.6777E+1	-2.5234E-5
1.6815E+1	-2.6322E-5
1.6853E+1	-1.9852E-5
1.6891E+1	-1.5711E-5
1.6929E+1	-1.4393E-5
1.6967E+1	-1.8185E-5
1.7005E+1	-1.4429E-5
1.7042E+1	-9.4964E-6
1.7080E+1	-5.9287E-6
1.7118E+1	-7.7177E-6
1.7156E+1	-1.0296E-5
1.7194E+1	-1.2189E-5
1.7232E+1	-3.8307E-6
1.7270E+1	-6.5688E-6
1.7307E+1	-4.3972E-6
1.7345E+1	2.0003E-7
1.7383E+1	-2.4386E-7
1.7421E+1	3.6068E-7
