0.0000E+0	0.0000E+0
1.4165E+1	-1.7793E-6
1.4203E+1	-1.8420E-6
1.4240E+1	-2.7981E-5
1.4278E+1	-4.5048E-5
1.4316E+1	-4.5815E-5
1.4354E+1	-5.3582E-5
1.4392E+1	-5.5229E-5
1.4430E+1	-3.4941E-5
1.4468E+1	-7.2342E-6
1.4505E+1	8.3176E-5
1.4543E+1	2.5334E-4
1.4581E+1	6.8316E-4
1.4619E+1	1.0810E-3
1.4657E+1	1.8509E-3
1.4695E+1	2.6614E-3
1.4733E+1	3.2495E-3
1.4770E+1	3.7189E-3
1.4808E+1	4.0284E-3
1.4846E+1	3.9913E-3
1.4884E+1	3.5549E-3
1.4922E+1	3.1581E-3
1.4960E+1	2.4757E-3
1.4998E+1	1.9240E-3
1.5036E+1	1.3850E-3
1.5073E+1	9.5787E-4
1.5111E+1	6.1566E-4
1.5149E+1	3.6853E-4
1.5187E+1	2.0334E-4
1.5225E+1	1.2135E-4
1.5263E+1	5.8018E-5
1.5301E+1	3.7247E-5
1.5338E+1	2.4739E-5
1.5376E+1	6.4315E-6
1.5414E+1	-1.8805E-5
1.5452E+1	-4.2297E-5
1.5490E+1	-7.1409E-5
1.5528E+1	-1.0864E-4
1.5566E+1	-1.4600E-4
1.5604E+1	-1.7220E-4
1.5641E+1	-1.8830E-4
1.5679E+1	-1.9335E-4
1.5717E+1	-1.8855E-4
1.5755E+1	-1.8207E-4
1.5793E+1	-1.4941E-4
1.5831E+1	-1.2164E-4
1.5869E+1	-9.5419E-5
1.5906E+1	-4.8222E-5
1.5944E+1	-9.2690E-6
1.5982E+1	1.7351E-5
1.6020E+1	5.6149E-5
1.6058E+1	5.8956E-5
1.6096E+1	5.9786E-5
1.6134E+1	5.3308E-5
1.6171E+1	4.4449E-5
1.6209E+1	2.0664E-5
1.6247E+1	-1.6926E-6
1.6285E+1	-5.3337E-6
1.6323E+1	-1.8442E-5
1.6361E+1	-4.1098E-5
1.6399E+1	-4.5598E-5
1.6437E+1	-5.0799E-5
1.6474E+1	-5.2060E-5
1.6512E+1	-5.9067E-5
1.6550E+1	-5.3568E-5
1.6588E+1	-5.2659E-5
1.6626E+1	-5.0917E-5
1.6664E+1	-5.3607E-5
1.6702E+1	-4.5847E-5
1.6739E+1	-4.3479E-5
1.6777E+1	-4.2857E-5
1.6815E+1	-4.1617E-5
1.6853E+1	-3.2836E-5
1.6891E+1	-3.2919E-5
1.6929E+1	-2.2939E-5
1.6967E+1	-2.5470E-5
1.7005E+1	-1.2770E-5
1.7042E+1	-1.5007E-5
1.7080E+1	-1.3441E-5
1.7118E+1	-1.6837E-5
1.7156E+1	-1.4722E-5
1.7194E+1	-1.0012E-5
1.7232E+1	-1.2070E-5
1.7270E+1	-9.7032E-6
1.7307E+1	-1.2416E-5
1.7345E+1	3.9720E-8
1.7383E+1	7.3089E-7
1.7421E+1	-2.5050E-7
