0.0000E+0	0.0000E+0
1.4165E+1	-2.8287E-6
1.4203E+1	-2.6310E-6
1.4240E+1	-3.5542E-5
1.4278E+1	-5.2989E-5
1.4316E+1	-6.4801E-5
1.4354E+1	-7.5503E-5
1.4392E+1	-7.6644E-5
1.4430E+1	-6.8829E-5
1.4468E+1	-6.4074E-5
1.4505E+1	1.9284E-5
1.4543E+1	1.7035E-4
1.4581E+1	5.8128E-4
1.4619E+1	9.7017E-4
1.4657E+1	1.7405E-3
1.4695E+1	2.5954E-3
1.4733E+1	3.2089E-3
1.4770E+1	3.7350E-3
1.4808E+1	4.1059E-3
1.4846E+1	4.1443E-3
1.4884E+1	3.7527E-3
1.4922E+1	3.4055E-3
1.4960E+1	2.7530E-3
1.4998E+1	2.1902E-3
1.5036E+1	1.6530E-3
1.5073E+1	1.2015E-3
1.5111E+1	8.3135E-4
1.5149E+1	5.5932E-4
1.5187E+1	3.7370E-4
1.5225E+1	2.6394E-4
1.5263E+1	1.8767E-4
1.5301E+1	1.5444E-4
1.5338E+1	1.2899E-4
1.5376E+1	1.0125E-4
1.5414E+1	6.7655E-5
1.5452E+1	3.8397E-5
1.5490E+1	-5.4015E-8
1.5528E+1	-3.4841E-5
1.5566E+1	-7.6164E-5
1.5604E+1	-9.7341E-5
1.5641E+1	-1.1675E-4
1.5679E+1	-1.3867E-4
1.5717E+1	-1.3449E-4
1.5755E+1	-1.2720E-4
1.5793E+1	-1.0078E-4
1.5831E+1	-8.2130E-5
1.5869E+1	-4.1980E-5
1.5906E+1	-2.4576E-6
1.5944E+1	3.4160E-5
1.5982E+1	7.0503E-5
1.6020E+1	9.7110E-5
1.6058E+1	1.1488E-4
1.6096E+1	1.1712E-4
1.6134E+1	1.0226E-4
1.6171E+1	7.9358E-5
1.6209E+1	5.0690E-5
1.6247E+1	3.9889E-5
1.6285E+1	2.6605E-5
1.6323E+1	1.4047E-5
1.6361E+1	-1.7703E-6
1.6399E+1	-1.7401E-5
1.6437E+1	-2.2340E-5
1.6474E+1	-2.9453E-5
1.6512E+1	-3.7458E-5
1.6550E+1	-3.6350E-5
1.6588E+1	-3.9789E-5
1.6626E+1	-4.1218E-5
1.6664E+1	-3.6499E-5
1.6702E+1	-3.5994E-5
1.6739E+1	-2.7676E-5
1.6777E+1	-2.7582E-5
1.6815E+1	-2.5318E-5
1.6853E+1	-2.6109E-5
1.6891E+1	-1.4603E-5
1.6929E+1	-1.6687E-5
1.6967E+1	-1.6695E-5
1.7005E+1	-2.1590E-5
1.7042E+1	-1.6157E-5
1.7080E+1	-1.4165E-5
1.7118E+1	-1.1513E-5
1.7156E+1	-1.1372E-5
1.7194E+1	-9.7678E-6
1.7232E+1	-1.1016E-5
1.7270E+1	-1.0292E-5
1.7307E+1	-1.6593E-5
1.7345E+1	-2.6221E-7
1.7383E+1	-5.1466E-7
1.7421E+1	8.8271E-9
