0.0000E+0	0.0000E+0
1.4165E+1	-4.4750E-8
1.4203E+1	4.5321E-7
1.4240E+1	-2.1947E-6
1.4278E+1	4.3673E-7
1.4316E+1	-1.3402E-6
1.4354E+1	-5.4869E-6
1.4392E+1	-1.5452E-6
1.4430E+1	-4.1126E-6
1.4468E+1	-1.0127E-5
1.4505E+1	-4.3361E-6
1.4543E+1	-6.8316E-6
1.4581E+1	-3.9620E-7
1.4619E+1	-3.8456E-6
1.4657E+1	-6.7145E-7
1.4695E+1	1.8691E-5
1.4733E+1	1.9773E-5
1.4770E+1	2.8422E-5
1.4808E+1	3.1227E-5
1.4846E+1	3.5397E-5
1.4884E+1	2.6444E-5
1.4922E+1	2.5336E-5
1.4960E+1	1.6993E-5
1.4998E+1	1.2956E-5
1.5036E+1	1.9579E-5
1.5073E+1	7.4894E-6
1.5111E+1	5.3846E-6
1.5149E+1	2.8189E-6
1.5187E+1	3.3616E-6
1.5225E+1	1.2073E-8
1.5263E+1	8.6849E-7
1.5301E+1	-2.4364E-7
1.5338E+1	-5.9978E-6
1.5376E+1	1.3334E-6
1.5414E+1	-5.2614E-6
1.5452E+1	3.1705E-6
1.5490E+1	8.9049E-6
1.5528E+1	-3.2179E-8
1.5566E+1	1.8238E-6
1.5604E+1	3.2173E-6
1.5641E+1	-5.6427E-6
1.5679E+1	4.5749E-6
1.5717E+1	-3.8098E-6
1.5755E+1	8.5255E-7
1.5793E+1	7.3676E-7
1.5831E+1	3.5464E-6
1.5869E+1	2.0807E-6
1.5906E+1	-4.9164E-6
1.5944E+1	-3.4228E-6
1.5982E+1	1.9993E-6
1.6020E+1	-1.2010E-6
1.6058E+1	-5.0279E-7
1.6096E+1	8.7167E-7
1.6134E+1	2.3755E-6
1.6171E+1	-7.9522E-8
1.6209E+1	3.9461E-6
1.6247E+1	-1.6540E-6
1.6285E+1	-3.0508E-6
1.6323E+1	-5.8966E-6
1.6361E+1	4.1504E-6
1.6399E+1	-5.6426E-6
1.6437E+1	-2.7392E-6
1.6474E+1	1.8034E-7
1.6512E+1	2.3846E-6
1.6550E+1	2.5793E-6
1.6588E+1	3.8488E-6
1.6626E+1	-5.5251E-7
1.6664E+1	-2.8463E-6
1.6702E+1	2.4069E-7
1.6739E+1	-3.8512E-6
1.6777E+1	-3.0406E-6
1.6815E+1	1.9956E-6
1.6853E+1	-1.2553E-6
1.6891E+1	4.2562E-7
1.6929E+1	4.1524E-7
1.6967E+1	-1.0219E-6
1.7005E+1	1.7374E-6
1.7042E+1	-5.8522E-6
1.7080E+1	-2.8942E-6
1.7118E+1	-3.4997E-6
1.7156E+1	1.9608E-6
1.7194E+1	-9.3563E-8
1.7232E+1	-2.4423E-6
1.7270E+1	3.1652E-6
1.7307E+1	7.6714E-6
1.7345E+1	-6.0002E-6
1.7383E+1	-1.1018E-8
1.7421E+1	-2.1974E-7
