0.0000E+0	0.0000E+0
1.4165E+1	-5.1065E-7
1.4203E+1	3.8264E-7
1.4240E+1	-3.8597E-6
1.4278E+1	-2.0577E-6
1.4316E+1	-1.8858E-6
1.4354E+1	-4.0115E-6
1.4392E+1	6.4175E-7
1.4430E+1	-9.1083E-6
1.4468E+1	4.0877E-7
1.4505E+1	-3.2870E-6
1.4543E+1	-6.2352E-6
1.4581E+1	-5.9876E-6
1.4619E+1	-3.2694E-6
1.4657E+1	6.8871E-6
1.4695E+1	8.9348E-6
1.4733E+1	2.7935E-5
1.4770E+1	2.9006E-5
1.4808E+1	3.2513E-5
1.4846E+1	3.0286E-5
1.4884E+1	2.8714E-5
1.4922E+1	2.2114E-5
1.4960E+1	2.3632E-5
1.4998E+1	1.5437E-5
1.5036E+1	1.1144E-5
1.5073E+1	1.0696E-5
1.5111E+1	2.3739E-6
1.5149E+1	-7.2373E-7
1.5187E+1	1.6488E-6
1.5225E+1	2.8621E-7
1.5263E+1	1.9429E-6
1.5301E+1	1.1735E-5
1.5338E+1	9.2012E-6
1.5376E+1	9.5956E-6
1.5414E+1	8.2774E-6
1.5452E+1	1.2506E-5
1.5490E+1	5.4095E-6
1.5528E+1	6.5161E-6
1.5566E+1	8.2558E-6
1.5604E+1	6.6208E-6
1.5641E+1	5.1390E-6
1.5679E+1	2.5958E-6
1.5717E+1	3.3358E-6
1.5755E+1	3.9157E-6
1.5793E+1	-1.1941E-6
1.5831E+1	1.2820E-6
1.5869E+1	-2.5746E-6
1.5906E+1	-1.8968E-6
1.5944E+1	-2.4033E-6
1.5982E+1	1.9490E-6
1.6020E+1	5.4033E-6
1.6058E+1	8.8021E-7
1.6096E+1	-1.7491E-6
1.6134E+1	-6.3681E-6
1.6171E+1	-8.9026E-6
1.6209E+1	-6.6720E-6
1.6247E+1	-4.4670E-6
1.6285E+1	2.5257E-6
1.6323E+1	-6.7031E-6
1.6361E+1	-2.7292E-6
1.6399E+1	-1.7603E-6
1.6437E+1	1.4832E-6
1.6474E+1	-1.9172E-6
1.6512E+1	5.4643E-7
1.6550E+1	-3.3873E-6
1.6588E+1	-3.4081E-6
1.6626E+1	-2.2439E-6
1.6664E+1	-1.0024E-6
1.6702E+1	1.0999E-6
1.6739E+1	3.8904E-6
1.6777E+1	-2.5871E-6
1.6815E+1	-4.3882E-6
1.6853E+1	-1.4450E-6
1.6891E+1	-2.3914E-6
1.6929E+1	-5.5436E-6
1.6967E+1	-2.0288E-6
1.7005E+1	2.1387E-6
1.7042E+1	1.3952E-6
1.7080E+1	7.2874E-7
1.7118E+1	-5.8484E-6
1.7156E+1	2.0813E-6
1.7194E+1	1.1627E-6
1.7232E+1	-8.0551E-6
1.7270E+1	7.8850E-6
1.7307E+1	1.2569E-6
1.7345E+1	3.1461E-6
1.7383E+1	3.7974E-7
1.7421E+1	-3.0094E-7
