0.0000E+0	0.0000E+0
1.4165E+1	-2.7700E-7
1.4203E+1	-3.0140E-7
1.4240E+1	-9.7868E-7
1.4278E+1	-3.8247E-6
1.4316E+1	6.7268E-8
1.4354E+1	-6.0766E-8
1.4392E+1	-3.7438E-6
1.4430E+1	-2.8322E-6
1.4468E+1	-2.3151E-6
1.4505E+1	4.9342E-6
1.4543E+1	2.4812E-6
1.4581E+1	4.2674E-6
1.4619E+1	-7.1124E-7
1.4657E+1	4.3848E-6
1.4695E+1	8.0972E-6
1.4733E+1	1.5932E-5
1.4770E+1	1.8497E-5
1.4808E+1	2.6323E-5
1.4846E+1	3.2287E-5
1.4884E+1	3.0637E-5
1.4922E+1	2.5064E-5
1.4960E+1	1.3930E-5
1.4998E+1	1.2614E-5
1.5036E+1	9.2710E-6
1.5073E+1	3.3805E-6
1.5111E+1	1.4281E-6
1.5149E+1	-1.4367E-6
1.5187E+1	8.7758E-7
1.5225E+1	-7.4527E-7
1.5263E+1	-5.3621E-6
1.5301E+1	2.1918E-7
1.5338E+1	-1.5955E-6
1.5376E+1	7.9899E-7
1.5414E+1	-1.3565E-6
1.5452E+1	4.3935E-6
1.5490E+1	1.7680E-6
1.5528E+1	2.7623E-6
1.5566E+1	2.0520E-8
1.5604E+1	1.2075E-6
1.5641E+1	3.2701E-6
1.5679E+1	-9.9212E-7
1.5717E+1	1.7334E-6
1.5755E+1	8.4674E-7
1.5793E+1	-3.6451E-6
1.5831E+1	-3.2344E-6
1.5869E+1	-7.7071E-6
1.5906E+1	-5.1499E-6
1.5944E+1	-4.8745E-6
1.5982E+1	-2.2331E-6
1.6020E+1	-2.8124E-6
1.6058E+1	-6.5282E-7
1.6096E+1	-1.1627E-6
1.6134E+1	-3.3537E-6
1.6171E+1	-1.2684E-6
1.6209E+1	1.4805E-6
1.6247E+1	5.1165E-6
1.6285E+1	-3.6060E-6
1.6323E+1	-1.8656E-6
1.6361E+1	-6.9304E-6
1.6399E+1	1.8735E-6
1.6437E+1	1.9555E-6
1.6474E+1	-7.2771E-7
1.6512E+1	1.0566E-6
1.6550E+1	3.7461E-6
1.6588E+1	3.7043E-6
1.6626E+1	4.5914E-6
1.6664E+1	-3.1517E-6
1.6702E+1	4.6745E-6
1.6739E+1	1.5801E-6
1.6777E+1	3.2728E-6
1.6815E+1	-3.7160E-7
1.6853E+1	-6.6458E-7
1.6891E+1	-2.7909E-6
1.6929E+1	1.2704E-6
1.6967E+1	3.5001E-7
1.7005E+1	1.6806E-6
1.7042E+1	3.5106E-6
1.7080E+1	-2.2996E-6
1.7118E+1	-3.8974E-6
1.7156E+1	-2.9368E-6
1.7194E+1	-3.3284E-6
1.7232E+1	5.6733E-6
1.7270E+1	-4.1364E-6
1.7307E+1	3.5527E-6
1.7345E+1	2.5819E-6
1.7383E+1	1.4553E-8
1.7421E+1	5.4236E-7
