0.0000E+0	0.0000E+0
1.4165E+1	5.4508E-8
1.4203E+1	1.6344E-7
1.4240E+1	8.6041E-6
1.4278E+1	-1.9250E-6
1.4316E+1	-1.0580E-6
1.4354E+1	-4.8008E-6
1.4392E+1	-2.7626E-6
1.4430E+1	-5.4939E-6
1.4468E+1	-4.6419E-6
1.4505E+1	3.4695E-7
1.4543E+1	-4.7331E-6
1.4581E+1	-2.1787E-6
1.4619E+1	7.1866E-6
1.4657E+1	2.1591E-6
1.4695E+1	1.2129E-5
1.4733E+1	2.0292E-5
1.4770E+1	2.6681E-5
1.4808E+1	3.1568E-5
1.4846E+1	3.2834E-5
1.4884E+1	2.6975E-5
1.4922E+1	2.6952E-5
1.4960E+1	1.8988E-5
1.4998E+1	1.9127E-5
1.5036E+1	1.6330E-5
1.5073E+1	1.2344E-5
1.5111E+1	7.5073E-6
1.5149E+1	3.9310E-6
1.5187E+1	-3.9583E-6
1.5225E+1	2.4804E-6
1.5263E+1	-8.2798E-7
1.5301E+1	1.0887E-6
1.5338E+1	4.7797E-6
1.5376E+1	5.0498E-6
1.5414E+1	-9.2948E-7
1.5452E+1	1.6730E-7
1.5490E+1	1.4335E-6
1.5528E+1	7.9812E-6
1.5566E+1	1.9935E-6
1.5604E+1	6.2899E-6
1.5641E+1	6.0645E-6
1.5679E+1	-4.0270E-6
1.5717E+1	1.4306E-6
1.5755E+1	-1.9350E-6
1.5793E+1	-1.5799E-6
1.5831E+1	8.4228E-7
1.5869E+1	-8.5998E-7
1.5906E+1	-1.5266E-6
1.5944E+1	-2.1001E-6
1.5982E+1	-1.5828E-6
1.6020E+1	-2.2327E-6
1.6058E+1	-1.5680E-6
1.6096E+1	-4.0135E-6
1.6134E+1	-7.5667E-7
1.6171E+1	-2.8450E-6
1.6209E+1	-3.2846E-6
1.6247E+1	-3.8854E-6
1.6285E+1	-2.7675E-6
1.6323E+1	6.8794E-7
1.6361E+1	-2.5557E-6
1.6399E+1	-3.3952E-6
1.6437E+1	-4.9058E-6
1.6474E+1	-4.3320E-6
1.6512E+1	6.1914E-7
1.6550E+1	-6.4939E-6
1.6588E+1	3.3690E-6
1.6626E+1	-6.5542E-7
1.6664E+1	-6.5462E-7
1.6702E+1	-4.5582E-6
1.6739E+1	-1.3315E-6
1.6777E+1	-3.5425E-6
1.6815E+1	2.4111E-6
1.6853E+1	3.4374E-6
1.6891E+1	9.0751E-6
1.6929E+1	9.0896E-6
1.6967E+1	-5.2615E-6
1.7005E+1	2.3866E-6
1.7042E+1	-2.7432E-6
1.7080E+1	1.1061E-6
1.7118E+1	-1.2515E-6
1.7156E+1	3.0294E-6
1.7194E+1	1.7545E-6
1.7232E+1	-2.6589E-6
1.7270E+1	-1.8878E-6
1.7307E+1	4.3758E-6
1.7345E+1	-1.9777E-6
1.7383E+1	-9.1880E-7
1.7421E+1	-3.5995E-7
