0.0000E+0	0.0000E+0
1.4165E+1	1.7160E-7
1.4203E+1	-4.0562E-7
1.4240E+1	6.7615E-7
1.4278E+1	-1.9950E-6
1.4316E+1	-1.2242E-6
1.4354E+1	-2.5895E-6
1.4392E+1	-6.2634E-7
1.4430E+1	-2.2610E-6
1.4468E+1	-9.5617E-6
1.4505E+1	-7.5953E-6
1.4543E+1	-8.0095E-6
1.4581E+1	-2.7997E-6
1.4619E+1	1.5118E-6
1.4657E+1	-4.2073E-6
1.4695E+1	3.7171E-6
1.4733E+1	1.0863E-5
1.4770E+1	7.1984E-6
1.4808E+1	1.3609E-5
1.4846E+1	2.3225E-5
1.4884E+1	1.8552E-5
1.4922E+1	2.5277E-5
1.4960E+1	1.6672E-5
1.4998E+1	1.3622E-5
1.5036E+1	5.0139E-6
1.5073E+1	6.2064E-6
1.5111E+1	2.8460E-6
1.5149E+1	-5.8241E-6
1.5187E+1	-8.2567E-6
1.5225E+1	-6.6067E-6
1.5263E+1	-3.7979E-6
1.5301E+1	-1.1784E-5
1.5338E+1	-5.2688E-6
1.5376E+1	-9.7916E-6
1.5414E+1	-2.0503E-6
1.5452E+1	-4.4544E-6
1.5490E+1	4.1581E-6
1.5528E+1	-4.4938E-6
1.5566E+1	-8.4836E-7
1.5604E+1	1.8249E-6
1.5641E+1	-1.7267E-6
1.5679E+1	3.5939E-6
1.5717E+1	-6.4197E-6
1.5755E+1	-4.4480E-6
1.5793E+1	-4.6058E-6
1.5831E+1	-4.2609E-6
1.5869E+1	-7.0937E-6
1.5906E+1	-7.1520E-7
1.5944E+1	-8.4030E-6
1.5982E+1	-7.5181E-6
1.6020E+1	-3.0445E-6
1.6058E+1	-8.1110E-6
1.6096E+1	-3.2264E-6
1.6134E+1	-4.2352E-6
1.6171E+1	-8.4412E-6
1.6209E+1	-8.2563E-6
1.6247E+1	2.0795E-8
1.6285E+1	3.0456E-6
1.6323E+1	-1.6787E-7
1.6361E+1	-2.3438E-6
1.6399E+1	1.9774E-6
1.6437E+1	-3.5211E-6
1.6474E+1	-5.0454E-6
1.6512E+1	4.3134E-6
1.6550E+1	-9.2360E-6
1.6588E+1	-1.2042E-6
1.6626E+1	-4.0776E-6
1.6664E+1	-1.2443E-6
1.6702E+1	-4.4743E-6
1.6739E+1	1.8438E-6
1.6777E+1	-1.0152E-6
1.6815E+1	4.8289E-6
1.6853E+1	-1.3706E-6
1.6891E+1	-4.3425E-6
1.6929E+1	-4.6866E-6
1.6967E+1	-6.0166E-6
1.7005E+1	-2.9561E-6
1.7042E+1	-2.9275E-7
1.7080E+1	-6.0542E-7
1.7118E+1	8.9045E-6
1.7156E+1	5.6134E-6
1.7194E+1	-2.7274E-8
1.7232E+1	-1.3375E-6
1.7270E+1	-1.8408E-6
1.7307E+1	-2.1471E-6
1.7345E+1	-3.3303E-6
1.7383E+1	-2.2997E-7
1.7421E+1	6.3141E-7
