0.0000E+0	0.0000E+0
1.4165E+1	-2.4894E-7
1.4203E+1	4.1810E-8
1.4240E+1	-1.0722E-6
1.4278E+1	7.6578E-6
1.4316E+1	3.4380E-6
1.4354E+1	-2.2282E-6
1.4392E+1	2.0523E-6
1.4430E+1	-1.6421E-6
1.4468E+1	-1.7776E-6
1.4505E+1	-2.7443E-6
1.4543E+1	2.5629E-7
1.4581E+1	-3.1193E-6
1.4619E+1	-4.5566E-6
1.4657E+1	7.5750E-6
1.4695E+1	7.0731E-6
1.4733E+1	1.4312E-5
1.4770E+1	2.4337E-5
1.4808E+1	2.5582E-5
1.4846E+1	2.9045E-5
1.4884E+1	2.9604E-5
1.4922E+1	2.7675E-5
1.4960E+1	1.9560E-5
1.4998E+1	1.8007E-5
1.5036E+1	7.0469E-6
1.5073E+1	7.1949E-6
1.5111E+1	4.6297E-6
1.5149E+1	5.5068E-6
1.5187E+1	2.4412E-6
1.5225E+1	-6.0105E-6
1.5263E+1	-5.7436E-6
1.5301E+1	-1.4508E-6
1.5338E+1	-1.5915E-6
1.5376E+1	2.1573E-6
1.5414E+1	3.9916E-6
1.5452E+1	2.1813E-6
1.5490E+1	2.4974E-6
1.5528E+1	6.1072E-6
1.5566E+1	4.5700E-7
1.5604E+1	4.2811E-7
1.5641E+1	2.7196E-7
1.5679E+1	4.6746E-6
1.5717E+1	-1.2417E-6
1.5755E+1	3.9674E-7
1.5793E+1	-1.4817E-7
1.5831E+1	1.2320E-7
1.5869E+1	4.0698E-6
1.5906E+1	-4.1568E-7
1.5944E+1	7.1416E-7
1.5982E+1	-5.1955E-6
1.6020E+1	-4.5164E-6
1.6058E+1	-1.0625E-6
1.6096E+1	-2.8475E-6
1.6134E+1	-8.8213E-7
1.6171E+1	-4.8923E-6
1.6209E+1	-2.9301E-8
1.6247E+1	-3.8445E-6
1.6285E+1	-3.8933E-6
1.6323E+1	-3.1930E-6
1.6361E+1	-6.7229E-6
1.6399E+1	3.2115E-6
1.6437E+1	-1.5415E-6
1.6474E+1	1.9293E-6
1.6512E+1	-1.0067E-6
1.6550E+1	-2.9149E-8
1.6588E+1	-5.9543E-7
1.6626E+1	-6.8285E-7
1.6664E+1	6.1056E-7
1.6702E+1	-1.3089E-7
1.6739E+1	-7.0502E-7
1.6777E+1	-1.6030E-6
1.6815E+1	-7.6920E-8
1.6853E+1	-3.9243E-6
1.6891E+1	-1.5187E-6
1.6929E+1	-1.6739E-6
1.6967E+1	-4.8970E-6
1.7005E+1	4.6971E-6
1.7042E+1	2.8285E-7
1.7080E+1	-6.5738E-8
1.7118E+1	5.3444E-7
1.7156E+1	-7.8455E-7
1.7194E+1	1.8461E-6
1.7232E+1	6.9378E-6
1.7270E+1	4.8240E-7
1.7307E+1	5.2139E-6
1.7345E+1	4.1681E-6
1.7383E+1	-4.2234E-7
1.7421E+1	-2.3665E-7
