0.0000E+0	0.0000E+0
1.4165E+1	2.1296E-8
1.4203E+1	2.9088E-7
1.4240E+1	3.9424E-6
1.4278E+1	6.9652E-6
1.4316E+1	-4.4422E-6
1.4354E+1	-1.1892E-5
1.4392E+1	-6.1101E-6
1.4430E+1	-3.0676E-6
1.4468E+1	-4.8175E-6
1.4505E+1	-5.1133E-6
1.4543E+1	-4.8368E-6
1.4581E+1	-2.1339E-6
1.4619E+1	-7.8338E-6
1.4657E+1	3.5342E-6
1.4695E+1	1.0166E-5
1.4733E+1	1.4003E-5
1.4770E+1	2.3187E-5
1.4808E+1	3.1696E-5
1.4846E+1	2.4877E-5
1.4884E+1	3.0494E-5
1.4922E+1	2.2927E-5
1.4960E+1	1.6160E-5
1.4998E+1	1.5862E-5
1.5036E+1	4.2811E-6
1.5073E+1	9.0057E-6
1.5111E+1	4.0832E-6
1.5149E+1	8.8908E-6
1.5187E+1	-2.0460E-6
1.5225E+1	-7.0477E-7
1.5263E+1	4.3917E-6
1.5301E+1	-1.3036E-6
1.5338E+1	1.4883E-6
1.5376E+1	8.5529E-6
1.5414E+1	9.3605E-6
1.5452E+1	6.6885E-6
1.5490E+1	8.4666E-6
1.5528E+1	9.3548E-7
1.5566E+1	4.2104E-6
1.5604E+1	-2.4298E-6
1.5641E+1	1.1344E-6
1.5679E+1	7.6993E-7
1.5717E+1	1.9754E-6
1.5755E+1	-3.8329E-6
1.5793E+1	-1.5574E-6
1.5831E+1	-5.1769E-6
1.5869E+1	-4.4320E-6
1.5906E+1	-2.5501E-6
1.5944E+1	1.0120E-6
1.5982E+1	-6.6623E-6
1.6020E+1	-2.6867E-6
1.6058E+1	1.3983E-6
1.6096E+1	-5.1132E-6
1.6134E+1	-3.0986E-6
1.6171E+1	-4.1157E-6
1.6209E+1	-5.8683E-6
1.6247E+1	4.8118E-6
1.6285E+1	-1.4029E-6
1.6323E+1	-1.0780E-6
1.6361E+1	1.3855E-7
1.6399E+1	-4.5744E-6
1.6437E+1	-5.9604E-6
1.6474E+1	-6.9695E-7
1.6512E+1	6.2323E-6
1.6550E+1	3.0778E-7
1.6588E+1	-1.7852E-6
1.6626E+1	1.5698E-6
1.6664E+1	2.4235E-6
1.6702E+1	-6.3705E-6
1.6739E+1	-5.5263E-7
1.6777E+1	-8.9146E-7
1.6815E+1	-2.7782E-6
1.6853E+1	3.2850E-6
1.6891E+1	1.1419E-8
1.6929E+1	7.3114E-6
1.6967E+1	3.7270E-6
1.7005E+1	5.2262E-6
1.7042E+1	-3.0402E-7
1.7080E+1	2.0100E-6
1.7118E+1	1.0573E-6
1.7156E+1	3.1921E-6
1.7194E+1	-4.0087E-6
1.7232E+1	1.4383E-6
1.7270E+1	2.4401E-6
1.7307E+1	6.1706E-6
1.7345E+1	-1.5134E-6
1.7383E+1	3.0903E-7
1.7421E+1	6.3795E-8
