0.0000E+0	0.0000E+0
1.4165E+1	-2.4836E-7
1.4203E+1	-7.3947E-7
1.4240E+1	-5.4517E-7
1.4278E+1	3.4968E-6
1.4316E+1	-2.0270E-6
1.4354E+1	-5.9011E-6
1.4392E+1	-3.1438E-6
1.4430E+1	-1.3988E-6
1.4468E+1	-2.8612E-6
1.4505E+1	-4.1286E-6
1.4543E+1	-1.0520E-5
1.4581E+1	-3.2759E-6
1.4619E+1	-9.4757E-7
1.4657E+1	1.9167E-7
1.4695E+1	9.1085E-6
1.4733E+1	1.2847E-5
1.4770E+1	1.6308E-5
1.4808E+1	2.6985E-5
1.4846E+1	3.1304E-5
1.4884E+1	3.2635E-5
1.4922E+1	3.0316E-5
1.4960E+1	2.2228E-5
1.4998E+1	1.0798E-5
1.5036E+1	1.1164E-5
1.5073E+1	4.7910E-6
1.5111E+1	2.7785E-6
1.5149E+1	-2.9402E-6
1.5187E+1	3.0891E-6
1.5225E+1	-3.7983E-6
1.5263E+1	-5.8978E-6
1.5301E+1	1.9935E-6
1.5338E+1	2.8080E-6
1.5376E+1	5.9258E-6
1.5414E+1	2.4931E-6
1.5452E+1	8.3069E-6
1.5490E+1	-1.4499E-6
1.5528E+1	7.4010E-6
1.5566E+1	1.1469E-5
1.5604E+1	5.0114E-6
1.5641E+1	7.3087E-6
1.5679E+1	-4.7583E-7
1.5717E+1	8.1180E-6
1.5755E+1	-4.6965E-7
1.5793E+1	7.5348E-7
1.5831E+1	3.0112E-6
1.5869E+1	3.7042E-6
1.5906E+1	-4.5304E-6
1.5944E+1	2.0079E-6
1.5982E+1	-9.5086E-7
1.6020E+1	-1.7161E-6
1.6058E+1	-3.9880E-6
1.6096E+1	3.7157E-6
1.6134E+1	-3.6028E-6
1.6171E+1	-6.9578E-7
1.6209E+1	-4.9257E-6
1.6247E+1	-2.0745E-6
1.6285E+1	-9.8529E-7
1.6323E+1	-2.2699E-6
1.6361E+1	3.0279E-6
1.6399E+1	4.6295E-6
1.6437E+1	2.6245E-6
1.6474E+1	-9.1158E-7
1.6512E+1	-4.9917E-7
1.6550E+1	-1.3086E-6
1.6588E+1	-1.6158E-6
1.6626E+1	-2.1583E-6
1.6664E+1	4.2248E-7
1.6702E+1	1.0270E-6
1.6739E+1	2.8295E-6
1.6777E+1	-6.9910E-7
1.6815E+1	5.4739E-7
1.6853E+1	4.6200E-6
1.6891E+1	-8.4670E-7
1.6929E+1	-7.1880E-7
1.6967E+1	2.5356E-6
1.7005E+1	-3.2420E-6
1.7042E+1	-2.7659E-6
1.7080E+1	-1.5580E-6
1.7118E+1	1.4902E-6
1.7156E+1	9.2874E-7
1.7194E+1	-3.7474E-6
1.7232E+1	2.8586E-6
1.7270E+1	-2.5503E-6
1.7307E+1	-1.1310E-6
1.7345E+1	3.5343E-6
1.7383E+1	-6.9252E-8
1.7421E+1	-2.0718E-8
