0.0000E+0	0.0000E+0
1.4165E+1	3.2993E-7
1.4203E+1	-1.0953E-7
1.4240E+1	-4.4237E-6
1.4278E+1	-3.3922E-7
1.4316E+1	8.0592E-8
1.4354E+1	-5.5470E-6
1.4392E+1	-4.4125E-6
1.4430E+1	-5.9609E-6
1.4468E+1	-9.3514E-6
1.4505E+1	-2.8316E-6
1.4543E+1	-2.4953E-6
1.4581E+1	-3.6093E-7
1.4619E+1	3.0048E-6
1.4657E+1	3.2027E-6
1.4695E+1	6.9227E-6
1.4733E+1	1.7213E-5
1.4770E+1	2.3027E-5
1.4808E+1	3.0145E-5
1.4846E+1	2.8788E-5
1.4884E+1	2.2746E-5
1.4922E+1	2.1233E-5
1.4960E+1	2.4388E-5
1.4998E+1	1.7275E-5
1.5036E+1	1.1739E-5
1.5073E+1	9.9932E-6
1.5111E+1	6.5738E-6
1.5149E+1	1.0284E-6
1.5187E+1	-4.2365E-6
1.5225E+1	-8.2617E-7
1.5263E+1	3.0424E-7
1.5301E+1	3.6499E-6
1.5338E+1	4.4236E-6
1.5376E+1	2.7276E-6
1.5414E+1	6.1318E-6
1.5452E+1	1.0187E-5
1.5490E+1	4.0304E-6
1.5528E+1	2.5515E-6
1.5566E+1	4.1700E-7
1.5604E+1	-3.0936E-6
1.5641E+1	-1.6610E-6
1.5679E+1	-3.3569E-7
1.5717E+1	1.1750E-6
1.5755E+1	-2.3988E-6
1.5793E+1	-5.3848E-6
1.5831E+1	-2.3423E-6
1.5869E+1	-2.6711E-6
1.5906E+1	-6.5593E-6
1.5944E+1	-4.0353E-7
1.5982E+1	4.0792E-6
1.6020E+1	-3.4623E-6
1.6058E+1	-5.5827E-7
1.6096E+1	2.7424E-6
1.6134E+1	-1.6183E-6
1.6171E+1	5.9534E-6
1.6209E+1	-3.9681E-6
1.6247E+1	4.5935E-6
1.6285E+1	-8.6175E-7
1.6323E+1	-6.6567E-6
1.6361E+1	-3.2732E-6
1.6399E+1	-8.3030E-6
1.6437E+1	-2.2518E-6
1.6474E+1	-8.4953E-7
1.6512E+1	-7.7449E-6
1.6550E+1	-2.4372E-6
1.6588E+1	-6.9608E-6
1.6626E+1	1.8250E-6
1.6664E+1	-9.4621E-7
1.6702E+1	-1.8777E-6
1.6739E+1	3.6958E-7
1.6777E+1	-4.8474E-6
1.6815E+1	2.6219E-6
1.6853E+1	-3.9863E-6
1.6891E+1	-1.5095E-6
1.6929E+1	-2.0090E-6
1.6967E+1	-1.3292E-6
1.7005E+1	1.4401E-7
1.7042E+1	2.9957E-6
1.7080E+1	6.5372E-7
1.7118E+1	5.5381E-8
1.7156E+1	-4.1207E-6
1.7194E+1	2.5629E-6
1.7232E+1	7.9354E-7
1.7270E+1	4.6579E-6
1.7307E+1	4.5537E-6
1.7345E+1	-2.5763E-6
1.7383E+1	-4.1736E-7
1.7421E+1	-2.5962E-7
