0.0000E+0	0.0000E+0
1.4165E+1	4.8195E-8
1.4203E+1	-1.5984E-7
1.4240E+1	4.8330E-6
1.4278E+1	-7.4508E-6
1.4316E+1	3.8398E-6
1.4354E+1	2.0046E-6
1.4392E+1	-1.4295E-7
1.4430E+1	-3.1835E-6
1.4468E+1	-2.3231E-6
1.4505E+1	-1.3344E-6
1.4543E+1	-3.4653E-6
1.4581E+1	-2.8838E-6
1.4619E+1	1.8051E-6
1.4657E+1	5.3959E-7
1.4695E+1	9.8667E-6
1.4733E+1	1.4997E-5
1.4770E+1	1.8919E-5
1.4808E+1	2.7239E-5
1.4846E+1	2.7297E-5
1.4884E+1	2.7812E-5
1.4922E+1	2.3711E-5
1.4960E+1	2.6185E-5
1.4998E+1	1.4043E-5
1.5036E+1	1.1937E-5
1.5073E+1	6.3943E-6
1.5111E+1	1.0803E-6
1.5149E+1	-8.3189E-7
1.5187E+1	4.2321E-6
1.5225E+1	-2.8427E-6
1.5263E+1	-6.7308E-6
1.5301E+1	-4.2280E-6
1.5338E+1	-3.2392E-6
1.5376E+1	-2.6989E-6
1.5414E+1	7.8359E-6
1.5452E+1	9.1601E-6
1.5490E+1	-2.1128E-6
1.5528E+1	2.6420E-6
1.5566E+1	8.7201E-6
1.5604E+1	1.7574E-6
1.5641E+1	3.5873E-6
1.5679E+1	1.6280E-7
1.5717E+1	4.7381E-6
1.5755E+1	3.2952E-7
1.5793E+1	1.2816E-6
1.5831E+1	-1.1482E-6
1.5869E+1	-4.8827E-6
1.5906E+1	-1.4441E-6
1.5944E+1	2.2678E-7
1.5982E+1	-1.9533E-6
1.6020E+1	-4.5553E-6
1.6058E+1	-7.4129E-6
1.6096E+1	2.9799E-6
1.6134E+1	3.8848E-6
1.6171E+1	-3.5311E-6
1.6209E+1	1.2498E-7
1.6247E+1	-9.2364E-7
1.6285E+1	1.4739E-6
1.6323E+1	-1.9160E-6
1.6361E+1	5.6960E-8
1.6399E+1	-1.4448E-6
1.6437E+1	-4.7980E-6
1.6474E+1	-1.8110E-6
1.6512E+1	-2.1076E-6
1.6550E+1	-5.3328E-6
1.6588E+1	4.2732E-6
1.6626E+1	-1.9146E-6
1.6664E+1	-1.4904E-6
1.6702E+1	1.7245E-6
1.6739E+1	-2.8256E-6
1.6777E+1	-1.4455E-6
1.6815E+1	6.2275E-7
1.6853E+1	1.5058E-6
1.6891E+1	3.0250E-6
1.6929E+1	-6.2556E-6
1.6967E+1	-5.9710E-6
1.7005E+1	-4.8592E-6
1.7042E+1	-6.1217E-6
1.7080E+1	-8.1019E-6
1.7118E+1	-2.8107E-6
1.7156E+1	-2.2321E-6
1.7194E+1	-3.0629E-6
1.7232E+1	-1.2456E-6
1.7270E+1	-2.8398E-6
1.7307E+1	-6.5211E-6
1.7345E+1	-7.4135E-6
1.7383E+1	-3.4840E-7
1.7421E+1	2.0452E-7
