0.0000E+0	0.0000E+0
1.4165E+1	2.2285E-7
1.4203E+1	6.0844E-7
1.4240E+1	5.3784E-6
1.4278E+1	-1.4581E-6
1.4316E+1	-3.0991E-6
1.4354E+1	-5.5096E-6
1.4392E+1	-7.5684E-7
1.4430E+1	3.2792E-6
1.4468E+1	-7.7606E-7
1.4505E+1	2.3500E-6
1.4543E+1	-5.4513E-6
1.4581E+1	-4.1207E-6
1.4619E+1	-2.8801E-6
1.4657E+1	9.6442E-7
1.4695E+1	1.3095E-5
1.4733E+1	1.9757E-5
1.4770E+1	2.0724E-5
1.4808E+1	3.2000E-5
1.4846E+1	3.0704E-5
1.4884E+1	2.1780E-5
1.4922E+1	1.7890E-5
1.4960E+1	1.6534E-5
1.4998E+1	1.7594E-5
1.5036E+1	1.8890E-5
1.5073E+1	3.4015E-6
1.5111E+1	5.6043E-6
1.5149E+1	1.6055E-7
1.5187E+1	-5.0582E-6
1.5225E+1	2.4533E-6
1.5263E+1	-2.3419E-6
1.5301E+1	5.1029E-6
1.5338E+1	-3.5595E-6
1.5376E+1	9.0108E-7
1.5414E+1	2.1443E-7
1.5452E+1	3.3788E-7
1.5490E+1	3.7234E-6
1.5528E+1	5.4527E-6
1.5566E+1	2.8952E-6
1.5604E+1	2.0376E-6
1.5641E+1	3.9362E-6
1.5679E+1	-1.6194E-7
1.5717E+1	9.8811E-7
1.5755E+1	-2.4593E-6
1.5793E+1	2.1168E-6
1.5831E+1	3.2327E-6
1.5869E+1	3.7403E-6
1.5906E+1	1.2734E-6
1.5944E+1	1.9120E-6
1.5982E+1	3.1668E-6
1.6020E+1	-1.9622E-6
1.6058E+1	-5.7927E-6
1.6096E+1	-2.8800E-6
1.6134E+1	-4.1460E-6
1.6171E+1	-7.0590E-6
1.6209E+1	4.8757E-7
1.6247E+1	2.6778E-7
1.6285E+1	5.6433E-6
1.6323E+1	1.5080E-6
1.6361E+1	1.7405E-6
1.6399E+1	4.3045E-6
1.6437E+1	1.6596E-6
1.6474E+1	5.7519E-6
1.6512E+1	1.4560E-6
1.6550E+1	1.4056E-6
1.6588E+1	-4.8568E-6
1.6626E+1	-4.6439E-6
1.6664E+1	2.0215E-6
1.6702E+1	2.2829E-6
1.6739E+1	4.9409E-6
1.6777E+1	1.9709E-6
1.6815E+1	2.7623E-6
1.6853E+1	-2.0834E-6
1.6891E+1	-4.4989E-7
1.6929E+1	-3.4917E-6
1.6967E+1	-9.6774E-6
1.7005E+1	-4.8312E-6
1.7042E+1	1.1952E-6
1.7080E+1	-1.8837E-7
1.7118E+1	1.0211E-6
1.7156E+1	6.4899E-7
1.7194E+1	1.3523E-6
1.7232E+1	-4.0511E-6
1.7270E+1	2.0470E-7
1.7307E+1	4.3417E-7
1.7345E+1	-2.2957E-6
1.7383E+1	7.4113E-8
1.7421E+1	-4.4329E-7
