0.0000E+0	0.0000E+0
1.4165E+1	-3.4034E-7
1.4203E+1	-7.1879E-7
1.4240E+1	-6.4625E-7
1.4278E+1	-2.6160E-7
1.4316E+1	-1.6329E-6
1.4354E+1	2.1550E-6
1.4392E+1	-4.6203E-6
1.4430E+1	-5.7974E-6
1.4468E+1	-3.2429E-6
1.4505E+1	1.5658E-6
1.4543E+1	-3.6926E-6
1.4581E+1	-4.4136E-6
1.4619E+1	-2.3571E-6
1.4657E+1	4.1504E-6
1.4695E+1	1.3819E-5
1.4733E+1	1.8122E-5
1.4770E+1	2.7343E-5
1.4808E+1	2.4865E-5
1.4846E+1	2.7601E-5
1.4884E+1	2.1987E-5
1.4922E+1	2.2661E-5
1.4960E+1	1.7925E-5
1.4998E+1	1.6408E-5
1.5036E+1	1.4966E-5
1.5073E+1	6.2457E-6
1.5111E+1	1.6008E-6
1.5149E+1	5.3017E-6
1.5187E+1	-2.6266E-6
1.5225E+1	2.6871E-6
1.5263E+1	-2.2464E-6
1.5301E+1	-7.1051E-6
1.5338E+1	3.8658E-6
1.5376E+1	6.9300E-6
1.5414E+1	8.2629E-6
1.5452E+1	3.1618E-6
1.5490E+1	8.6456E-6
1.5528E+1	7.7926E-6
1.5566E+1	6.0916E-6
1.5604E+1	7.1742E-8
1.5641E+1	3.0386E-6
1.5679E+1	-3.8286E-7
1.5717E+1	-4.6477E-6
1.5755E+1	-1.9278E-6
1.5793E+1	4.4165E-7
1.5831E+1	3.3708E-6
1.5869E+1	2.6112E-6
1.5906E+1	6.2160E-7
1.5944E+1	1.4132E-6
1.5982E+1	-2.7818E-6
1.6020E+1	-6.6920E-6
1.6058E+1	-1.6578E-6
1.6096E+1	-1.3836E-6
1.6134E+1	-5.2121E-6
1.6171E+1	-1.1520E-6
1.6209E+1	-3.2347E-6
1.6247E+1	5.2342E-6
1.6285E+1	1.4441E-6
1.6323E+1	2.6379E-6
1.6361E+1	3.3785E-6
1.6399E+1	-2.1883E-6
1.6437E+1	5.2832E-6
1.6474E+1	9.3359E-7
1.6512E+1	-1.0273E-7
1.6550E+1	-1.2773E-6
1.6588E+1	-8.0469E-6
1.6626E+1	-2.6753E-6
1.6664E+1	1.2540E-6
1.6702E+1	5.6117E-7
1.6739E+1	-2.9901E-6
1.6777E+1	4.7596E-6
1.6815E+1	1.0595E-6
1.6853E+1	-3.9659E-6
1.6891E+1	-1.5919E-6
1.6929E+1	-5.6762E-6
1.6967E+1	-9.4724E-7
1.7005E+1	-6.1426E-6
1.7042E+1	1.3273E-6
1.7080E+1	2.9760E-6
1.7118E+1	-2.4029E-6
1.7156E+1	3.1727E-6
1.7194E+1	4.5862E-7
1.7232E+1	-1.7866E-6
1.7270E+1	-1.4029E-6
1.7307E+1	-5.6183E-7
1.7345E+1	-4.3086E-6
1.7383E+1	2.4166E-7
1.7421E+1	2.1927E-7
