0.0000E+0	0.0000E+0
1.4165E+1	-3.7344E-7
1.4203E+1	2.8196E-8
1.4240E+1	1.6669E-6
1.4278E+1	8.7979E-6
1.4316E+1	1.0396E-5
1.4354E+1	1.4284E-6
1.4392E+1	1.9438E-6
1.4430E+1	-8.3861E-6
1.4468E+1	-8.6319E-6
1.4505E+1	-9.9645E-6
1.4543E+1	-5.9290E-6
1.4581E+1	-9.4177E-6
1.4619E+1	-3.4516E-6
1.4657E+1	1.0414E-6
1.4695E+1	8.0708E-6
1.4733E+1	1.0453E-5
1.4770E+1	1.7184E-5
1.4808E+1	2.1274E-5
1.4846E+1	2.1556E-5
1.4884E+1	1.9029E-5
1.4922E+1	7.0533E-6
1.4960E+1	3.4370E-6
1.4998E+1	2.6901E-7
1.5036E+1	-1.7717E-6
1.5073E+1	-7.4266E-6
1.5111E+1	-2.6914E-6
1.5149E+1	1.6564E-6
1.5187E+1	-7.3400E-6
1.5225E+1	-1.5791E-5
1.5263E+1	-2.2747E-5
1.5301E+1	-2.5168E-5
1.5338E+1	-1.5226E-5
1.5376E+1	-1.4942E-5
1.5414E+1	-1.5755E-6
1.5452E+1	4.2265E-6
1.5490E+1	1.4892E-6
1.5528E+1	4.9099E-6
1.5566E+1	1.1585E-5
1.5604E+1	7.5521E-6
1.5641E+1	-2.4233E-6
1.5679E+1	-2.0465E-6
1.5717E+1	-2.4429E-6
1.5755E+1	-1.4453E-5
1.5793E+1	-1.8309E-5
1.5831E+1	-1.7742E-5
1.5869E+1	-1.1753E-5
1.5906E+1	-8.4239E-6
1.5944E+1	-4.6606E-6
1.5982E+1	7.1548E-6
1.6020E+1	1.4586E-5
1.6058E+1	1.0724E-5
1.6096E+1	1.1668E-6
1.6134E+1	4.6599E-6
1.6171E+1	-4.3762E-6
1.6209E+1	-8.0645E-6
1.6247E+1	-7.4328E-6
1.6285E+1	-4.8379E-6
1.6323E+1	-2.4111E-6
1.6361E+1	-7.5980E-7
1.6399E+1	3.1868E-6
1.6437E+1	3.8904E-6
1.6474E+1	3.5775E-6
1.6512E+1	-1.1034E-6
1.6550E+1	-1.1904E-5
1.6588E+1	-5.7547E-6
1.6626E+1	-1.3190E-5
1.6664E+1	-5.8589E-6
1.6702E+1	-4.6741E-6
1.6739E+1	1.4557E-6
1.6777E+1	1.8324E-6
1.6815E+1	5.4166E-6
1.6853E+1	1.0981E-6
1.6891E+1	-8.3076E-9
1.6929E+1	-9.2878E-6
1.6967E+1	-1.8716E-6
1.7005E+1	-8.4227E-6
1.7042E+1	2.0592E-6
1.7080E+1	1.4890E-6
1.7118E+1	4.9890E-6
1.7156E+1	-4.7638E-6
1.7194E+1	1.9886E-6
1.7232E+1	-3.1094E-6
1.7270E+1	-1.6709E-6
1.7307E+1	-5.6614E-6
1.7345E+1	-1.2956E-6
1.7383E+1	-8.1848E-7
1.7421E+1	3.7213E-8
