0.0000E+0	0.0000E+0
1.4165E+1	-4.2004E-7
1.4203E+1	-4.2298E-7
1.4240E+1	-3.7032E-6
1.4278E+1	-3.7488E-6
1.4316E+1	2.2832E-6
1.4354E+1	2.9800E-7
1.4392E+1	-4.0330E-6
1.4430E+1	-3.5082E-6
1.4468E+1	-5.0096E-6
1.4505E+1	-5.9960E-6
1.4543E+1	-4.3952E-6
1.4581E+1	-5.1869E-6
1.4619E+1	-1.5095E-7
1.4657E+1	7.3299E-6
1.4695E+1	1.5046E-5
1.4733E+1	1.4117E-5
1.4770E+1	2.3167E-5
1.4808E+1	3.2243E-5
1.4846E+1	3.6213E-5
1.4884E+1	2.3942E-5
1.4922E+1	2.7631E-5
1.4960E+1	1.8609E-5
1.4998E+1	1.6642E-5
1.5036E+1	9.8186E-6
1.5073E+1	6.4632E-6
1.5111E+1	3.6145E-6
1.5149E+1	-1.4967E-7
1.5187E+1	-1.4302E-6
1.5225E+1	-7.2781E-6
1.5263E+1	-1.7527E-6
1.5301E+1	-7.4881E-6
1.5338E+1	-1.7830E-6
1.5376E+1	2.3055E-6
1.5414E+1	6.2223E-6
1.5452E+1	8.7215E-6
1.5490E+1	9.5042E-6
1.5528E+1	1.0642E-5
1.5566E+1	4.8390E-6
1.5604E+1	-1.4203E-6
1.5641E+1	1.3843E-6
1.5679E+1	-1.8439E-6
1.5717E+1	6.1143E-6
1.5755E+1	-5.1453E-6
1.5793E+1	-2.8764E-7
1.5831E+1	-2.6919E-6
1.5869E+1	-2.0163E-6
1.5906E+1	-2.3638E-6
1.5944E+1	4.2552E-6
1.5982E+1	-3.7347E-6
1.6020E+1	-7.4255E-6
1.6058E+1	-7.1605E-7
1.6096E+1	-1.2333E-6
1.6134E+1	-2.4700E-6
1.6171E+1	-1.7775E-6
1.6209E+1	1.9159E-6
1.6247E+1	1.0298E-6
1.6285E+1	1.4789E-6
1.6323E+1	-1.0637E-7
1.6361E+1	-1.0619E-6
1.6399E+1	-3.3435E-6
1.6437E+1	-3.1330E-6
1.6474E+1	-6.0301E-6
1.6512E+1	4.5124E-8
1.6550E+1	-6.5028E-6
1.6588E+1	-5.2167E-6
1.6626E+1	-1.3546E-6
1.6664E+1	-4.2375E-6
1.6702E+1	8.2208E-7
1.6739E+1	-5.7218E-6
1.6777E+1	9.9989E-7
1.6815E+1	-9.5862E-7
1.6853E+1	-2.9353E-6
1.6891E+1	-5.8381E-6
1.6929E+1	1.8053E-6
1.6967E+1	6.9872E-8
1.7005E+1	-2.5093E-7
1.7042E+1	-9.6026E-8
1.7080E+1	-7.6711E-7
1.7118E+1	-4.3084E-6
1.7156E+1	-5.9397E-6
1.7194E+1	-1.3798E-6
1.7232E+1	-4.5099E-6
1.7270E+1	2.6951E-6
1.7307E+1	-1.7010E-7
1.7345E+1	-3.8359E-6
1.7383E+1	2.3225E-7
1.7421E+1	-2.4277E-7
