0.0000E+0	0.0000E+0
1.4165E+1	3.1164E-7
1.4203E+1	-8.2806E-8
1.4240E+1	3.5179E-6
1.4278E+1	3.0085E-6
1.4316E+1	-4.5847E-6
1.4354E+1	-4.9078E-7
1.4392E+1	3.5519E-6
1.4430E+1	9.3030E-7
1.4468E+1	-5.7564E-6
1.4505E+1	-4.6335E-6
1.4543E+1	-1.6105E-6
1.4581E+1	-3.2801E-6
1.4619E+1	-8.9389E-8
1.4657E+1	7.5916E-6
1.4695E+1	1.0330E-5
1.4733E+1	1.1194E-5
1.4770E+1	1.1375E-5
1.4808E+1	1.6930E-5
1.4846E+1	2.5974E-5
1.4884E+1	2.7127E-5
1.4922E+1	2.7785E-5
1.4960E+1	2.4668E-5
1.4998E+1	1.4801E-5
1.5036E+1	1.0386E-5
1.5073E+1	6.4901E-6
1.5111E+1	3.5997E-7
1.5149E+1	-6.3491E-8
1.5187E+1	7.4974E-8
1.5225E+1	-2.6087E-6
1.5263E+1	-3.6551E-6
1.5301E+1	-1.5366E-6
1.5338E+1	-1.2791E-7
1.5376E+1	2.3431E-6
1.5414E+1	3.9371E-6
1.5452E+1	1.1480E-5
1.5490E+1	5.1304E-6
1.5528E+1	6.0755E-6
1.5566E+1	3.4947E-7
1.5604E+1	4.0253E-6
1.5641E+1	-4.3962E-8
1.5679E+1	4.4811E-6
1.5717E+1	1.9929E-6
1.5755E+1	-8.2751E-6
1.5793E+1	2.9744E-7
1.5831E+1	5.2872E-7
1.5869E+1	-7.7913E-7
1.5906E+1	-2.1092E-6
1.5944E+1	-1.0994E-6
1.5982E+1	-7.7480E-6
1.6020E+1	-2.6308E-6
1.6058E+1	5.1592E-6
1.6096E+1	-2.5792E-7
1.6134E+1	-3.3781E-6
1.6171E+1	1.6457E-6
1.6209E+1	-9.6094E-7
1.6247E+1	-4.3909E-6
1.6285E+1	-4.4351E-6
1.6323E+1	3.8874E-6
1.6361E+1	1.0885E-6
1.6399E+1	-3.8407E-7
1.6437E+1	-2.8975E-7
1.6474E+1	3.5578E-6
1.6512E+1	3.1411E-6
1.6550E+1	-8.0206E-7
1.6588E+1	9.9173E-6
1.6626E+1	3.8257E-6
1.6664E+1	4.2900E-6
1.6702E+1	2.5629E-6
1.6739E+1	1.1393E-6
1.6777E+1	2.3817E-6
1.6815E+1	-5.5083E-6
1.6853E+1	-6.0887E-6
1.6891E+1	-2.0766E-6
1.6929E+1	-7.2157E-6
1.6967E+1	1.6663E-7
1.7005E+1	-3.6532E-7
1.7042E+1	-2.8704E-6
1.7080E+1	6.4589E-8
1.7118E+1	-4.8221E-7
1.7156E+1	1.0821E-6
1.7194E+1	-2.4455E-6
1.7232E+1	-2.8725E-6
1.7270E+1	-2.8665E-6
1.7307E+1	4.5738E-7
1.7345E+1	1.6453E-6
1.7383E+1	5.0668E-7
1.7421E+1	2.1504E-7
