0.0000E+0	0.0000E+0
1.4165E+1	-5.6136E-7
1.4203E+1	-6.1365E-7
1.4240E+1	-1.6035E-6
1.4278E+1	-2.5909E-6
1.4316E+1	8.2171E-7
1.4354E+1	-9.8291E-6
1.4392E+1	-5.4379E-6
1.4430E+1	-5.0693E-6
1.4468E+1	-1.4026E-6
1.4505E+1	-7.5682E-6
1.4543E+1	-3.9677E-6
1.4581E+1	-7.1200E-6
1.4619E+1	-2.6968E-6
1.4657E+1	-1.1306E-6
1.4695E+1	5.9782E-6
1.4733E+1	2.0471E-5
1.4770E+1	2.9986E-5
1.4808E+1	2.4265E-5
1.4846E+1	2.6351E-5
1.4884E+1	2.8842E-5
1.4922E+1	2.7338E-5
1.4960E+1	2.7472E-5
1.4998E+1	1.6771E-5
1.5036E+1	1.0027E-5
1.5073E+1	2.3862E-6
1.5111E+1	7.0949E-7
1.5149E+1	2.8228E-7
1.5187E+1	-5.9799E-6
1.5225E+1	-2.7318E-6
1.5263E+1	-2.8582E-6
1.5301E+1	-4.4059E-6
1.5338E+1	1.0023E-6
1.5376E+1	7.5824E-6
1.5414E+1	1.4833E-7
1.5452E+1	2.9227E-6
1.5490E+1	6.9751E-6
1.5528E+1	6.3750E-6
1.5566E+1	-2.6684E-6
1.5604E+1	1.8120E-6
1.5641E+1	-8.0439E-7
1.5679E+1	-1.4592E-6
1.5717E+1	-3.5201E-6
1.5755E+1	2.3183E-6
1.5793E+1	-1.4359E-7
1.5831E+1	-4.3654E-6
1.5869E+1	7.0098E-7
1.5906E+1	-3.0223E-6
1.5944E+1	-2.8041E-6
1.5982E+1	-3.0443E-6
1.6020E+1	-2.0977E-6
1.6058E+1	-8.4256E-6
1.6096E+1	-2.3129E-6
1.6134E+1	-3.3536E-6
1.6171E+1	4.8177E-6
1.6209E+1	-6.5869E-7
1.6247E+1	-1.4039E-7
1.6285E+1	4.8115E-6
1.6323E+1	-2.9762E-6
1.6361E+1	-2.8852E-6
1.6399E+1	-9.4214E-6
1.6437E+1	-3.6351E-6
1.6474E+1	-8.8742E-7
1.6512E+1	-1.0433E-6
1.6550E+1	-3.6835E-6
1.6588E+1	-2.1054E-6
1.6626E+1	-8.7598E-6
1.6664E+1	-1.0083E-6
1.6702E+1	-9.6031E-8
1.6739E+1	-4.6474E-6
1.6777E+1	-4.4057E-6
1.6815E+1	3.5111E-6
1.6853E+1	-1.8142E-6
1.6891E+1	-2.5671E-6
1.6929E+1	-4.6054E-7
1.6967E+1	-2.0400E-6
1.7005E+1	-5.5054E-6
1.7042E+1	-4.0257E-6
1.7080E+1	3.9612E-6
1.7118E+1	1.1814E-6
1.7156E+1	-1.9510E-6
1.7194E+1	-7.2324E-6
1.7232E+1	7.7870E-6
1.7270E+1	2.0867E-6
1.7307E+1	4.3774E-6
1.7345E+1	-1.8648E-6
1.7383E+1	5.3322E-8
1.7421E+1	7.5803E-7
