0.0000E+0	0.0000E+0
1.4165E+1	5.3354E-7
1.4203E+1	5.2677E-7
1.4240E+1	-4.6741E-7
1.4278E+1	1.6996E-7
1.4316E+1	-2.8414E-6
1.4354E+1	-9.7858E-7
1.4392E+1	-7.0709E-6
1.4430E+1	-8.6868E-6
1.4468E+1	-4.3220E-6
1.4505E+1	-7.4642E-6
1.4543E+1	-8.1513E-6
1.4581E+1	-1.8071E-6
1.4619E+1	5.5988E-6
1.4657E+1	5.2722E-6
1.4695E+1	1.4393E-5
1.4733E+1	1.9191E-5
1.4770E+1	2.4694E-5
1.4808E+1	2.3211E-5
1.4846E+1	2.3677E-5
1.4884E+1	2.9163E-5
1.4922E+1	2.5475E-5
1.4960E+1	1.8446E-5
1.4998E+1	1.2806E-5
1.5036E+1	6.7657E-6
1.5073E+1	7.1702E-6
1.5111E+1	-1.6777E-6
1.5149E+1	-2.9886E-6
1.5187E+1	-1.2383E-6
1.5225E+1	5.5408E-7
1.5263E+1	-5.4572E-6
1.5301E+1	-1.4119E-6
1.5338E+1	6.6906E-7
1.5376E+1	7.3935E-6
1.5414E+1	8.8602E-6
1.5452E+1	5.9246E-6
1.5490E+1	-1.3422E-8
1.5528E+1	1.0352E-6
1.5566E+1	7.2959E-6
1.5604E+1	-1.0812E-6
1.5641E+1	1.1362E-5
1.5679E+1	3.0542E-6
1.5717E+1	1.3911E-6
1.5755E+1	-1.9292E-6
1.5793E+1	4.0034E-6
1.5831E+1	2.3427E-6
1.5869E+1	6.4325E-7
1.5906E+1	-4.2234E-6
1.5944E+1	-4.6061E-7
1.5982E+1	3.7424E-6
1.6020E+1	-5.6207E-6
1.6058E+1	-1.2767E-6
1.6096E+1	-3.5644E-6
1.6134E+1	-7.5552E-6
1.6171E+1	2.8183E-7
1.6209E+1	-1.3432E-6
1.6247E+1	-3.0106E-6
1.6285E+1	1.2268E-6
1.6323E+1	4.3599E-6
1.6361E+1	4.1546E-6
1.6399E+1	2.1667E-6
1.6437E+1	-4.5056E-7
1.6474E+1	2.1314E-6
1.6512E+1	4.4464E-6
1.6550E+1	7.0612E-6
1.6588E+1	1.8442E-6
1.6626E+1	-1.0849E-6
1.6664E+1	-2.3744E-6
1.6702E+1	-3.3657E-7
1.6739E+1	-2.0435E-6
1.6777E+1	2.1419E-6
1.6815E+1	-7.8387E-6
1.6853E+1	6.3648E-7
1.6891E+1	-6.1534E-6
1.6929E+1	-4.2868E-6
1.6967E+1	-2.8293E-6
1.7005E+1	-5.8160E-6
1.7042E+1	-2.1487E-6
1.7080E+1	9.2768E-7
1.7118E+1	-1.4807E-6
1.7156E+1	3.8774E-6
1.7194E+1	3.4172E-6
1.7232E+1	-1.1654E-6
1.7270E+1	4.5582E-7
1.7307E+1	-1.5569E-6
1.7345E+1	-2.3224E-6
1.7383E+1	-4.8023E-7
1.7421E+1	-5.5035E-7
