0.0000E+0	0.0000E+0
1.4165E+1	-2.8240E-7
1.4203E+1	-5.4607E-7
1.4240E+1	8.7011E-8
1.4278E+1	3.7356E-6
1.4316E+1	-1.9109E-6
1.4354E+1	3.6640E-6
1.4392E+1	-3.0806E-6
1.4430E+1	-2.1843E-6
1.4468E+1	-6.9952E-6
1.4505E+1	-7.8686E-7
1.4543E+1	2.0523E-6
1.4581E+1	-3.7856E-6
1.4619E+1	5.8954E-6
1.4657E+1	1.1877E-5
1.4695E+1	1.7070E-5
1.4733E+1	2.5560E-5
1.4770E+1	3.0052E-5
1.4808E+1	3.2724E-5
1.4846E+1	2.4728E-5
1.4884E+1	3.0519E-5
1.4922E+1	2.4464E-5
1.4960E+1	1.4313E-5
1.4998E+1	1.0260E-5
1.5036E+1	8.6865E-6
1.5073E+1	1.2285E-6
1.5111E+1	3.9605E-7
1.5149E+1	1.9571E-6
1.5187E+1	-4.5417E-6
1.5225E+1	-2.3543E-6
1.5263E+1	-7.0432E-7
1.5301E+1	-1.0796E-6
1.5338E+1	4.4034E-6
1.5376E+1	9.8505E-6
1.5414E+1	2.9753E-6
1.5452E+1	6.6298E-6
1.5490E+1	4.0002E-6
1.5528E+1	1.0846E-5
1.5566E+1	6.3185E-6
1.5604E+1	1.2569E-5
1.5641E+1	4.8984E-6
1.5679E+1	5.1660E-6
1.5717E+1	-1.7333E-6
1.5755E+1	6.5239E-6
1.5793E+1	6.7088E-6
1.5831E+1	2.6969E-6
1.5869E+1	5.0481E-6
1.5906E+1	6.3784E-6
1.5944E+1	-1.6802E-6
1.5982E+1	2.1983E-6
1.6020E+1	1.2054E-6
1.6058E+1	3.3733E-6
1.6096E+1	3.0179E-6
1.6134E+1	-4.3901E-6
1.6171E+1	-7.7261E-6
1.6209E+1	-5.9525E-6
1.6247E+1	-1.0083E-6
1.6285E+1	1.4350E-6
1.6323E+1	-1.9618E-6
1.6361E+1	-7.4727E-7
1.6399E+1	-1.8686E-6
1.6437E+1	1.4387E-6
1.6474E+1	-2.9441E-6
1.6512E+1	3.2433E-6
1.6550E+1	-4.0856E-7
1.6588E+1	-5.6324E-7
1.6626E+1	-9.3832E-6
1.6664E+1	3.4590E-7
1.6702E+1	4.9676E-6
1.6739E+1	-3.1265E-6
1.6777E+1	4.3037E-6
1.6815E+1	1.6784E-6
1.6853E+1	3.5350E-7
1.6891E+1	3.4921E-6
1.6929E+1	-6.6238E-7
1.6967E+1	4.2711E-6
1.7005E+1	4.5486E-7
1.7042E+1	3.9410E-6
1.7080E+1	-1.0977E-6
1.7118E+1	-1.0195E-6
1.7156E+1	1.4672E-6
1.7194E+1	1.9007E-6
1.7232E+1	1.9878E-6
1.7270E+1	-4.7507E-6
1.7307E+1	7.9071E-7
1.7345E+1	-6.1256E-8
1.7383E+1	4.3637E-7
1.7421E+1	-1.1834E-7
