0.0000E+0	0.0000E+0
1.4165E+1	-2.5203E-7
1.4203E+1	2.6157E-7
1.4240E+1	1.0211E-6
1.4278E+1	2.1933E-6
1.4316E+1	6.1684E-6
1.4354E+1	-3.8196E-6
1.4392E+1	-5.9722E-7
1.4430E+1	-5.8483E-6
1.4468E+1	-2.0017E-6
1.4505E+1	3.3266E-7
1.4543E+1	-6.1566E-6
1.4581E+1	-2.5943E-6
1.4619E+1	-2.2501E-6
1.4657E+1	6.3724E-6
1.4695E+1	1.0319E-5
1.4733E+1	1.8571E-5
1.4770E+1	2.0441E-5
1.4808E+1	3.2344E-5
1.4846E+1	2.9596E-5
1.4884E+1	2.7880E-5
1.4922E+1	2.9651E-5
1.4960E+1	1.7775E-5
1.4998E+1	1.4767E-5
1.5036E+1	1.2634E-5
1.5073E+1	3.1167E-6
1.5111E+1	3.6544E-7
1.5149E+1	5.2947E-7
1.5187E+1	-3.4061E-6
1.5225E+1	-5.9750E-6
1.5263E+1	-5.6727E-6
1.5301E+1	4.4428E-6
1.5338E+1	5.9517E-6
1.5376E+1	3.8701E-6
1.5414E+1	6.8344E-6
1.5452E+1	7.7741E-7
1.5490E+1	6.5533E-6
1.5528E+1	7.6726E-6
1.5566E+1	3.2147E-6
1.5604E+1	2.0466E-6
1.5641E+1	4.0022E-6
1.5679E+1	-1.6880E-6
1.5717E+1	-7.7661E-6
1.5755E+1	-1.7453E-6
1.5793E+1	1.0293E-6
1.5831E+1	1.8686E-7
1.5869E+1	-3.0554E-6
1.5906E+1	5.1080E-7
1.5944E+1	-3.8956E-6
1.5982E+1	1.7123E-7
1.6020E+1	-4.9508E-6
1.6058E+1	-3.7379E-6
1.6096E+1	-6.2416E-6
1.6134E+1	1.3423E-6
1.6171E+1	-1.6642E-6
1.6209E+1	-2.1282E-6
1.6247E+1	-7.7985E-6
1.6285E+1	1.0520E-7
1.6323E+1	-3.6905E-6
1.6361E+1	-2.6868E-6
1.6399E+1	1.5780E-6
1.6437E+1	-3.6088E-6
1.6474E+1	9.3220E-7
1.6512E+1	7.7039E-7
1.6550E+1	5.1632E-7
1.6588E+1	1.1146E-6
1.6626E+1	2.2759E-6
1.6664E+1	2.7859E-6
1.6702E+1	3.1455E-6
1.6739E+1	4.2925E-6
1.6777E+1	-9.0895E-7
1.6815E+1	5.6545E-6
1.6853E+1	5.4625E-6
1.6891E+1	-1.4451E-6
1.6929E+1	-3.4884E-6
1.6967E+1	1.1044E-6
1.7005E+1	5.7236E-6
1.7042E+1	5.5234E-6
1.7080E+1	-3.9263E-6
1.7118E+1	1.4321E-6
1.7156E+1	3.3905E-6
1.7194E+1	-4.2577E-6
1.7232E+1	-4.8955E-6
1.7270E+1	-6.4522E-6
1.7307E+1	-7.8268E-6
1.7345E+1	-6.7532E-6
1.7383E+1	4.2502E-7
1.7421E+1	-4.0362E-7
