0.0000E+0	0.0000E+0
1.4172E+1	2.4337E-9
1.4210E+1	-2.6309E-7
1.4249E+1	1.8363E-6
1.4287E+1	-1.8069E-7
1.4325E+1	-2.6218E-6
1.4363E+1	1.2116E-6
1.4402E+1	-2.7353E-6
1.4440E+1	-1.1819E-6
1.4478E+1	2.3204E-6
1.4516E+1	2.8333E-6
1.4555E+1	1.2493E-6
1.4593E+1	1.3002E-7
1.4631E+1	-1.3877E-6
1.4669E+1	-2.0227E-6
1.4708E+1	-3.7911E-6
1.4746E+1	-2.0359E-6
1.4784E+1	-2.5474E-7
1.4822E+1	3.1816E-6
1.4861E+1	8.8593E-7
1.4899E+1	-2.1444E-6
1.4937E+1	8.9029E-7
1.4975E+1	2.0136E-6
1.5014E+1	1.1350E-6
1.5052E+1	1.6376E-6
1.5090E+1	2.7165E-6
1.5128E+1	-6.8098E-7
1.5167E+1	-2.0120E-6
1.5205E+1	7.0897E-7
1.5243E+1	1.4078E-6
1.5281E+1	-2.9831E-7
1.5320E+1	-8.1000E-7
1.5358E+1	-8.2858E-7
1.5396E+1	-1.1885E-6
1.5434E+1	-1.1135E-6
1.5473E+1	1.5689E-6
1.5511E+1	-2.6917E-6
1.5549E+1	-1.6181E-6
1.5587E+1	-7.4324E-7
1.5626E+1	-6.1449E-7
1.5664E+1	-8.3943E-9
1.5702E+1	-1.2082E-6
1.5740E+1	2.6627E-7
1.5779E+1	1.7785E-6
1.5817E+1	-1.6260E-6
1.5855E+1	1.2683E-6
1.5893E+1	2.6158E-6
1.5932E+1	1.5171E-6
1.5970E+1	4.0426E-6
1.6008E+1	-1.6735E-6
1.6046E+1	-8.9621E-7
1.6085E+1	1.3929E-6
1.6123E+1	1.2884E-6
1.6161E+1	-4.9455E-7
1.6199E+1	1.0840E-6
1.6238E+1	1.3341E-6
1.6276E+1	-1.2523E-6
1.6314E+1	2.3881E-6
1.6352E+1	-1.9924E-7
1.6391E+1	-2.1808E-9
1.6429E+1	-2.8184E-7
1.6467E+1	-2.3315E-6
1.6505E+1	-3.7740E-7
1.6544E+1	-4.9014E-7
1.6582E+1	-3.4895E-6
1.6620E+1	-2.2998E-7
1.6658E+1	9.6313E-7
1.6697E+1	-6.2036E-7
1.6735E+1	9.7952E-7
1.6773E+1	-4.1508E-7
1.6811E+1	1.5857E-6
1.6850E+1	-7.3720E-7
1.6888E+1	1.8709E-6
1.6926E+1	9.5672E-7
1.6964E+1	2.9409E-6
1.7003E+1	-2.6459E-7
1.7041E+1	1.0561E-6
1.7079E+1	2.1551E-7
1.7117E+1	2.3064E-6
1.7156E+1	9.5594E-7
1.7194E+1	1.1426E-6
1.7232E+1	-1.0192E-6
1.7270E+1	1.9278E-6
1.7309E+1	-3.6147E-6
1.7347E+1	2.3217E-6
1.7385E+1	-2.5552E-8
1.7423E+1	-1.2590E-7
