0.0000E+0	0.0000E+0
1.4172E+1	-9.1580E-8
1.4210E+1	-1.3329E-7
1.4249E+1	5.7801E-7
1.4287E+1	4.4017E-7
1.4325E+1	-3.4267E-7
1.4363E+1	-2.1933E-6
1.4402E+1	1.5981E-6
1.4440E+1	1.1911E-6
1.4478E+1	-2.9147E-7
1.4516E+1	-3.0522E-6
1.4555E+1	-5.1483E-6
1.4593E+1	-1.3418E-6
1.4631E+1	-1.5713E-6
1.4669E+1	-1.1467E-6
1.4708E+1	-4.7367E-6
1.4746E+1	-6.2636E-6
1.4784E+1	-2.6814E-6
1.4822E+1	6.2196E-6
1.4861E+1	6.9323E-7
1.4899E+1	-2.1579E-6
1.4937E+1	-3.3384E-6
1.4975E+1	2.2483E-6
1.5014E+1	3.7580E-6
1.5052E+1	4.4711E-6
1.5090E+1	3.7405E-6
1.5128E+1	-1.0754E-7
1.5167E+1	1.1687E-7
1.5205E+1	-2.9580E-7
1.5243E+1	2.8089E-6
1.5281E+1	2.7269E-7
1.5320E+1	4.6232E-6
1.5358E+1	5.1283E-7
1.5396E+1	1.9014E-7
1.5434E+1	3.3087E-6
1.5473E+1	1.3803E-6
1.5511E+1	-6.2010E-7
1.5549E+1	-5.5512E-7
1.5587E+1	-1.5225E-6
1.5626E+1	-1.1634E-6
1.5664E+1	2.9772E-7
1.5702E+1	1.5927E-6
1.5740E+1	-1.6682E-6
1.5779E+1	9.0070E-8
1.5817E+1	1.1199E-6
1.5855E+1	-2.9826E-7
1.5893E+1	-1.0206E-6
1.5932E+1	-2.3898E-6
1.5970E+1	-8.5042E-7
1.6008E+1	-1.1109E-6
1.6046E+1	9.1810E-7
1.6085E+1	-1.2971E-6
1.6123E+1	6.0759E-7
1.6161E+1	8.2197E-7
1.6199E+1	6.1727E-7
1.6238E+1	-2.8668E-6
1.6276E+1	-1.3269E-6
1.6314E+1	-6.4083E-7
1.6352E+1	-1.1112E-6
1.6391E+1	1.7341E-6
1.6429E+1	8.2383E-7
1.6467E+1	2.4454E-6
1.6505E+1	-6.7914E-7
1.6544E+1	2.2446E-6
1.6582E+1	1.7128E-6
1.6620E+1	7.7516E-7
1.6658E+1	-8.4688E-7
1.6697E+1	-7.3247E-7
1.6735E+1	6.1878E-7
1.6773E+1	-1.4803E-6
1.6811E+1	8.9291E-7
1.6850E+1	9.6205E-7
1.6888E+1	1.3898E-6
1.6926E+1	1.4068E-6
1.6964E+1	6.3366E-7
1.7003E+1	4.7369E-6
1.7041E+1	2.0858E-6
1.7079E+1	-9.7800E-7
1.7117E+1	1.1825E-6
1.7156E+1	-1.7395E-6
1.7194E+1	-1.7951E-6
1.7232E+1	-1.4317E-6
1.7270E+1	1.8158E-8
1.7309E+1	-1.0537E-7
1.7347E+1	6.8759E-7
1.7385E+1	7.3251E-9
1.7423E+1	8.7072E-8
