0.0000E+0	0.0000E+0
1.4172E+1	-1.2510E-7
1.4210E+1	-2.0897E-9
1.4249E+1	6.5352E-7
1.4287E+1	3.2379E-7
1.4325E+1	1.2879E-6
1.4363E+1	6.0491E-7
1.4402E+1	-1.6068E-7
1.4440E+1	3.7633E-7
1.4478E+1	1.0063E-6
1.4516E+1	-6.0118E-7
1.4555E+1	-2.5545E-6
1.4593E+1	-1.9256E-6
1.4631E+1	-2.8743E-6
1.4669E+1	-3.2523E-6
1.4708E+1	-6.9866E-6
1.4746E+1	-4.2905E-6
1.4784E+1	-1.4410E-6
1.4822E+1	2.1647E-6
1.4861E+1	-7.0545E-7
1.4899E+1	-2.7390E-6
1.4937E+1	-1.0811E-6
1.4975E+1	3.6381E-7
1.5014E+1	1.0163E-6
1.5052E+1	2.8040E-6
1.5090E+1	1.6848E-6
1.5128E+1	-3.6867E-6
1.5167E+1	-2.8551E-6
1.5205E+1	-2.1409E-6
1.5243E+1	2.2494E-6
1.5281E+1	-1.3196E-6
1.5320E+1	-9.9683E-7
1.5358E+1	1.2723E-6
1.5396E+1	-4.1673E-7
1.5434E+1	6.0284E-8
1.5473E+1	2.6241E-6
1.5511E+1	-3.1668E-7
1.5549E+1	3.1610E-6
1.5587E+1	-7.7129E-7
1.5626E+1	-1.1261E-6
1.5664E+1	-1.0849E-6
1.5702E+1	-4.9786E-7
1.5740E+1	1.4874E-6
1.5779E+1	2.0848E-6
1.5817E+1	1.7331E-7
1.5855E+1	-1.5469E-6
1.5893E+1	2.2342E-6
1.5932E+1	-6.5226E-7
1.5970E+1	1.9871E-6
1.6008E+1	1.5114E-6
1.6046E+1	9.7898E-7
1.6085E+1	-2.3791E-6
1.6123E+1	-2.1624E-6
1.6161E+1	1.3694E-6
1.6199E+1	1.8709E-6
1.6238E+1	1.3998E-6
1.6276E+1	9.3597E-7
1.6314E+1	-2.9081E-6
1.6352E+1	8.7213E-7
1.6391E+1	-1.2813E-6
1.6429E+1	1.2195E-7
1.6467E+1	1.0683E-6
1.6505E+1	5.5827E-7
1.6544E+1	1.9162E-6
1.6582E+1	-2.5304E-7
1.6620E+1	4.7886E-8
1.6658E+1	2.6006E-6
1.6697E+1	9.4744E-7
1.6735E+1	-9.0504E-7
1.6773E+1	-1.2620E-6
1.6811E+1	-3.6019E-7
1.6850E+1	-3.3302E-6
1.6888E+1	9.6817E-7
1.6926E+1	-7.6348E-7
1.6964E+1	-1.1717E-6
1.7003E+1	1.8758E-6
1.7041E+1	1.7218E-7
1.7079E+1	-9.0507E-7
1.7117E+1	1.3922E-6
1.7156E+1	1.6212E-6
1.7194E+1	2.0493E-6
1.7232E+1	-1.9917E-7
1.7270E+1	-2.2229E-7
1.7309E+1	-1.6181E-6
1.7347E+1	6.8666E-7
1.7385E+1	-2.1594E-8
1.7423E+1	-9.4649E-8
