0.0000E+0	0.0000E+0
1.4172E+1	-6.3668E-8
1.4210E+1	2.0858E-7
1.4249E+1	-3.1034E-7
1.4287E+1	1.2152E-6
1.4325E+1	4.3433E-6
1.4363E+1	4.3413E-7
1.4402E+1	4.0997E-7
1.4440E+1	-1.8910E-7
1.4478E+1	-4.3405E-7
1.4516E+1	-3.6319E-6
1.4555E+1	-4.5263E-6
1.4593E+1	-2.2336E-6
1.4631E+1	-6.4263E-6
1.4669E+1	-1.1547E-6
1.4708E+1	-2.7619E-6
1.4746E+1	-1.5140E-6
1.4784E+1	5.5492E-7
1.4822E+1	3.6489E-7
1.4861E+1	5.3551E-7
1.4899E+1	6.8272E-7
1.4937E+1	2.2195E-7
1.4975E+1	4.7424E-6
1.5014E+1	3.1603E-6
1.5052E+1	2.3340E-6
1.5090E+1	4.9042E-6
1.5128E+1	2.4453E-6
1.5167E+1	3.5389E-6
1.5205E+1	-3.4930E-7
1.5243E+1	-2.2321E-6
1.5281E+1	-2.5967E-7
1.5320E+1	-2.2975E-6
1.5358E+1	-4.5555E-7
1.5396E+1	1.2788E-7
1.5434E+1	7.7225E-7
1.5473E+1	-2.0794E-6
1.5511E+1	-2.8881E-6
1.5549E+1	-9.0355E-7
1.5587E+1	7.0892E-7
1.5626E+1	3.5715E-7
1.5664E+1	2.6925E-6
1.5702E+1	-9.8349E-7
1.5740E+1	1.6280E-6
1.5779E+1	-1.5147E-6
1.5817E+1	-2.8748E-6
1.5855E+1	3.0152E-7
1.5893E+1	-8.8963E-9
1.5932E+1	2.3628E-6
1.5970E+1	-4.4697E-7
1.6008E+1	1.9651E-7
1.6046E+1	3.0324E-8
1.6085E+1	2.3402E-6
1.6123E+1	1.5087E-6
1.6161E+1	-5.4179E-7
1.6199E+1	-1.7600E-6
1.6238E+1	-4.0516E-6
1.6276E+1	-1.0001E-6
1.6314E+1	-6.3276E-7
1.6352E+1	-1.2286E-6
1.6391E+1	1.3326E-6
1.6429E+1	2.1116E-6
1.6467E+1	2.1593E-6
1.6505E+1	-2.7103E-7
1.6544E+1	-1.0666E-6
1.6582E+1	4.7632E-7
1.6620E+1	6.0431E-7
1.6658E+1	2.1371E-6
1.6697E+1	-2.8225E-7
1.6735E+1	2.4306E-6
1.6773E+1	-2.6431E-6
1.6811E+1	4.1099E-6
1.6850E+1	1.4196E-6
1.6888E+1	1.2296E-6
1.6926E+1	6.1372E-8
1.6964E+1	-1.3918E-6
1.7003E+1	-2.0256E-6
1.7041E+1	3.5168E-7
1.7079E+1	8.7527E-7
1.7117E+1	-4.2890E-8
1.7156E+1	-1.5144E-6
1.7194E+1	-2.3702E-6
1.7232E+1	2.3299E-7
1.7270E+1	-3.4040E-6
1.7309E+1	-1.0173E-6
1.7347E+1	4.1250E-7
1.7385E+1	1.9579E-7
1.7423E+1	-1.1747E-7
