0.0000E+0	0.0000E+0
1.4172E+1	-1.6513E-7
1.4210E+1	2.9139E-9
1.4249E+1	-1.0119E-6
1.4287E+1	1.4909E-8
1.4325E+1	-4.1118E-7
1.4363E+1	-1.0449E-6
1.4402E+1	-3.2779E-7
1.4440E+1	-1.9824E-7
1.4478E+1	2.2610E-7
1.4516E+1	-1.2123E-6
1.4555E+1	-1.1746E-6
1.4593E+1	-8.3079E-8
1.4631E+1	1.6421E-6
1.4669E+1	-3.6089E-7
1.4708E+1	1.1514E-6
1.4746E+1	-4.5916E-7
1.4784E+1	-2.1571E-7
1.4822E+1	4.3565E-6
1.4861E+1	-1.6748E-6
1.4899E+1	-5.4140E-6
1.4937E+1	-2.3391E-6
1.4975E+1	-1.1596E-7
1.5014E+1	3.8166E-6
1.5052E+1	3.3035E-6
1.5090E+1	-3.0170E-6
1.5128E+1	-7.4480E-7
1.5167E+1	-1.9225E-6
1.5205E+1	-2.6532E-6
1.5243E+1	6.1599E-7
1.5281E+1	2.2293E-6
1.5320E+1	5.8488E-7
1.5358E+1	1.2508E-7
1.5396E+1	-1.6582E-7
1.5434E+1	-2.3602E-7
1.5473E+1	1.4729E-6
1.5511E+1	1.9706E-7
1.5549E+1	1.6875E-6
1.5587E+1	6.5549E-7
1.5626E+1	1.3433E-6
1.5664E+1	-1.8035E-6
1.5702E+1	5.8311E-7
1.5740E+1	-5.2932E-7
1.5779E+1	1.0347E-6
1.5817E+1	1.3478E-6
1.5855E+1	1.0178E-6
1.5893E+1	3.3559E-6
1.5932E+1	4.4586E-8
1.5970E+1	6.3245E-7
1.6008E+1	1.9629E-6
1.6046E+1	7.2235E-8
1.6085E+1	2.2299E-6
1.6123E+1	-1.1695E-6
1.6161E+1	-9.1548E-7
1.6199E+1	-1.4907E-6
1.6238E+1	-5.6804E-7
1.6276E+1	-4.6864E-7
1.6314E+1	-1.7105E-6
1.6352E+1	-3.0729E-8
1.6391E+1	5.3633E-7
1.6429E+1	1.2321E-6
1.6467E+1	-2.2678E-7
1.6505E+1	-5.7016E-7
1.6544E+1	-6.8248E-7
1.6582E+1	-6.0316E-7
1.6620E+1	5.1196E-7
1.6658E+1	-3.3520E-6
1.6697E+1	5.2271E-7
1.6735E+1	-1.8255E-6
1.6773E+1	-1.8772E-6
1.6811E+1	-3.8879E-7
1.6850E+1	-1.7094E-6
1.6888E+1	2.9465E-7
1.6926E+1	-2.2247E-8
1.6964E+1	-1.8320E-6
1.7003E+1	4.8883E-7
1.7041E+1	-2.5468E-7
1.7079E+1	1.3673E-6
1.7117E+1	-1.6355E-6
1.7156E+1	1.9045E-6
1.7194E+1	3.1951E-6
1.7232E+1	8.5643E-7
1.7270E+1	-1.1357E-6
1.7309E+1	-7.7787E-7
1.7347E+1	1.0610E-6
1.7385E+1	1.6079E-7
1.7423E+1	6.4129E-8
