0.0000E+0	0.0000E+0
1.4172E+1	1.3373E-8
1.4210E+1	1.0128E-9
1.4249E+1	-7.1202E-7
1.4287E+1	2.2724E-8
1.4325E+1	2.2120E-6
1.4363E+1	-1.1188E-6
1.4402E+1	4.1855E-7
1.4440E+1	3.6998E-6
1.4478E+1	1.3589E-6
1.4516E+1	-1.2741E-6
1.4555E+1	-2.8732E-6
1.4593E+1	-6.7925E-7
1.4631E+1	-1.1522E-7
1.4669E+1	-1.2187E-6
1.4708E+1	-2.7613E-6
1.4746E+1	-3.0977E-6
1.4784E+1	-5.3378E-7
1.4822E+1	2.6988E-6
1.4861E+1	-3.7506E-6
1.4899E+1	-3.2431E-6
1.4937E+1	-1.1193E-6
1.4975E+1	-1.6027E-6
1.5014E+1	1.3594E-6
1.5052E+1	7.8215E-7
1.5090E+1	1.0559E-7
1.5128E+1	4.6244E-7
1.5167E+1	9.4627E-7
1.5205E+1	5.7092E-7
1.5243E+1	1.1908E-6
1.5281E+1	-1.0141E-6
1.5320E+1	2.4158E-6
1.5358E+1	1.0880E-6
1.5396E+1	-4.4383E-7
1.5434E+1	1.6453E-6
1.5473E+1	1.1183E-6
1.5511E+1	1.1520E-6
1.5549E+1	-1.0374E-6
1.5587E+1	9.6984E-7
1.5626E+1	5.3525E-8
1.5664E+1	-2.1512E-7
1.5702E+1	1.1441E-6
1.5740E+1	-5.1072E-7
1.5779E+1	4.0402E-7
1.5817E+1	-1.7772E-6
1.5855E+1	-6.9623E-7
1.5893E+1	1.4550E-7
1.5932E+1	-1.7091E-6
1.5970E+1	-1.4280E-6
1.6008E+1	-4.9008E-7
1.6046E+1	-9.9986E-8
1.6085E+1	1.2300E-6
1.6123E+1	-1.5591E-6
1.6161E+1	-9.9601E-7
1.6199E+1	2.4983E-7
1.6238E+1	3.4691E-6
1.6276E+1	2.4998E-6
1.6314E+1	-2.6675E-6
1.6352E+1	-7.9445E-7
1.6391E+1	-1.0965E-6
1.6429E+1	-1.2380E-6
1.6467E+1	-1.8036E-6
1.6505E+1	-9.5057E-8
1.6544E+1	2.6572E-6
1.6582E+1	1.8461E-6
1.6620E+1	4.4324E-7
1.6658E+1	2.5189E-6
1.6697E+1	2.3045E-7
1.6735E+1	-7.6391E-8
1.6773E+1	-5.5860E-7
1.6811E+1	-3.1281E-7
1.6850E+1	-3.4020E-7
1.6888E+1	3.4298E-6
1.6926E+1	3.9933E-7
1.6964E+1	-2.6498E-7
1.7003E+1	1.5699E-6
1.7041E+1	6.7573E-7
1.7079E+1	-4.0491E-7
1.7117E+1	4.2430E-7
1.7156E+1	2.2649E-7
1.7194E+1	-7.5054E-7
1.7232E+1	3.0634E-6
1.7270E+1	-3.2962E-6
1.7309E+1	2.2222E-6
1.7347E+1	-1.1234E-6
1.7385E+1	-6.8049E-8
1.7423E+1	-8.1714E-9
