0.0000E+0	0.0000E+0
1.4172E+1	-4.6794E-8
1.4210E+1	-2.0689E-8
1.4249E+1	-1.1212E-6
1.4287E+1	-1.6344E-7
1.4325E+1	1.0912E-6
1.4363E+1	-1.3179E-6
1.4402E+1	-7.9789E-7
1.4440E+1	-5.6128E-6
1.4478E+1	-1.9963E-6
1.4516E+1	9.2048E-8
1.4555E+1	1.4379E-6
1.4593E+1	-1.6248E-7
1.4631E+1	-4.8402E-6
1.4669E+1	-2.7765E-6
1.4708E+1	-4.3622E-6
1.4746E+1	-9.8191E-8
1.4784E+1	1.8644E-6
1.4822E+1	7.8261E-7
1.4861E+1	-1.7386E-6
1.4899E+1	-1.1447E-6
1.4937E+1	1.1937E-6
1.4975E+1	4.6208E-6
1.5014E+1	4.5825E-7
1.5052E+1	-5.3192E-7
1.5090E+1	1.4104E-7
1.5128E+1	-4.8588E-7
1.5167E+1	-2.1237E-6
1.5205E+1	2.5127E-7
1.5243E+1	2.3496E-6
1.5281E+1	6.7487E-7
1.5320E+1	1.5982E-6
1.5358E+1	-1.7207E-6
1.5396E+1	-1.2513E-6
1.5434E+1	-1.4588E-7
1.5473E+1	-1.9141E-6
1.5511E+1	-1.5063E-6
1.5549E+1	7.4642E-7
1.5587E+1	2.0528E-6
1.5626E+1	1.4120E-6
1.5664E+1	-7.4589E-8
1.5702E+1	7.2558E-8
1.5740E+1	-2.9807E-7
1.5779E+1	-2.9838E-6
1.5817E+1	-2.4422E-6
1.5855E+1	2.5874E-6
1.5893E+1	3.7076E-7
1.5932E+1	-6.9699E-7
1.5970E+1	-2.0909E-6
1.6008E+1	7.3757E-7
1.6046E+1	2.8544E-6
1.6085E+1	-5.6542E-8
1.6123E+1	2.8798E-6
1.6161E+1	4.0469E-7
1.6199E+1	-4.9727E-7
1.6238E+1	-7.1169E-7
1.6276E+1	1.1810E-6
1.6314E+1	-1.8150E-7
1.6352E+1	-1.6658E-6
1.6391E+1	7.4886E-7
1.6429E+1	-3.0317E-6
1.6467E+1	-2.4789E-6
1.6505E+1	2.5649E-7
1.6544E+1	-5.7489E-7
1.6582E+1	3.0550E-7
1.6620E+1	-3.1959E-7
1.6658E+1	-7.4334E-7
1.6697E+1	9.4577E-7
1.6735E+1	1.4507E-6
1.6773E+1	7.2931E-7
1.6811E+1	2.1266E-6
1.6850E+1	1.5276E-6
1.6888E+1	9.3356E-9
1.6926E+1	2.1973E-7
1.6964E+1	-1.7775E-7
1.7003E+1	2.6185E-7
1.7041E+1	2.4623E-7
1.7079E+1	2.4918E-6
1.7117E+1	-1.3074E-6
1.7156E+1	5.5814E-7
1.7194E+1	-4.2109E-7
1.7232E+1	-3.0188E-6
1.7270E+1	9.1821E-7
1.7309E+1	1.3026E-6
1.7347E+1	9.1425E-7
1.7385E+1	8.5199E-8
1.7423E+1	1.3603E-7
