0.0000E+0	0.0000E+0
1.4172E+1	-6.2569E-8
1.4210E+1	-2.3576E-8
1.4249E+1	-7.9117E-8
1.4287E+1	5.4890E-7
1.4325E+1	1.0098E-6
1.4363E+1	6.0337E-7
1.4402E+1	1.7987E-6
1.4440E+1	-3.0471E-6
1.4478E+1	-2.0964E-6
1.4516E+1	-3.4166E-6
1.4555E+1	-2.4938E-6
1.4593E+1	-8.3397E-7
1.4631E+1	-4.2851E-6
1.4669E+1	-1.1753E-6
1.4708E+1	-3.4332E-6
1.4746E+1	-7.8445E-7
1.4784E+1	-6.7269E-8
1.4822E+1	2.1160E-6
1.4861E+1	1.3192E-6
1.4899E+1	1.5513E-6
1.4937E+1	4.1584E-6
1.4975E+1	5.6984E-6
1.5014E+1	6.2195E-6
1.5052E+1	2.4523E-6
1.5090E+1	9.0470E-8
1.5128E+1	1.1503E-7
1.5167E+1	-1.9045E-6
1.5205E+1	-2.7105E-6
1.5243E+1	-4.8461E-6
1.5281E+1	-1.3467E-6
1.5320E+1	-1.9409E-6
1.5358E+1	-2.7356E-6
1.5396E+1	-3.5902E-6
1.5434E+1	-1.2740E-6
1.5473E+1	4.2801E-6
1.5511E+1	-1.1121E-6
1.5549E+1	3.7627E-6
1.5587E+1	-7.2210E-7
1.5626E+1	-5.6422E-7
1.5664E+1	-7.0898E-7
1.5702E+1	-3.6581E-6
1.5740E+1	-1.3712E-6
1.5779E+1	-1.2342E-6
1.5817E+1	-4.8172E-7
1.5855E+1	-1.8422E-7
1.5893E+1	2.8965E-6
1.5932E+1	-1.7473E-6
1.5970E+1	2.5967E-6
1.6008E+1	-1.3901E-9
1.6046E+1	1.2922E-6
1.6085E+1	7.0718E-7
1.6123E+1	1.6799E-6
1.6161E+1	-1.1141E-6
1.6199E+1	1.7314E-6
1.6238E+1	1.2310E-6
1.6276E+1	-3.0567E-7
1.6314E+1	-7.0088E-7
1.6352E+1	-2.0004E-7
1.6391E+1	9.3805E-7
1.6429E+1	-1.1589E-6
1.6467E+1	9.7644E-7
1.6505E+1	-4.2974E-7
1.6544E+1	-5.8241E-8
1.6582E+1	1.6312E-7
1.6620E+1	-3.9235E-7
1.6658E+1	-5.8404E-8
1.6697E+1	-3.4869E-7
1.6735E+1	2.3086E-7
1.6773E+1	-5.9181E-7
1.6811E+1	1.3416E-6
1.6850E+1	1.5058E-6
1.6888E+1	-2.1611E-6
1.6926E+1	2.4606E-7
1.6964E+1	-2.1134E-6
1.7003E+1	1.6974E-6
1.7041E+1	-6.8674E-8
1.7079E+1	-4.9407E-7
1.7117E+1	1.1124E-6
1.7156E+1	5.6713E-7
1.7194E+1	-1.0403E-6
1.7232E+1	1.7992E-6
1.7270E+1	-8.8793E-7
1.7309E+1	6.9049E-7
1.7347E+1	-9.2989E-7
1.7385E+1	-2.6096E-8
1.7423E+1	6.1024E-8
