0.0000E+0	0.0000E+0
1.4172E+1	6.1107E-8
1.4210E+1	7.9091E-8
1.4249E+1	2.7130E-7
1.4287E+1	-5.3141E-7
1.4325E+1	1.6006E-6
1.4363E+1	1.3599E-6
1.4402E+1	1.9931E-7
1.4440E+1	-3.8290E-6
1.4478E+1	-2.1310E-6
1.4516E+1	3.1850E-8
1.4555E+1	-1.0122E-6
1.4593E+1	8.1477E-7
1.4631E+1	-4.5538E-6
1.4669E+1	-7.0678E-7
1.4708E+1	-2.5200E-6
1.4746E+1	-6.4422E-8
1.4784E+1	1.6363E-6
1.4822E+1	3.7004E-6
1.4861E+1	2.4636E-6
1.4899E+1	-1.0537E-6
1.4937E+1	1.2656E-6
1.4975E+1	1.5971E-6
1.5014E+1	-1.5264E-7
1.5052E+1	-1.0540E-6
1.5090E+1	-1.4282E-6
1.5128E+1	-1.4199E-6
1.5167E+1	-3.2435E-6
1.5205E+1	1.2745E-7
1.5243E+1	-1.8155E-6
1.5281E+1	-2.0448E-6
1.5320E+1	-4.3974E-7
1.5358E+1	-8.4797E-7
1.5396E+1	-1.8831E-7
1.5434E+1	-2.3791E-6
1.5473E+1	-6.2413E-7
1.5511E+1	2.6728E-6
1.5549E+1	-2.0747E-7
1.5587E+1	1.5673E-7
1.5626E+1	2.1218E-7
1.5664E+1	-2.5865E-6
1.5702E+1	2.3478E-7
1.5740E+1	1.0894E-6
1.5779E+1	4.8042E-7
1.5817E+1	-9.9612E-7
1.5855E+1	-2.7794E-6
1.5893E+1	-1.0579E-6
1.5932E+1	-1.2385E-6
1.5970E+1	2.7824E-7
1.6008E+1	-4.4804E-7
1.6046E+1	-4.2709E-7
1.6085E+1	-1.7956E-6
1.6123E+1	7.6574E-7
1.6161E+1	1.4551E-6
1.6199E+1	-8.3847E-8
1.6238E+1	1.8728E-6
1.6276E+1	3.2909E-6
1.6314E+1	7.1111E-7
1.6352E+1	-6.8139E-8
1.6391E+1	-3.8738E-7
1.6429E+1	6.1883E-7
1.6467E+1	2.7927E-6
1.6505E+1	-1.0144E-7
1.6544E+1	1.9424E-6
1.6582E+1	5.0197E-7
1.6620E+1	8.8649E-9
1.6658E+1	-9.8240E-7
1.6697E+1	1.5150E-7
1.6735E+1	2.6408E-7
1.6773E+1	5.0599E-8
1.6811E+1	-1.4466E-6
1.6850E+1	-1.9806E-6
1.6888E+1	-3.7163E-7
1.6926E+1	-5.8067E-7
1.6964E+1	3.5638E-8
1.7003E+1	-1.2957E-6
1.7041E+1	-1.9541E-7
1.7079E+1	-1.4360E-6
1.7117E+1	-8.8199E-7
1.7156E+1	-2.9705E-7
1.7194E+1	1.7762E-6
1.7232E+1	-1.7937E-7
1.7270E+1	2.0229E-6
1.7309E+1	-8.3790E-7
1.7347E+1	1.2412E-6
1.7385E+1	-4.4371E-8
1.7423E+1	-2.5236E-8
