0.0000E+0	0.0000E+0
1.4172E+1	-1.7767E-8
1.4210E+1	-1.5680E-8
1.4249E+1	1.4072E-6
1.4287E+1	3.3384E-6
1.4325E+1	2.3224E-6
1.4363E+1	-4.5276E-7
1.4402E+1	1.0405E-6
1.4440E+1	2.8298E-6
1.4478E+1	8.0478E-7
1.4516E+1	2.6413E-7
1.4555E+1	2.7475E-7
1.4593E+1	-6.8139E-7
1.4631E+1	-1.2595E-6
1.4669E+1	1.3041E-6
1.4708E+1	-3.7776E-6
1.4746E+1	9.9010E-7
1.4784E+1	2.2817E-6
1.4822E+1	5.5463E-6
1.4861E+1	-1.0168E-6
1.4899E+1	-5.9894E-6
1.4937E+1	-2.1684E-6
1.4975E+1	5.8026E-7
1.5014E+1	1.6678E-6
1.5052E+1	-3.2703E-7
1.5090E+1	1.1485E-7
1.5128E+1	-1.1693E-6
1.5167E+1	-1.1061E-6
1.5205E+1	-4.3100E-7
1.5243E+1	1.8909E-7
1.5281E+1	-3.3266E-8
1.5320E+1	-4.7770E-7
1.5358E+1	-1.8796E-6
1.5396E+1	-1.9392E-6
1.5434E+1	1.4912E-6
1.5473E+1	2.8608E-6
1.5511E+1	1.2296E-6
1.5549E+1	3.1362E-6
1.5587E+1	1.2066E-6
1.5626E+1	2.7019E-6
1.5664E+1	7.8284E-7
1.5702E+1	3.3405E-7
1.5740E+1	9.0577E-8
1.5779E+1	-2.1130E-6
1.5817E+1	6.8215E-7
1.5855E+1	7.4943E-7
1.5893E+1	1.4912E-6
1.5932E+1	4.3876E-6
1.5970E+1	-1.1267E-7
1.6008E+1	1.2607E-6
1.6046E+1	1.0247E-6
1.6085E+1	-1.4187E-6
1.6123E+1	2.1250E-6
1.6161E+1	1.4339E-7
1.6199E+1	-6.8725E-7
1.6238E+1	4.1332E-6
1.6276E+1	3.4657E-6
1.6314E+1	4.5754E-8
1.6352E+1	-6.3008E-7
1.6391E+1	-4.3844E-7
1.6429E+1	1.6167E-6
1.6467E+1	2.3165E-6
1.6505E+1	-4.6602E-8
1.6544E+1	2.5001E-6
1.6582E+1	8.0928E-7
1.6620E+1	-7.5776E-8
1.6658E+1	-1.1511E-6
1.6697E+1	-6.8920E-7
1.6735E+1	2.4518E-6
1.6773E+1	8.1103E-7
1.6811E+1	4.7559E-7
1.6850E+1	1.0715E-6
1.6888E+1	-1.4528E-6
1.6926E+1	-1.3913E-7
1.6964E+1	7.0156E-7
1.7003E+1	-1.3807E-6
1.7041E+1	-1.7842E-6
1.7079E+1	-1.7648E-6
1.7117E+1	1.4253E-7
1.7156E+1	-2.5157E-6
1.7194E+1	-2.1731E-6
1.7232E+1	1.1576E-6
1.7270E+1	3.3471E-7
1.7309E+1	-7.1957E-7
1.7347E+1	5.6620E-7
1.7385E+1	1.3427E-7
1.7423E+1	-3.3822E-8
