0.0000E+0	0.0000E+0
1.4172E+1	-9.6388E-7
1.4210E+1	1.7963E-6
1.4249E+1	-2.6607E-5
1.4287E+1	-6.7703E-6
1.4325E+1	-3.1783E-5
1.4363E+1	7.5861E-6
1.4402E+1	8.4438E-5
1.4440E+1	-6.2336E-5
1.4478E+1	1.9223E-4
1.4516E+1	1.1525E-4
1.4555E+1	-2.4610E-5
1.4593E+1	2.4057E-4
1.4631E+1	1.3803E-4
1.4669E+1	1.0282E-4
1.4708E+1	-1.5080E-4
1.4746E+1	1.5839E-5
1.4784E+1	1.1332E-4
1.4822E+1	2.1002E-4
1.4861E+1	2.2661E-4
1.4899E+1	-2.8503E-4
1.4937E+1	-2.1168E-4
1.4975E+1	-1.1850E-4
1.5014E+1	-1.8667E-4
1.5052E+1	-5.1360E-4
1.5090E+1	-6.6985E-4
1.5128E+1	-3.6490E-4
1.5167E+1	-2.7859E-4
1.5205E+1	-3.5232E-4
1.5243E+1	-3.1467E-4
1.5281E+1	-1.1055E-4
1.5320E+1	8.5524E-5
1.5358E+1	1.2877E-4
1.5396E+1	1.4145E-4
1.5434E+1	1.4154E-4
1.5473E+1	1.0646E-4
1.5511E+1	8.4572E-5
1.5549E+1	8.0390E-5
1.5587E+1	5.3857E-5
1.5626E+1	2.5203E-5
1.5664E+1	1.9419E-5
1.5702E+1	1.3613E-5
1.5740E+1	-2.2443E-6
1.5779E+1	-1.4973E-5
1.5817E+1	-3.6370E-5
1.5855E+1	-3.2992E-5
1.5893E+1	-5.3398E-6
1.5932E+1	8.4416E-6
1.5970E+1	1.9809E-5
1.6008E+1	2.2621E-5
1.6046E+1	2.3505E-5
1.6085E+1	2.6130E-5
1.6123E+1	2.4135E-5
1.6161E+1	1.5298E-5
1.6199E+1	7.4543E-6
1.6238E+1	7.0488E-6
1.6276E+1	5.0694E-6
1.6314E+1	-6.3589E-6
1.6352E+1	-1.6524E-5
1.6391E+1	-1.5621E-5
1.6429E+1	2.6460E-8
1.6467E+1	5.3581E-6
1.6505E+1	-4.9731E-6
1.6544E+1	-2.5015E-6
1.6582E+1	7.7449E-6
1.6620E+1	-8.6652E-7
1.6658E+1	-3.8593E-6
1.6697E+1	5.8049E-6
1.6735E+1	-2.2922E-6
1.6773E+1	-1.8324E-7
1.6811E+1	4.0442E-8
1.6850E+1	-2.9706E-6
1.6888E+1	-4.3386E-7
1.6926E+1	-4.4801E-7
1.6964E+1	8.7894E-7
1.7003E+1	6.2878E-8
1.7041E+1	1.3655E-6
1.7079E+1	-1.3296E-7
1.7117E+1	-2.2150E-7
1.7156E+1	-3.4440E-7
1.7194E+1	1.1817E-6
1.7232E+1	8.6144E-8
1.7270E+1	4.4545E-6
1.7309E+1	-3.3282E-6
1.7347E+1	-9.8874E-8
1.7385E+1	-2.9213E-7
1.7423E+1	4.0332E-7
