0.0000E+0	0.0000E+0
1.4172E+1	-9.8420E-7
1.4210E+1	1.6930E-6
1.4249E+1	-2.4787E-5
1.4287E+1	-4.8484E-6
1.4325E+1	-2.7309E-5
1.4363E+1	1.4257E-5
1.4402E+1	8.2187E-5
1.4440E+1	-6.1737E-5
1.4478E+1	1.9099E-4
1.4516E+1	1.0840E-4
1.4555E+1	-2.5746E-5
1.4593E+1	2.3143E-4
1.4631E+1	1.2539E-4
1.4669E+1	9.1549E-5
1.4708E+1	-1.6226E-4
1.4746E+1	-1.2425E-5
1.4784E+1	8.5036E-5
1.4822E+1	1.8108E-4
1.4861E+1	1.9411E-4
1.4899E+1	-2.9217E-4
1.4937E+1	-2.2159E-4
1.4975E+1	-1.2777E-4
1.5014E+1	-1.9717E-4
1.5052E+1	-5.0584E-4
1.5090E+1	-6.4801E-4
1.5128E+1	-3.5651E-4
1.5167E+1	-2.6304E-4
1.5205E+1	-3.3947E-4
1.5243E+1	-3.0058E-4
1.5281E+1	-9.8454E-5
1.5320E+1	8.8135E-5
1.5358E+1	1.3318E-4
1.5396E+1	1.3842E-4
1.5434E+1	1.3512E-4
1.5473E+1	9.9959E-5
1.5511E+1	7.8030E-5
1.5549E+1	7.7023E-5
1.5587E+1	5.0296E-5
1.5626E+1	2.2093E-5
1.5664E+1	1.8781E-5
1.5702E+1	1.0068E-5
1.5740E+1	-4.5572E-6
1.5779E+1	-1.4316E-5
1.5817E+1	-2.9940E-5
1.5855E+1	-2.6286E-5
1.5893E+1	-6.3167E-6
1.5932E+1	7.1960E-6
1.5970E+1	1.6049E-5
1.6008E+1	1.8935E-5
1.6046E+1	2.4240E-5
1.6085E+1	2.6415E-5
1.6123E+1	2.2349E-5
1.6161E+1	1.3316E-5
1.6199E+1	6.0965E-6
1.6238E+1	6.7539E-6
1.6276E+1	3.9933E-6
1.6314E+1	-8.9801E-6
1.6352E+1	-1.8663E-5
1.6391E+1	-1.5390E-5
1.6429E+1	-4.4785E-7
1.6467E+1	4.3400E-6
1.6505E+1	-5.0529E-6
1.6544E+1	-4.2591E-6
1.6582E+1	6.8341E-6
1.6620E+1	-2.4405E-7
1.6658E+1	-6.4657E-6
1.6697E+1	2.4558E-6
1.6735E+1	-1.7549E-6
1.6773E+1	-6.4744E-7
1.6811E+1	-9.2574E-7
1.6850E+1	1.8150E-6
1.6888E+1	2.1641E-6
1.6926E+1	-4.6938E-6
1.6964E+1	-6.7407E-8
1.7003E+1	3.1001E-7
1.7041E+1	7.2834E-7
1.7079E+1	2.5688E-6
1.7117E+1	-2.3660E-6
1.7156E+1	4.5001E-7
1.7194E+1	2.7765E-6
1.7232E+1	-3.8140E-7
1.7270E+1	-2.3737E-7
1.7309E+1	-4.8615E-6
1.7347E+1	3.7599E-7
1.7385E+1	-5.3225E-7
1.7423E+1	4.3082E-7
