0.0000E+0	0.0000E+0
1.4172E+1	-8.0479E-7
1.4210E+1	2.1063E-6
1.4249E+1	-2.7793E-5
1.4287E+1	-5.9698E-6
1.4325E+1	-2.9518E-5
1.4363E+1	1.2823E-5
1.4402E+1	8.3552E-5
1.4440E+1	-6.3411E-5
1.4478E+1	1.9313E-4
1.4516E+1	1.1032E-4
1.4555E+1	-2.6018E-5
1.4593E+1	2.2656E-4
1.4631E+1	1.1919E-4
1.4669E+1	8.7662E-5
1.4708E+1	-1.7099E-4
1.4746E+1	-1.4520E-5
1.4784E+1	8.5880E-5
1.4822E+1	1.8996E-4
1.4861E+1	2.0006E-4
1.4899E+1	-3.0553E-4
1.4937E+1	-2.3590E-4
1.4975E+1	-1.3602E-4
1.5014E+1	-1.9719E-4
1.5052E+1	-5.0607E-4
1.5090E+1	-6.5025E-4
1.5128E+1	-3.5702E-4
1.5167E+1	-2.6494E-4
1.5205E+1	-3.3871E-4
1.5243E+1	-3.0118E-4
1.5281E+1	-9.9243E-5
1.5320E+1	8.7042E-5
1.5358E+1	1.2945E-4
1.5396E+1	1.3436E-4
1.5434E+1	1.3197E-4
1.5473E+1	1.0060E-4
1.5511E+1	7.7101E-5
1.5549E+1	7.4834E-5
1.5587E+1	4.8260E-5
1.5626E+1	2.0866E-5
1.5664E+1	1.7870E-5
1.5702E+1	9.1645E-6
1.5740E+1	-2.4040E-6
1.5779E+1	-1.2824E-5
1.5817E+1	-3.5013E-5
1.5855E+1	-2.9235E-5
1.5893E+1	-3.5369E-6
1.5932E+1	8.0627E-6
1.5970E+1	1.9453E-5
1.6008E+1	2.0428E-5
1.6046E+1	2.3715E-5
1.6085E+1	2.7549E-5
1.6123E+1	2.2332E-5
1.6161E+1	1.3385E-5
1.6199E+1	6.0640E-6
1.6238E+1	6.7136E-6
1.6276E+1	1.4669E-6
1.6314E+1	-9.0015E-6
1.6352E+1	-1.7301E-5
1.6391E+1	-1.3628E-5
1.6429E+1	1.3948E-6
1.6467E+1	5.3329E-6
1.6505E+1	-7.6472E-6
1.6544E+1	-6.7976E-6
1.6582E+1	8.0838E-6
1.6620E+1	4.3549E-9
1.6658E+1	-4.7384E-6
1.6697E+1	2.0858E-6
1.6735E+1	-2.1358E-6
1.6773E+1	-5.9214E-6
1.6811E+1	-2.7244E-6
1.6850E+1	1.2122E-6
1.6888E+1	4.7576E-7
1.6926E+1	-4.9515E-7
1.6964E+1	1.8655E-7
1.7003E+1	-1.7192E-7
1.7041E+1	3.5429E-7
1.7079E+1	1.6004E-6
1.7117E+1	6.2842E-8
1.7156E+1	5.5705E-7
1.7194E+1	-7.8260E-7
1.7232E+1	1.2328E-6
1.7270E+1	-1.5150E-6
1.7309E+1	-4.7005E-6
1.7347E+1	5.9471E-7
1.7385E+1	-9.1460E-7
1.7423E+1	6.2148E-7
