0.0000E+0	0.0000E+0
1.4172E+1	-8.6288E-7
1.4210E+1	1.8408E-6
1.4249E+1	-2.4685E-5
1.4287E+1	-6.5542E-6
1.4325E+1	-3.2651E-5
1.4363E+1	1.0081E-5
1.4402E+1	8.5695E-5
1.4440E+1	-6.3913E-5
1.4478E+1	1.9238E-4
1.4516E+1	1.1212E-4
1.4555E+1	-2.5957E-5
1.4593E+1	2.4420E-4
1.4631E+1	1.4038E-4
1.4669E+1	1.0331E-4
1.4708E+1	-1.5322E-4
1.4746E+1	1.5842E-5
1.4784E+1	1.1723E-4
1.4822E+1	2.1572E-4
1.4861E+1	2.3311E-4
1.4899E+1	-2.7818E-4
1.4937E+1	-2.0933E-4
1.4975E+1	-1.1328E-4
1.5014E+1	-1.8099E-4
1.5052E+1	-5.1498E-4
1.5090E+1	-6.7266E-4
1.5128E+1	-3.6530E-4
1.5167E+1	-2.7340E-4
1.5205E+1	-3.5164E-4
1.5243E+1	-3.1288E-4
1.5281E+1	-1.0880E-4
1.5320E+1	8.4209E-5
1.5358E+1	1.2950E-4
1.5396E+1	1.3829E-4
1.5434E+1	1.3855E-4
1.5473E+1	1.0309E-4
1.5511E+1	8.0397E-5
1.5549E+1	7.6437E-5
1.5587E+1	4.9369E-5
1.5626E+1	2.1914E-5
1.5664E+1	2.0359E-5
1.5702E+1	1.6955E-5
1.5740E+1	-2.5849E-7
1.5779E+1	-1.4467E-5
1.5817E+1	-3.5856E-5
1.5855E+1	-3.1324E-5
1.5893E+1	-4.5272E-6
1.5932E+1	9.7885E-6
1.5970E+1	1.9009E-5
1.6008E+1	2.2512E-5
1.6046E+1	2.5648E-5
1.6085E+1	2.6641E-5
1.6123E+1	2.3606E-5
1.6161E+1	1.2920E-5
1.6199E+1	6.0824E-6
1.6238E+1	9.5020E-6
1.6276E+1	4.9085E-6
1.6314E+1	-7.3150E-6
1.6352E+1	-1.5206E-5
1.6391E+1	-1.5581E-5
1.6429E+1	-2.5105E-6
1.6467E+1	4.8764E-6
1.6505E+1	-6.0337E-6
1.6544E+1	3.5255E-7
1.6582E+1	9.7449E-6
1.6620E+1	-2.1829E-7
1.6658E+1	-3.0326E-6
1.6697E+1	4.9297E-7
1.6735E+1	-1.1978E-6
1.6773E+1	2.0771E-6
1.6811E+1	3.5853E-7
1.6850E+1	1.3468E-6
1.6888E+1	2.6300E-7
1.6926E+1	1.6202E-6
1.6964E+1	2.3964E-6
1.7003E+1	-3.8935E-7
1.7041E+1	6.4644E-7
1.7079E+1	-1.9268E-7
1.7117E+1	-8.6714E-7
1.7156E+1	-1.0836E-6
1.7194E+1	1.2182E-6
1.7232E+1	-2.8007E-6
1.7270E+1	2.2921E-6
1.7309E+1	-2.4831E-6
1.7347E+1	2.5442E-7
1.7385E+1	-6.8398E-7
1.7423E+1	8.0060E-7
