0.0000E+0	0.0000E+0
1.4172E+1	-6.9781E-7
1.4210E+1	1.9004E-6
1.4249E+1	-2.3720E-5
1.4287E+1	-4.5586E-6
1.4325E+1	-2.4884E-5
1.4363E+1	2.7914E-5
1.4402E+1	8.0961E-5
1.4440E+1	-5.7572E-5
1.4478E+1	1.9988E-4
1.4516E+1	9.7881E-5
1.4555E+1	-2.0893E-5
1.4593E+1	1.9342E-4
1.4631E+1	6.4186E-5
1.4669E+1	5.8591E-5
1.4708E+1	-2.1593E-4
1.4746E+1	-9.8520E-5
1.4784E+1	6.2412E-6
1.4822E+1	1.2237E-4
1.4861E+1	1.1322E-4
1.4899E+1	-3.8216E-4
1.4937E+1	-3.0860E-4
1.4975E+1	-2.0195E-4
1.5014E+1	-2.5677E-4
1.5052E+1	-5.1655E-4
1.5090E+1	-6.2391E-4
1.5128E+1	-3.4875E-4
1.5167E+1	-2.5163E-4
1.5205E+1	-3.2350E-4
1.5243E+1	-2.8348E-4
1.5281E+1	-7.3326E-5
1.5320E+1	1.0604E-4
1.5358E+1	1.4689E-4
1.5396E+1	1.4324E-4
1.5434E+1	1.3190E-4
1.5473E+1	1.0087E-4
1.5511E+1	7.5364E-5
1.5549E+1	6.8951E-5
1.5587E+1	4.4381E-5
1.5626E+1	1.9283E-5
1.5664E+1	1.1857E-5
1.5702E+1	1.2483E-6
1.5740E+1	-4.2934E-6
1.5779E+1	-1.5052E-5
1.5817E+1	-2.8836E-5
1.5855E+1	-2.0969E-5
1.5893E+1	-5.3478E-6
1.5932E+1	8.2533E-6
1.5970E+1	2.1191E-5
1.6008E+1	2.3835E-5
1.6046E+1	2.7173E-5
1.6085E+1	2.9346E-5
1.6123E+1	2.4798E-5
1.6161E+1	1.3026E-5
1.6199E+1	4.4446E-6
1.6238E+1	5.6180E-6
1.6276E+1	4.1854E-7
1.6314E+1	-9.2721E-6
1.6352E+1	-1.8884E-5
1.6391E+1	-1.5503E-5
1.6429E+1	7.6370E-7
1.6467E+1	5.0778E-6
1.6505E+1	-5.9756E-6
1.6544E+1	-4.7793E-7
1.6582E+1	1.0915E-5
1.6620E+1	-7.6970E-7
1.6658E+1	-5.6772E-6
1.6697E+1	2.1313E-6
1.6735E+1	-2.0951E-6
1.6773E+1	-7.7497E-7
1.6811E+1	1.7929E-7
1.6850E+1	1.8827E-6
1.6888E+1	1.3459E-6
1.6926E+1	-4.6436E-7
1.6964E+1	6.9542E-7
1.7003E+1	8.0190E-7
1.7041E+1	8.9520E-7
1.7079E+1	5.5188E-7
1.7117E+1	1.5487E-6
1.7156E+1	-2.3638E-7
1.7194E+1	6.3075E-8
1.7232E+1	-2.1127E-6
1.7270E+1	-3.4754E-7
1.7309E+1	-4.1812E-6
1.7347E+1	2.0000E-7
1.7385E+1	-7.7561E-7
1.7423E+1	6.8615E-7
