0.0000E+0	0.0000E+0
1.4172E+1	-8.0472E-7
1.4210E+1	2.0769E-6
1.4249E+1	-2.7215E-5
1.4287E+1	-7.0966E-6
1.4325E+1	-3.1537E-5
1.4363E+1	6.1170E-6
1.4402E+1	8.4152E-5
1.4440E+1	-6.4304E-5
1.4478E+1	1.8889E-4
1.4516E+1	1.1487E-4
1.4555E+1	-2.8195E-5
1.4593E+1	2.4228E-4
1.4631E+1	1.4557E-4
1.4669E+1	1.0756E-4
1.4708E+1	-1.3801E-4
1.4746E+1	2.9768E-5
1.4784E+1	1.2575E-4
1.4822E+1	2.2068E-4
1.4861E+1	2.3846E-4
1.4899E+1	-2.6889E-4
1.4937E+1	-2.0188E-4
1.4975E+1	-1.0525E-4
1.5014E+1	-1.7545E-4
1.5052E+1	-5.0608E-4
1.5090E+1	-6.6747E-4
1.5128E+1	-3.6667E-4
1.5167E+1	-2.7495E-4
1.5205E+1	-3.5253E-4
1.5243E+1	-3.1433E-4
1.5281E+1	-1.1119E-4
1.5320E+1	7.9878E-5
1.5358E+1	1.2566E-4
1.5396E+1	1.3668E-4
1.5434E+1	1.3350E-4
1.5473E+1	9.8497E-5
1.5511E+1	8.0459E-5
1.5549E+1	8.2701E-5
1.5587E+1	5.3771E-5
1.5626E+1	2.6001E-5
1.5664E+1	1.9007E-5
1.5702E+1	8.9712E-6
1.5740E+1	-3.9299E-6
1.5779E+1	-1.3065E-5
1.5817E+1	-3.2250E-5
1.5855E+1	-3.3146E-5
1.5893E+1	-7.2292E-6
1.5932E+1	1.2555E-5
1.5970E+1	2.0657E-5
1.6008E+1	2.6302E-5
1.6046E+1	2.9383E-5
1.6085E+1	2.9290E-5
1.6123E+1	2.5513E-5
1.6161E+1	1.3688E-5
1.6199E+1	6.4247E-6
1.6238E+1	1.0148E-5
1.6276E+1	2.8102E-6
1.6314E+1	-7.4983E-6
1.6352E+1	-1.3532E-5
1.6391E+1	-1.4171E-5
1.6429E+1	-7.6370E-7
1.6467E+1	4.5596E-6
1.6505E+1	-7.8525E-6
1.6544E+1	-6.4144E-6
1.6582E+1	6.8402E-6
1.6620E+1	-3.6380E-7
1.6658E+1	-2.3735E-6
1.6697E+1	9.9188E-7
1.6735E+1	-5.8277E-7
1.6773E+1	-1.0247E-7
1.6811E+1	-1.3026E-6
1.6850E+1	-3.1296E-7
1.6888E+1	-7.7083E-7
1.6926E+1	1.5449E-6
1.6964E+1	7.4227E-7
1.7003E+1	-8.4720E-7
1.7041E+1	1.3100E-6
1.7079E+1	1.2550E-6
1.7117E+1	-1.7776E-6
1.7156E+1	-2.4759E-7
1.7194E+1	2.4475E-6
1.7232E+1	-1.6517E-6
1.7270E+1	1.4949E-6
1.7309E+1	-3.6326E-6
1.7347E+1	1.7582E-7
1.7385E+1	-5.1310E-7
1.7423E+1	4.4008E-7
