0.0000E+0	0.0000E+0
1.4172E+1	-6.9009E-7
1.4210E+1	1.9085E-6
1.4249E+1	-2.5641E-5
1.4287E+1	-6.9989E-6
1.4325E+1	-3.0076E-5
1.4363E+1	8.5300E-6
1.4402E+1	8.0925E-5
1.4440E+1	-6.2450E-5
1.4478E+1	1.8382E-4
1.4516E+1	1.0945E-4
1.4555E+1	-2.4917E-5
1.4593E+1	2.3165E-4
1.4631E+1	1.3332E-4
1.4669E+1	9.6179E-5
1.4708E+1	-1.4951E-4
1.4746E+1	1.7105E-5
1.4784E+1	1.1341E-4
1.4822E+1	2.0394E-4
1.4861E+1	2.1571E-4
1.4899E+1	-2.7328E-4
1.4937E+1	-2.0461E-4
1.4975E+1	-1.1201E-4
1.5014E+1	-1.7266E-4
1.5052E+1	-4.9151E-4
1.5090E+1	-6.4352E-4
1.5128E+1	-3.4896E-4
1.5167E+1	-2.6234E-4
1.5205E+1	-3.3399E-4
1.5243E+1	-2.9706E-4
1.5281E+1	-1.0679E-4
1.5320E+1	7.6159E-5
1.5358E+1	1.1971E-4
1.5396E+1	1.2898E-4
1.5434E+1	1.3120E-4
1.5473E+1	9.5246E-5
1.5511E+1	7.4353E-5
1.5549E+1	7.5828E-5
1.5587E+1	4.8875E-5
1.5626E+1	2.3186E-5
1.5664E+1	1.9373E-5
1.5702E+1	1.2406E-5
1.5740E+1	-1.3691E-6
1.5779E+1	-1.5335E-5
1.5817E+1	-3.4625E-5
1.5855E+1	-2.6999E-5
1.5893E+1	-3.7575E-6
1.5932E+1	9.4178E-6
1.5970E+1	1.8992E-5
1.6008E+1	2.0606E-5
1.6046E+1	2.7971E-5
1.6085E+1	2.9081E-5
1.6123E+1	2.2603E-5
1.6161E+1	1.3329E-5
1.6199E+1	5.1113E-6
1.6238E+1	1.0154E-5
1.6276E+1	5.2007E-6
1.6314E+1	-6.7495E-6
1.6352E+1	-1.9532E-5
1.6391E+1	-1.5731E-5
1.6429E+1	2.7699E-6
1.6467E+1	4.0990E-6
1.6505E+1	-4.5404E-6
1.6544E+1	-6.5351E-6
1.6582E+1	3.8966E-6
1.6620E+1	-1.5571E-6
1.6658E+1	-6.4880E-6
1.6697E+1	2.0404E-6
1.6735E+1	4.0364E-7
1.6773E+1	3.0717E-6
1.6811E+1	1.5653E-7
1.6850E+1	-1.7262E-6
1.6888E+1	-3.2121E-7
1.6926E+1	2.8283E-6
1.6964E+1	7.8219E-7
1.7003E+1	-1.0130E-6
1.7041E+1	1.1175E-7
1.7079E+1	-1.3838E-6
1.7117E+1	1.1631E-6
1.7156E+1	-1.8080E-7
1.7194E+1	-6.8490E-7
1.7232E+1	-1.2490E-6
1.7270E+1	1.2703E-6
1.7309E+1	-1.4049E-6
1.7347E+1	4.5741E-7
1.7385E+1	-7.2548E-7
1.7423E+1	4.9961E-7
