0.0000E+0	0.0000E+0
1.4172E+1	-5.8890E-9
1.4210E+1	-3.9598E-7
1.4249E+1	-3.5742E-6
1.4287E+1	1.3965E-6
1.4325E+1	-2.3190E-7
1.4363E+1	-9.1898E-7
1.4402E+1	1.9002E-6
1.4440E+1	8.5571E-8
1.4478E+1	3.3367E-6
1.4516E+1	1.3487E-6
1.4555E+1	4.1256E-7
1.4593E+1	-8.9997E-7
1.4631E+1	1.7857E-6
1.4669E+1	2.3992E-6
1.4708E+1	2.9877E-6
1.4746E+1	5.5486E-6
1.4784E+1	4.7108E-6
1.4822E+1	3.8790E-6
1.4861E+1	1.2449E-6
1.4899E+1	5.9489E-6
1.4937E+1	3.5081E-6
1.4975E+1	2.3104E-6
1.5014E+1	2.4767E-6
1.5052E+1	2.6056E-6
1.5090E+1	1.6995E-6
1.5128E+1	5.8112E-6
1.5167E+1	7.2238E-6
1.5205E+1	3.7456E-6
1.5243E+1	2.2970E-6
1.5281E+1	2.9625E-6
1.5320E+1	3.1314E-6
1.5358E+1	5.6251E-7
1.5396E+1	2.3205E-6
1.5434E+1	2.0125E-6
1.5473E+1	-7.9021E-7
1.5511E+1	2.3126E-6
1.5549E+1	-8.5866E-7
1.5587E+1	2.2905E-6
1.5626E+1	1.7746E-6
1.5664E+1	1.6834E-6
1.5702E+1	-8.6011E-7
1.5740E+1	-5.5940E-7
1.5779E+1	-2.1665E-7
1.5817E+1	-5.0805E-7
1.5855E+1	-1.0860E-6
1.5893E+1	8.4125E-7
1.5932E+1	1.3095E-6
1.5970E+1	-1.7156E-6
1.6008E+1	-1.2048E-6
1.6046E+1	1.0684E-6
1.6085E+1	-1.3361E-6
1.6123E+1	1.1830E-7
1.6161E+1	-3.5586E-7
1.6199E+1	-1.9710E-6
1.6238E+1	-1.1118E-6
1.6276E+1	-4.4940E-7
1.6314E+1	1.7039E-7
1.6352E+1	1.7048E-6
1.6391E+1	4.2831E-7
1.6429E+1	8.8180E-7
1.6467E+1	-4.5320E-7
1.6505E+1	-4.2974E-6
1.6544E+1	7.3522E-7
1.6582E+1	1.2376E-7
1.6620E+1	8.3215E-7
1.6658E+1	-2.0014E-7
1.6697E+1	1.7264E-6
1.6735E+1	4.4910E-7
1.6773E+1	-7.3276E-7
1.6811E+1	1.7123E-7
1.6850E+1	-2.9837E-6
1.6888E+1	-5.5368E-7
1.6926E+1	-9.1764E-7
1.6964E+1	9.2547E-7
1.7003E+1	1.8124E-6
1.7041E+1	-1.3322E-6
1.7079E+1	-1.5154E-7
1.7117E+1	-6.9644E-7
1.7156E+1	-6.7269E-7
1.7194E+1	8.9416E-7
1.7232E+1	3.8110E-7
1.7270E+1	-3.3104E-7
1.7309E+1	-3.7802E-7
1.7347E+1	1.7899E-8
1.7385E+1	-9.8311E-8
1.7423E+1	1.0287E-7
