0.0000E+0	0.0000E+0
1.4172E+1	-1.5360E-7
1.4210E+1	1.4658E-7
1.4249E+1	3.4684E-6
1.4287E+1	1.3927E-6
1.4325E+1	-2.6468E-7
1.4363E+1	-7.9114E-8
1.4402E+1	1.0982E-6
1.4440E+1	-1.6957E-6
1.4478E+1	-1.8570E-6
1.4516E+1	-1.8757E-7
1.4555E+1	-6.5815E-7
1.4593E+1	3.7158E-6
1.4631E+1	1.1478E-6
1.4669E+1	2.4078E-6
1.4708E+1	2.2824E-6
1.4746E+1	1.8056E-6
1.4784E+1	-2.1152E-7
1.4822E+1	3.3458E-6
1.4861E+1	2.6405E-6
1.4899E+1	5.2267E-6
1.4937E+1	3.9448E-6
1.4975E+1	1.2331E-7
1.5014E+1	5.1542E-6
1.5052E+1	-1.0010E-6
1.5090E+1	4.1470E-6
1.5128E+1	6.6897E-6
1.5167E+1	4.8664E-6
1.5205E+1	6.3018E-6
1.5243E+1	1.4039E-6
1.5281E+1	-9.6967E-7
1.5320E+1	2.7801E-8
1.5358E+1	2.7300E-6
1.5396E+1	2.7806E-6
1.5434E+1	4.3036E-6
1.5473E+1	2.7038E-6
1.5511E+1	-1.2274E-6
1.5549E+1	1.0585E-6
1.5587E+1	5.3984E-6
1.5626E+1	1.0424E-6
1.5664E+1	1.2309E-6
1.5702E+1	-1.5175E-7
1.5740E+1	-1.1172E-6
1.5779E+1	1.4327E-6
1.5817E+1	9.4208E-7
1.5855E+1	4.0918E-6
1.5893E+1	2.0022E-8
1.5932E+1	-2.2549E-7
1.5970E+1	-6.8721E-7
1.6008E+1	5.1992E-7
1.6046E+1	9.0106E-7
1.6085E+1	1.2708E-6
1.6123E+1	8.5559E-7
1.6161E+1	-9.4053E-7
1.6199E+1	-6.7336E-7
1.6238E+1	-7.0717E-7
1.6276E+1	7.0874E-7
1.6314E+1	7.6362E-7
1.6352E+1	-1.4923E-6
1.6391E+1	-2.7066E-6
1.6429E+1	6.3538E-7
1.6467E+1	2.5366E-7
1.6505E+1	-4.3195E-6
1.6544E+1	9.4300E-7
1.6582E+1	-4.5175E-8
1.6620E+1	-4.5519E-7
1.6658E+1	1.0916E-6
1.6697E+1	-1.6377E-6
1.6735E+1	-1.1905E-6
1.6773E+1	1.2490E-6
1.6811E+1	-1.5641E-6
1.6850E+1	8.9572E-7
1.6888E+1	1.5387E-7
1.6926E+1	-4.8948E-7
1.6964E+1	1.2876E-6
1.7003E+1	6.9753E-7
1.7041E+1	1.1804E-6
1.7079E+1	-4.9025E-7
1.7117E+1	-1.5257E-6
1.7156E+1	-1.2955E-6
1.7194E+1	-9.6098E-7
1.7232E+1	-1.3445E-6
1.7270E+1	3.0066E-7
1.7309E+1	5.9240E-7
1.7347E+1	2.0439E-7
1.7385E+1	1.9886E-7
1.7423E+1	5.2795E-8
