0.0000E+0	0.0000E+0
1.4172E+1	4.1030E-7
1.4210E+1	3.4636E-7
1.4249E+1	-1.1004E-6
1.4287E+1	-1.2325E-6
1.4325E+1	-4.2178E-7
1.4363E+1	-1.9153E-6
1.4402E+1	1.4533E-6
1.4440E+1	5.7603E-7
1.4478E+1	3.0026E-6
1.4516E+1	6.3783E-7
1.4555E+1	9.1522E-7
1.4593E+1	-4.6674E-7
1.4631E+1	1.0029E-6
1.4669E+1	9.0339E-7
1.4708E+1	9.1750E-7
1.4746E+1	2.3413E-6
1.4784E+1	6.0737E-6
1.4822E+1	5.2791E-6
1.4861E+1	3.1104E-7
1.4899E+1	3.0300E-6
1.4937E+1	2.4953E-6
1.4975E+1	2.9860E-6
1.5014E+1	3.4910E-6
1.5052E+1	3.4429E-6
1.5090E+1	5.1887E-7
1.5128E+1	2.0060E-6
1.5167E+1	2.2991E-6
1.5205E+1	2.7070E-6
1.5243E+1	-8.8287E-7
1.5281E+1	-1.3850E-6
1.5320E+1	1.6489E-6
1.5358E+1	3.6514E-6
1.5396E+1	-1.9609E-6
1.5434E+1	-2.1178E-6
1.5473E+1	-1.6342E-6
1.5511E+1	-3.1698E-6
1.5549E+1	2.4510E-7
1.5587E+1	-3.6628E-6
1.5626E+1	-1.1902E-6
1.5664E+1	-1.5695E-6
1.5702E+1	-1.2718E-6
1.5740E+1	-2.9109E-6
1.5779E+1	1.5317E-6
1.5817E+1	4.0573E-7
1.5855E+1	-1.2592E-6
1.5893E+1	-4.6368E-7
1.5932E+1	8.7566E-7
1.5970E+1	-1.5719E-6
1.6008E+1	1.0212E-6
1.6046E+1	-4.5284E-7
1.6085E+1	3.2975E-7
1.6123E+1	-3.6908E-6
1.6161E+1	-6.1507E-8
1.6199E+1	-8.6472E-7
1.6238E+1	2.8078E-7
1.6276E+1	-4.3080E-7
1.6314E+1	1.5386E-6
1.6352E+1	4.9700E-7
1.6391E+1	-1.6382E-6
1.6429E+1	7.6451E-7
1.6467E+1	-3.9056E-7
1.6505E+1	4.7033E-7
1.6544E+1	-1.0302E-6
1.6582E+1	4.5245E-7
1.6620E+1	3.2906E-7
1.6658E+1	1.8474E-7
1.6697E+1	-3.3147E-7
1.6735E+1	1.1006E-6
1.6773E+1	-1.2792E-6
1.6811E+1	-4.3716E-7
1.6850E+1	-5.7541E-7
1.6888E+1	-5.1335E-7
1.6926E+1	2.2163E-6
1.6964E+1	-2.0424E-7
1.7003E+1	1.2436E-6
1.7041E+1	8.5339E-8
1.7079E+1	1.9440E-6
1.7117E+1	8.0636E-7
1.7156E+1	5.1138E-7
1.7194E+1	-1.6690E-7
1.7232E+1	-5.7412E-7
1.7270E+1	2.1750E-7
1.7309E+1	6.4569E-7
1.7347E+1	1.4902E-7
1.7385E+1	1.3433E-7
1.7423E+1	3.0646E-7
