0.0000E+0	0.0000E+0
1.4172E+1	-1.8890E-7
1.4210E+1	-3.5721E-9
1.4249E+1	-1.4764E-6
1.4287E+1	-2.4992E-6
1.4325E+1	1.2268E-7
1.4363E+1	4.0013E-6
1.4402E+1	5.3593E-6
1.4440E+1	-2.6193E-7
1.4478E+1	2.1872E-9
1.4516E+1	-2.6466E-7
1.4555E+1	9.1124E-7
1.4593E+1	-1.4404E-6
1.4631E+1	9.9269E-7
1.4669E+1	3.1223E-6
1.4708E+1	2.9098E-7
1.4746E+1	3.1125E-6
1.4784E+1	3.5306E-6
1.4822E+1	3.9364E-6
1.4861E+1	2.3579E-6
1.4899E+1	7.7000E-6
1.4937E+1	6.1341E-6
1.4975E+1	2.9237E-6
1.5014E+1	2.3132E-6
1.5052E+1	9.4730E-7
1.5090E+1	-7.4942E-8
1.5128E+1	3.2893E-6
1.5167E+1	4.6504E-7
1.5205E+1	2.0223E-6
1.5243E+1	6.0287E-6
1.5281E+1	3.4215E-7
1.5320E+1	3.7767E-6
1.5358E+1	3.2696E-6
1.5396E+1	5.0497E-7
1.5434E+1	-8.7960E-8
1.5473E+1	-2.6780E-7
1.5511E+1	8.0196E-7
1.5549E+1	3.8335E-6
1.5587E+1	-1.4959E-6
1.5626E+1	-1.4992E-6
1.5664E+1	-5.7480E-7
1.5702E+1	1.3494E-7
1.5740E+1	1.9177E-6
1.5779E+1	-1.9268E-6
1.5817E+1	1.1833E-6
1.5855E+1	6.6208E-7
1.5893E+1	1.3331E-6
1.5932E+1	7.4373E-7
1.5970E+1	-1.8528E-6
1.6008E+1	1.7891E-6
1.6046E+1	-1.3175E-7
1.6085E+1	2.2744E-6
1.6123E+1	3.7969E-7
1.6161E+1	-1.9282E-7
1.6199E+1	2.3428E-6
1.6238E+1	3.6773E-7
1.6276E+1	-1.0449E-6
1.6314E+1	6.8058E-7
1.6352E+1	-1.0651E-6
1.6391E+1	4.0651E-7
1.6429E+1	2.3103E-6
1.6467E+1	-7.6385E-7
1.6505E+1	1.8023E-6
1.6544E+1	2.0265E-6
1.6582E+1	-1.2052E-6
1.6620E+1	-2.7746E-6
1.6658E+1	-2.2264E-7
1.6697E+1	-1.0199E-6
1.6735E+1	3.9056E-8
1.6773E+1	3.3330E-6
1.6811E+1	2.2682E-6
1.6850E+1	-7.8873E-7
1.6888E+1	5.5300E-7
1.6926E+1	-4.9841E-7
1.6964E+1	6.8851E-7
1.7003E+1	1.8529E-7
1.7041E+1	-5.4757E-7
1.7079E+1	-1.2272E-7
1.7117E+1	1.6490E-6
1.7156E+1	-3.3398E-6
1.7194E+1	4.9698E-6
1.7232E+1	-1.2754E-6
1.7270E+1	-1.5550E-6
1.7309E+1	5.7728E-7
1.7347E+1	1.3352E-7
1.7385E+1	-6.2687E-8
1.7423E+1	-3.7535E-8
