0.0000E+0	0.0000E+0
1.4172E+1	3.2377E-8
1.4210E+1	3.5776E-7
1.4249E+1	-1.8833E-7
1.4287E+1	-6.0618E-8
1.4325E+1	-2.2888E-6
1.4363E+1	-1.3902E-6
1.4402E+1	1.4505E-7
1.4440E+1	-5.2215E-8
1.4478E+1	2.2487E-6
1.4516E+1	-1.5294E-6
1.4555E+1	1.1318E-6
1.4593E+1	6.3074E-7
1.4631E+1	2.8333E-6
1.4669E+1	1.1943E-6
1.4708E+1	1.3716E-6
1.4746E+1	4.1467E-6
1.4784E+1	5.5349E-6
1.4822E+1	4.5852E-6
1.4861E+1	1.1664E-6
1.4899E+1	1.5421E-6
1.4937E+1	6.3629E-6
1.4975E+1	7.1912E-6
1.5014E+1	1.5345E-6
1.5052E+1	2.4906E-6
1.5090E+1	-1.6764E-6
1.5128E+1	1.2604E-6
1.5167E+1	3.9846E-6
1.5205E+1	3.2387E-6
1.5243E+1	4.5199E-6
1.5281E+1	2.3391E-6
1.5320E+1	1.7827E-6
1.5358E+1	2.5719E-6
1.5396E+1	2.0509E-6
1.5434E+1	3.0895E-6
1.5473E+1	1.1696E-6
1.5511E+1	3.2283E-7
1.5549E+1	-1.8570E-6
1.5587E+1	-3.1859E-6
1.5626E+1	1.7204E-6
1.5664E+1	2.4154E-6
1.5702E+1	1.0711E-6
1.5740E+1	-1.6644E-8
1.5779E+1	-2.7501E-6
1.5817E+1	-2.5546E-6
1.5855E+1	3.8589E-7
1.5893E+1	-7.0167E-7
1.5932E+1	6.6791E-7
1.5970E+1	-1.2264E-6
1.6008E+1	-1.0769E-6
1.6046E+1	2.0114E-6
1.6085E+1	2.1515E-6
1.6123E+1	-5.3064E-7
1.6161E+1	-6.7866E-7
1.6199E+1	4.9972E-7
1.6238E+1	5.4162E-8
1.6276E+1	-5.3148E-7
1.6314E+1	6.7311E-7
1.6352E+1	-1.6174E-6
1.6391E+1	-1.9783E-6
1.6429E+1	-3.7127E-7
1.6467E+1	-4.4461E-7
1.6505E+1	9.3670E-7
1.6544E+1	2.2848E-7
1.6582E+1	-3.0616E-7
1.6620E+1	1.9159E-7
1.6658E+1	-2.5672E-7
1.6697E+1	6.1178E-7
1.6735E+1	-1.5265E-6
1.6773E+1	1.6600E-6
1.6811E+1	1.7796E-7
1.6850E+1	3.2602E-7
1.6888E+1	-3.7525E-7
1.6926E+1	1.5623E-6
1.6964E+1	-1.2085E-6
1.7003E+1	1.3826E-7
1.7041E+1	-1.4913E-6
1.7079E+1	1.9956E-6
1.7117E+1	1.9516E-6
1.7156E+1	2.5533E-7
1.7194E+1	8.9607E-8
1.7232E+1	1.4856E-6
1.7270E+1	7.4431E-7
1.7309E+1	-2.8458E-7
1.7347E+1	-1.4986E-6
1.7385E+1	-1.4467E-7
1.7423E+1	-2.6349E-7
