0.0000E+0	0.0000E+0
1.4172E+1	1.1837E-7
1.4210E+1	1.4965E-7
1.4249E+1	-8.4708E-7
1.4287E+1	1.9725E-6
1.4325E+1	-6.3059E-7
1.4363E+1	-3.2661E-6
1.4402E+1	-1.4336E-6
1.4440E+1	-8.9176E-7
1.4478E+1	2.4582E-6
1.4516E+1	1.1954E-6
1.4555E+1	1.6957E-6
1.4593E+1	-1.6510E-6
1.4631E+1	1.3132E-6
1.4669E+1	4.2061E-6
1.4708E+1	-4.2626E-8
1.4746E+1	2.2190E-6
1.4784E+1	6.3472E-6
1.4822E+1	4.8311E-6
1.4861E+1	7.0071E-7
1.4899E+1	2.7609E-6
1.4937E+1	2.8720E-6
1.4975E+1	2.9816E-6
1.5014E+1	3.3457E-7
1.5052E+1	2.9210E-6
1.5090E+1	4.9326E-6
1.5128E+1	3.1642E-6
1.5167E+1	4.3530E-6
1.5205E+1	5.2848E-6
1.5243E+1	5.1803E-7
1.5281E+1	4.2163E-6
1.5320E+1	4.9590E-6
1.5358E+1	1.8927E-6
1.5396E+1	1.7927E-6
1.5434E+1	2.0886E-6
1.5473E+1	9.3628E-7
1.5511E+1	3.2372E-6
1.5549E+1	-3.0281E-7
1.5587E+1	8.5790E-7
1.5626E+1	4.7910E-6
1.5664E+1	3.3695E-6
1.5702E+1	-1.6254E-6
1.5740E+1	-2.3654E-6
1.5779E+1	1.6507E-6
1.5817E+1	1.1798E-6
1.5855E+1	3.2255E-7
1.5893E+1	-1.3386E-6
1.5932E+1	-4.5210E-7
1.5970E+1	-5.9040E-7
1.6008E+1	2.0655E-6
1.6046E+1	1.1627E-7
1.6085E+1	5.7962E-7
1.6123E+1	2.5040E-6
1.6161E+1	3.2378E-6
1.6199E+1	1.1308E-7
1.6238E+1	2.3228E-6
1.6276E+1	-1.1929E-6
1.6314E+1	7.2273E-7
1.6352E+1	8.6345E-7
1.6391E+1	-8.3576E-7
1.6429E+1	-2.3991E-6
1.6467E+1	-4.2467E-7
1.6505E+1	4.9285E-7
1.6544E+1	7.5742E-7
1.6582E+1	1.2787E-8
1.6620E+1	2.3774E-7
1.6658E+1	-6.8476E-7
1.6697E+1	1.5253E-6
1.6735E+1	5.7481E-7
1.6773E+1	-2.9689E-7
1.6811E+1	-9.4610E-7
1.6850E+1	2.2465E-6
1.6888E+1	-2.5222E-7
1.6926E+1	1.0102E-7
1.6964E+1	-1.3443E-6
1.7003E+1	-1.7625E-6
1.7041E+1	-9.2449E-7
1.7079E+1	-6.0646E-7
1.7117E+1	-3.8333E-7
1.7156E+1	5.8932E-8
1.7194E+1	1.4923E-7
1.7232E+1	-1.7618E-6
1.7270E+1	-3.9444E-7
1.7309E+1	1.2321E-6
1.7347E+1	-4.4740E-7
1.7385E+1	-1.1095E-7
1.7423E+1	-2.9313E-8
