0.0000E+0	1.4422E+1	1.4478E+1	1.4533E+1	1.4589E+1	1.4644E+1	1.4700E+1	1.4755E+1	1.4811E+1	1.4866E+1	1.4922E+1	1.4977E+1	1.5033E+1	1.5088E+1	1.5143E+1	1.5199E+1	1.5254E+1	1.5310E+1	1.5365E+1	1.5421E+1	1.5476E+1	1.5532E+1	1.5587E+1	1.5643E+1	1.5698E+1	1.5754E+1	1.5809E+1	1.5865E+1	1.5920E+1	1.5976E+1	1.6031E+1	1.6087E+1	1.6142E+1	1.6197E+1	1.6253E+1	1.6308E+1	1.6364E+1	1.6419E+1	1.6475E+1	1.6530E+1	1.6586E+1	1.6641E+1	1.6697E+1	1.6752E+1	1.6808E+1	1.6863E+1	1.6919E+1	1.6974E+1	1.7030E+1	1.7085E+1	1.7140E+1	1.7196E+1	1.7251E+1	1.7307E+1	1.7362E+1	1.7418E+1	1.7473E+1
1.4430E+1	3.6554E-8	4.8567E-8	7.3283E-8	8.6501E-8	1.3001E-7	1.2615E-7	7.6719E-8	7.7851E-8	1.8569E-8	-2.5786E-8	-2.7542E-8	-4.4730E-8	-5.5155E-8	-6.0933E-8	-4.4677E-8	-6.6239E-8	-7.8555E-8	-8.7137E-8	-9.9565E-8	-1.1921E-7	-1.1850E-7	-9.7544E-8	-2.0738E-8	-3.7414E-8	-1.3487E-8	-1.0661E-8	-1.8283E-8	1.4578E-9	3.3232E-8	1.9080E-8	6.1958E-9	6.2026E-9	-6.5650E-9	-2.5914E-8	-1.2857E-8	7.2408E-9	2.8759E-8	1.4269E-8	-4.9182E-9	2.6260E-9	-1.0818E-8	-6.1263E-9	4.3865E-9	-5.0219E-8	-1.9948E-8	3.2912E-8	-7.0426E-9	-1.8501E-8	2.8830E-9	-1.0162E-9	-7.5782E-10	9.6163E-9	7.9017E-10	-7.1794E-9	-1.3897E-9	2.0948E-9
1.4468E+1	1.1849E-7	1.3926E-7	1.9649E-7	1.8093E-7	2.3393E-7	1.8606E-7	1.5336E-7	1.4205E-7	7.5083E-8	1.4636E-8	1.1053E-8	-8.3898E-8	-6.0238E-8	-8.8764E-8	-8.3909E-8	-1.2195E-7	-1.1630E-7	-1.2464E-7	-1.6473E-7	-1.3153E-7	-1.6903E-7	-1.1464E-7	-2.8066E-8	-4.6241E-8	1.1267E-9	-1.1269E-8	-4.0452E-8	-3.1263E-8	-1.7939E-8	2.8945E-8	1.0752E-8	6.4310E-9	-4.7257E-8	-3.6759E-8	-4.0684E-8	-1.3366E-8	1.7448E-8	1.6389E-8	-2.5127E-8	-4.1856E-8	-3.1998E-8	-3.1177E-8	1.9470E-8	-5.3568E-8	-4.8299E-8	-9.9103E-9	-2.9217E-9	-4.6822E-8	1.6889E-8	1.4555E-9	-3.0626E-8	-3.8980E-8	5.6527E-9	-2.0557E-8	-2.7108E-8	-2.8148E-8
1.4505E+1	1.6392E-7	1.8867E-7	2.8978E-7	3.0109E-7	3.6183E-7	2.9222E-7	2.3257E-7	1.9856E-7	1.9656E-7	9.1679E-8	6.3564E-8	-5.8365E-8	-2.2793E-8	-3.6991E-8	-9.5086E-8	-1.2235E-7	-1.3571E-7	-1.7742E-7	-2.1240E-7	-1.6517E-7	-1.8009E-7	-1.5409E-7	-3.8868E-8	-7.0833E-8	7.8852E-9	1.7006E-8	2.9635E-8	1.0834E-8	-3.2990E-8	-2.1938E-8	5.2758E-9	-1.1387E-8	4.6101E-9	-2.1367E-8	-8.3163E-9	-1.9154E-8	-3.5162E-9	-3.7745E-8	2.5358E-8	-2.8707E-8	-7.5414E-8	-5.7650E-8	-1.2234E-8	-6.3303E-8	-1.8887E-8	-6.5868E-9	-3.7925E-8	-3.8558E-8	-2.4133E-8	2.4951E-8	-4.3179E-8	-2.4830E-8	-4.7135E-8	-4.5108E-8	-5.2974E-8	-8.1101E-8
1.4543E+1	2.5197E-7	3.0877E-7	4.5422E-7	6.3230E-7	6.0712E-7	5.1274E-7	3.9569E-7	2.9072E-7	2.3507E-7	1.8294E-7	8.6370E-8	-3.9051E-8	-5.6528E-8	-3.6745E-8	-1.4287E-7	-1.9482E-7	-1.6808E-7	-2.4094E-7	-2.4960E-7	-2.4059E-7	-2.1113E-7	-1.2475E-7	-7.3359E-8	-6.5770E-8	-3.4815E-8	3.7466E-8	7.5404E-8	1.1906E-7	2.7167E-8	4.2264E-8	-2.4853E-8	-1.8846E-8	-5.1705E-8	3.1792E-8	-2.1271E-8	2.5305E-8	1.0693E-8	-3.3166E-8	-8.2787E-8	-4.0100E-8	-8.5479E-8	-6.8785E-8	-9.6857E-8	-3.1431E-8	-7.4968E-8	-1.8652E-8	-5.1193E-8	-6.0593E-8	-1.6112E-8	-1.3435E-8	-4.5887E-8	-3.3328E-8	-1.6797E-8	-8.2968E-8	-6.4933E-8	-9.2767E-8
1.4581E+1	3.0836E-7	3.8574E-7	6.3663E-7	1.0436E-6	1.1183E-6	1.0474E-6	7.8860E-7	6.2580E-7	4.2846E-7	3.1817E-7	2.3346E-7	1.2510E-7	-8.9676E-9	6.0133E-8	-9.4331E-8	-1.6167E-7	-2.5632E-7	-2.6824E-7	-2.7535E-7	-3.0309E-7	-2.8729E-7	-1.4266E-7	-6.6746E-8	-1.2529E-8	4.3856E-9	6.8064E-8	1.1556E-7	1.5438E-7	1.1236E-7	1.0485E-7	9.1487E-8	3.3961E-8	1.4430E-8	2.8237E-8	2.3661E-8	-3.6344E-8	1.3474E-8	2.0452E-8	-3.0477E-8	-8.4431E-8	-1.0560E-7	-7.7193E-8	-1.8101E-7	-1.1836E-7	-2.3693E-8	-1.0380E-7	-5.0860E-8	-1.2986E-7	-7.4932E-8	-3.7112E-8	-7.2708E-8	-5.0690E-8	-6.3164E-8	-7.6217E-8	-9.7905E-8	-5.4671E-8
1.4619E+1	3.9894E-7	4.5747E-7	7.1171E-7	1.5277E-6	1.7253E-6	1.6948E-6	1.2944E-6	9.0530E-7	6.6353E-7	5.0766E-7	4.1619E-7	3.2105E-7	5.2481E-8	9.9888E-8	1.0513E-8	-7.3365E-8	-2.3113E-7	-2.2219E-7	-1.9126E-7	-2.9778E-7	-2.4464E-7	-2.1104E-7	-1.7566E-8	-5.9668E-10	1.7307E-7	1.4748E-7	2.6793E-7	2.4188E-7	2.7113E-7	1.5152E-7	1.2039E-7	9.0007E-8	4.7981E-8	1.1920E-7	4.7984E-8	3.7930E-8	-2.8129E-8	9.7804E-9	-1.1126E-7	-5.0003E-8	-1.1904E-7	-1.2308E-7	-1.3920E-7	-1.9598E-7	-1.7171E-7	-8.7581E-8	-8.5653E-8	-1.2232E-7	-1.3182E-7	-8.8827E-8	-1.8787E-7	-6.4426E-8	-7.8531E-8	-1.3009E-7	-1.3222E-7	-5.5805E-8
1.4657E+1	3.6092E-7	4.9158E-7	5.9957E-7	1.5820E-6	2.8333E-6	2.7407E-6	2.1934E-6	1.4204E-6	1.0003E-6	8.4056E-7	7.7784E-7	6.5635E-7	3.5537E-7	2.4738E-7	1.7506E-7	8.4385E-8	-2.6037E-7	-1.4949E-7	-7.5804E-8	-1.6779E-7	-1.3117E-7	-1.9018E-7	5.5978E-9	7.0484E-8	2.7555E-7	2.7750E-7	3.3871E-7	5.0705E-7	5.2346E-7	5.2372E-7	3.1965E-7	2.5414E-7	1.3190E-7	2.1532E-7	1.7571E-7	1.4062E-7	1.2436E-7	1.2277E-7	-1.3800E-8	-2.9712E-8	-7.2984E-8	-1.5456E-7	-1.4578E-7	-1.1325E-7	-1.5217E-7	-2.2391E-7	-9.9689E-8	-1.5031E-7	-1.0037E-7	-2.6964E-8	-1.8014E-7	-1.4188E-7	-6.9673E-8	-1.4137E-7	-1.6209E-7	-9.5861E-8
1.4695E+1	1.4178E-6	1.2532E-6	2.6077E-6	5.8098E-6	2.7370E-5	4.0339E-5	3.2166E-5	2.2770E-5	1.3835E-5	1.2110E-5	1.0635E-5	1.0146E-5	7.1118E-6	5.2144E-6	4.2798E-6	4.1280E-6	-6.6150E-7	-1.0919E-6	4.2939E-7	4.9302E-7	-5.6676E-8	-7.6212E-7	1.0839E-7	1.1479E-6	3.5561E-6	3.6460E-6	3.4543E-6	5.1167E-6	7.1020E-6	7.2467E-6	7.2777E-6	5.3345E-6	3.5819E-6	3.4173E-6	3.5870E-6	3.2644E-6	2.5770E-6	2.2378E-6	1.4211E-6	1.5328E-6	3.4092E-7	-3.2168E-7	-1.7904E-8	-1.4367E-6	1.4620E-7	-3.0207E-7	-1.3679E-6	-1.3379E-6	-8.6170E-7	-2.2510E-7	-3.4140E-7	-2.3421E-7	-3.0950E-7	-6.4060E-7	-1.0476E-6	-1.8814E-6
1.4733E+1	-9.4508E-7	-1.0697E-6	-2.2202E-6	-1.4764E-6	1.0296E-5	4.3605E-5	4.7208E-5	3.5193E-5	2.2615E-5	1.5207E-5	1.3667E-5	1.2150E-5	1.2025E-5	7.2678E-6	6.2039E-6	5.9649E-6	3.0054E-6	6.2367E-7	8.2985E-7	2.5161E-6	2.1318E-6	7.2590E-7	-2.4361E-7	3.4408E-7	3.6861E-6	4.2298E-6	4.9449E-6	4.6303E-6	7.6271E-6	9.2506E-6	8.9390E-6	9.1675E-6	6.0429E-6	5.4257E-6	5.4293E-6	5.4763E-6	4.8764E-6	3.8455E-6	2.8497E-6	2.3977E-6	1.4272E-6	5.3688E-7	9.8542E-7	4.4683E-8	-4.3047E-7	7.5155E-7	3.9220E-7	-7.3897E-7	-1.1415E-7	3.0478E-7	-1.6505E-7	3.8069E-7	4.0315E-7	-2.7578E-8	-1.0883E-7	-7.0671E-7
1.4770E+1	-2.8562E-6	-4.6987E-6	-7.0418E-6	-7.5068E-6	-5.2951E-6	2.4011E-5	6.1152E-5	5.2016E-5	3.5977E-5	2.0137E-5	1.6219E-5	1.4019E-5	1.5654E-5	1.2601E-5	8.1152E-6	7.6913E-6	5.8931E-6	4.1655E-6	2.4634E-6	2.9134E-6	4.3671E-6	4.2984E-6	1.7031E-6	-1.4134E-6	1.8198E-6	3.7384E-6	5.4611E-6	5.3049E-6	6.3163E-6	1.1392E-5	1.1846E-5	1.1437E-5	9.5388E-6	7.4477E-6	7.2421E-6	8.1166E-6	7.4593E-6	6.5276E-6	5.7440E-6	4.5148E-6	3.1678E-6	3.0135E-6	1.9411E-6	1.3902E-6	1.2559E-6	1.1293E-6	6.9958E-7	8.5731E-7	2.6874E-7	1.0889E-6	1.5845E-6	7.5334E-7	7.7136E-7	4.4065E-7	-7.4541E-7	5.3821E-8
1.4808E+1	-6.2844E-6	-8.5809E-6	-1.0811E-5	-1.5454E-5	-1.4199E-5	-3.3757E-6	4.9276E-5	7.8218E-5	5.3242E-5	3.3855E-5	1.8236E-5	1.7597E-5	1.5841E-5	1.8168E-5	1.1527E-5	9.3001E-6	8.1439E-6	7.1174E-6	4.6229E-6	3.9484E-6	4.3084E-6	6.4219E-6	4.6139E-6	8.9429E-7	-1.1330E-6	3.0280E-6	3.6702E-6	5.7811E-6	5.2494E-6	1.0010E-5	1.3981E-5	1.4638E-5	1.2386E-5	1.1135E-5	8.0300E-6	9.4791E-6	9.9728E-6	8.9416E-6	7.9707E-6	7.4188E-6	5.3072E-6	5.1573E-6	3.8972E-6	3.2665E-6	2.2487E-6	2.8319E-6	2.0355E-6	2.3057E-6	1.5591E-6	1.5039E-6	1.8705E-6	2.6793E-6	1.6998E-6	1.8004E-6	2.9571E-7	5.7874E-7
1.4846E+1	-1.0395E-5	-1.2823E-5	-1.5636E-5	-2.0362E-5	-2.5897E-5	-2.1169E-5	5.0616E-6	7.4719E-5	7.8463E-5	5.0146E-5	3.0226E-5	1.9888E-5	1.9219E-5	1.9168E-5	1.8224E-5	1.0972E-5	1.0756E-5	1.0397E-5	7.5912E-6	6.2428E-6	5.9169E-6	7.4453E-6	7.2244E-6	3.8794E-6	-3.5254E-7	9.7363E-7	3.2428E-6	4.0400E-6	5.3988E-6	7.7660E-6	1.2765E-5	1.5463E-5	1.4799E-5	1.3933E-5	1.1501E-5	1.0186E-5	1.1153E-5	1.1265E-5	1.0327E-5	9.5116E-6	8.0902E-6	7.0163E-6	5.8507E-6	4.9958E-6	4.4208E-6	4.0726E-6	3.3947E-6	4.0160E-6	2.9189E-6	3.0447E-6	2.4147E-6	3.3293E-6	3.4779E-6	3.1200E-6	2.2602E-6	1.9557E-6
1.4884E+1	-1.2057E-5	-1.4880E-5	-1.9212E-5	-2.2751E-5	-3.0083E-5	-3.0781E-5	-2.1556E-5	2.6909E-5	9.0556E-5	7.1215E-5	4.3900E-5	2.4701E-5	2.0703E-5	1.9244E-5	1.9811E-5	1.4505E-5	9.7741E-6	1.1108E-5	9.3247E-6	7.1378E-6	7.5175E-6	7.2707E-6	8.8833E-6	6.7896E-6	2.4798E-6	2.6441E-7	1.8781E-6	3.8727E-6	4.3856E-6	6.4606E-6	1.0569E-5	1.5043E-5	1.5191E-5	1.4865E-5	1.3589E-5	1.1701E-5	1.1195E-5	1.1587E-5	1.2249E-5	1.0968E-5	9.4509E-6	8.2496E-6	6.7768E-6	5.8796E-6	5.3740E-6	4.8383E-6	4.9101E-6	4.5167E-6	4.1562E-6	3.3560E-6	2.9887E-6	3.3187E-6	3.8669E-6	4.1955E-6	3.5019E-6	2.2395E-6
1.4922E+1	-1.4986E-5	-1.7969E-5	-2.1658E-5	-2.8851E-5	-3.2865E-5	-4.1172E-5	-3.3758E-5	-1.4913E-5	5.7168E-5	1.0022E-4	6.3317E-5	3.9318E-5	2.3543E-5	2.3832E-5	2.0635E-5	2.0192E-5	1.2797E-5	1.1522E-5	1.1005E-5	9.4179E-6	7.6761E-6	9.0355E-6	8.3142E-6	8.9367E-6	5.2495E-6	2.4626E-6	8.4107E-7	3.7787E-6	4.5526E-6	6.1371E-6	8.5142E-6	1.3991E-5	1.5647E-5	1.5919E-5	1.6140E-5	1.4422E-5	1.2111E-5	1.2740E-5	1.3305E-5	1.2953E-5	1.1280E-5	1.0837E-5	8.9643E-6	7.1161E-6	7.4344E-6	5.8159E-6	5.6671E-6	5.5033E-6	4.9800E-6	4.9893E-6	3.9646E-6	4.0597E-6	3.9844E-6	5.2720E-6	4.2623E-6	4.2735E-6
1.4960E+1	-1.8174E-5	-1.9358E-5	-2.4379E-5	-3.0463E-5	-3.7703E-5	-4.3508E-5	-4.6219E-5	-3.3757E-5	1.5947E-6	8.3342E-5	8.9171E-5	5.0914E-5	3.3007E-5	2.3604E-5	2.3556E-5	1.9843E-5	1.8576E-5	1.1838E-5	1.2314E-5	1.0649E-5	9.2101E-6	8.5113E-6	9.5742E-6	7.9689E-6	8.0776E-6	4.2211E-6	2.4111E-6	1.7702E-6	4.9283E-6	5.3877E-6	8.0400E-6	1.1433E-5	1.4516E-5	1.5240E-5	1.6182E-5	1.6549E-5	1.3807E-5	1.2739E-5	1.4172E-5	1.2787E-5	1.2344E-5	1.0979E-5	1.1071E-5	8.9991E-6	8.6851E-6	7.7967E-6	7.1903E-6	6.1201E-6	5.6902E-6	5.1054E-6	4.8236E-6	4.5091E-6	4.2430E-6	5.1922E-6	4.3772E-6	4.6715E-6
1.4998E+1	-1.9123E-5	-2.1532E-5	-2.4976E-5	-3.1345E-5	-3.8056E-5	-4.4189E-5	-4.6726E-5	-4.1592E-5	-2.2172E-5	3.0366E-5	9.2454E-5	6.8217E-5	4.2088E-5	2.7957E-5	2.4103E-5	2.0673E-5	1.9526E-5	1.4763E-5	1.2370E-5	1.1349E-5	9.5639E-6	8.7049E-6	9.0157E-6	7.5666E-6	7.5127E-6	6.2317E-6	4.8395E-6	1.7732E-6	4.3415E-6	5.4381E-6	7.4780E-6	1.0766E-5	1.2367E-5	1.5267E-5	1.5373E-5	1.6211E-5	1.5827E-5	1.3350E-5	1.3713E-5	1.3310E-5	1.3105E-5	1.1348E-5	1.0348E-5	9.7825E-6	9.3901E-6	8.2634E-6	7.7318E-6	7.0312E-6	6.9051E-6	5.9994E-6	5.4049E-6	4.8015E-6	5.0870E-6	4.2134E-6	4.9420E-6	4.6360E-6
1.5036E+1	-1.8915E-5	-2.2344E-5	-2.5494E-5	-3.1972E-5	-3.7484E-5	-4.4662E-5	-4.4793E-5	-4.5178E-5	-3.1044E-5	-4.7716E-6	5.2637E-5	8.0827E-5	5.0602E-5	3.5235E-5	2.4382E-5	2.2684E-5	1.8743E-5	1.6828E-5	1.2516E-5	1.1730E-5	9.5492E-6	8.2742E-6	8.0696E-6	8.1505E-6	6.4471E-6	5.9513E-6	5.4794E-6	2.8046E-6	3.4503E-6	5.1732E-6	6.6015E-6	1.0847E-5	1.1179E-5	1.3814E-5	1.5218E-5	1.5518E-5	1.5393E-5	1.4703E-5	1.2448E-5	1.2848E-5	1.3116E-5	1.1802E-5	1.0862E-5	1.0142E-5	8.8758E-6	8.7090E-6	7.2421E-6	6.4960E-6	6.3386E-6	6.2658E-6	5.4569E-6	5.0572E-6	5.8510E-6	4.3812E-6	4.5389E-6	5.1758E-6
1.5073E+1	-1.9741E-5	-2.0902E-5	-2.5342E-5	-2.9859E-5	-3.6815E-5	-4.2832E-5	-4.3696E-5	-4.0315E-5	-3.5319E-5	-1.4744E-5	1.4074E-5	6.0846E-5	6.2848E-5	3.9444E-5	2.8942E-5	2.2033E-5	2.0186E-5	1.6364E-5	1.4981E-5	1.0411E-5	1.0187E-5	7.6205E-6	6.4112E-6	7.5142E-6	6.6261E-6	5.4482E-6	5.6443E-6	3.4337E-6	3.7886E-6	4.3511E-6	6.0271E-6	8.7439E-6	1.1469E-5	1.2601E-5	1.4163E-5	1.5424E-5	1.4892E-5	1.4883E-5	1.3091E-5	1.2125E-5	1.2353E-5	1.1245E-5	1.0361E-5	1.0651E-5	9.3612E-6	8.2247E-6	7.4439E-6	6.8224E-6	5.7653E-6	5.9052E-6	5.3004E-6	4.8738E-6	5.1300E-6	4.5325E-6	4.9841E-6	5.2935E-6
1.5111E+1	-1.9445E-5	-2.0542E-5	-2.4495E-5	-2.8513E-5	-3.4702E-5	-4.0781E-5	-4.2642E-5	-3.8528E-5	-3.2831E-5	-1.9599E-5	-5.0079E-7	2.7201E-5	5.7916E-5	4.7441E-5	3.1765E-5	2.3664E-5	1.9276E-5	1.6578E-5	1.5056E-5	1.2361E-5	9.3691E-6	8.3458E-6	5.9114E-6	6.4433E-6	5.5293E-6	4.5445E-6	4.1124E-6	3.6487E-6	4.0585E-6	4.4693E-6	6.3576E-6	8.1153E-6	9.6036E-6	1.1842E-5	1.2660E-5	1.3795E-5	1.3960E-5	1.3870E-5	1.3113E-5	1.2677E-5	1.1069E-5	1.0746E-5	1.0162E-5	9.7242E-6	9.1521E-6	8.2170E-6	6.7339E-6	7.0717E-6	5.8224E-6	5.4392E-6	4.9366E-6	5.4210E-6	4.9849E-6	3.7379E-6	4.1948E-6	4.8360E-6
1.5149E+1	-1.8673E-5	-1.9853E-5	-2.2817E-5	-2.7247E-5	-3.2733E-5	-3.8807E-5	-3.8950E-5	-3.6935E-5	-2.9619E-5	-1.9832E-5	-5.2045E-6	9.5582E-6	3.4021E-5	5.0673E-5	3.6382E-5	2.6010E-5	1.9445E-5	1.6888E-5	1.4261E-5	1.2712E-5	9.8719E-6	7.7158E-6	6.1646E-6	6.3333E-6	5.1746E-6	4.2948E-6	3.4204E-6	3.0703E-6	3.7017E-6	4.2850E-6	5.4265E-6	7.7661E-6	9.6722E-6	1.0446E-5	1.2132E-5	1.2443E-5	1.2667E-5	1.2817E-5	1.2084E-5	1.2209E-5	1.0631E-5	9.8039E-6	9.2627E-6	9.3332E-6	8.3798E-6	8.2980E-6	6.5827E-6	6.5760E-6	6.3072E-6	5.5855E-6	4.6552E-6	4.6207E-6	4.7540E-6	4.5233E-6	3.6952E-6	3.9027E-6
1.5187E+1	-1.6501E-5	-1.9330E-5	-2.1499E-5	-2.6034E-5	-3.0879E-5	-3.6464E-5	-3.8046E-5	-3.4315E-5	-2.8205E-5	-1.7638E-5	-8.2460E-6	4.2756E-6	1.5518E-5	3.7162E-5	4.2316E-5	2.8309E-5	2.1601E-5	1.6853E-5	1.5266E-5	1.2683E-5	1.0796E-5	7.7841E-6	5.9358E-6	4.6359E-6	4.2678E-6	3.0547E-6	3.1036E-6	3.1475E-6	3.9251E-6	4.4583E-6	5.8512E-6	6.7512E-6	9.0685E-6	9.7653E-6	1.0840E-5	1.1526E-5	1.1661E-5	1.1863E-5	1.1762E-5	1.1076E-5	9.9533E-6	9.9138E-6	8.9537E-6	8.4936E-6	7.1394E-6	7.5413E-6	6.7956E-6	5.6492E-6	5.8151E-6	5.5745E-6	5.4113E-6	4.5660E-6	3.7836E-6	4.1144E-6	3.9111E-6	4.0935E-6
1.5225E+1	-1.5243E-5	-1.7378E-5	-2.0595E-5	-2.4414E-5	-2.9840E-5	-3.2506E-5	-3.5739E-5	-3.3091E-5	-2.6488E-5	-1.6158E-5	-6.3343E-6	4.0637E-7	9.2752E-6	1.9970E-5	3.7251E-5	3.3528E-5	2.3857E-5	1.8202E-5	1.4758E-5	1.3195E-5	1.1215E-5	9.3755E-6	7.0821E-6	5.3281E-6	3.4262E-6	2.2641E-6	2.1518E-6	2.5513E-6	3.2056E-6	3.7039E-6	5.2211E-6	7.2432E-6	8.7165E-6	9.7049E-6	9.8085E-6	1.0358E-5	1.0721E-5	1.0582E-5	1.0550E-5	1.0419E-5	9.2510E-6	9.0618E-6	8.5374E-6	8.8665E-6	7.3469E-6	6.7812E-6	6.3810E-6	5.2511E-6	4.7422E-6	4.3153E-6	4.8466E-6	4.3927E-6	3.6061E-6	3.7822E-6	3.3832E-6	3.8367E-6
1.5263E+1	-1.4978E-5	-1.5995E-5	-1.9152E-5	-2.3205E-5	-2.8239E-5	-3.1545E-5	-3.2435E-5	-3.2517E-5	-2.5423E-5	-1.7106E-5	-6.2840E-6	1.5989E-7	5.6391E-6	1.2406E-5	2.4165E-5	3.3958E-5	2.7813E-5	2.0347E-5	1.5642E-5	1.2559E-5	1.0883E-5	9.8767E-6	7.4595E-6	5.7573E-6	4.3052E-6	2.3705E-6	2.3468E-6	2.9586E-6	3.2404E-6	3.6061E-6	4.9887E-6	7.1158E-6	7.9085E-6	9.5792E-6	1.0179E-5	9.8939E-6	1.0023E-5	1.0179E-5	9.6858E-6	9.3763E-6	9.0730E-6	8.5730E-6	7.8050E-6	7.1782E-6	7.0358E-6	6.7730E-6	6.4064E-6	5.4431E-6	4.8742E-6	4.0450E-6	3.6572E-6	3.8316E-6	3.2599E-6	3.1176E-6	3.8126E-6	2.6729E-6
1.5301E+1	-1.2964E-5	-1.5017E-5	-1.7194E-5	-2.1299E-5	-2.5312E-5	-2.9701E-5	-2.9922E-5	-2.9949E-5	-2.5161E-5	-1.5560E-5	-8.0960E-6	-1.2963E-6	2.7134E-6	8.1731E-6	1.5284E-5	2.6721E-5	3.0976E-5	2.2838E-5	1.7758E-5	1.3418E-5	1.1398E-5	9.6799E-6	8.3410E-6	6.1168E-6	4.0789E-6	2.3990E-6	1.8015E-6	2.3110E-6	2.6664E-6	3.2127E-6	4.8672E-6	7.5126E-6	7.8947E-6	8.1262E-6	9.7855E-6	1.0165E-5	9.8167E-6	9.2749E-6	9.5669E-6	9.0452E-6	8.9454E-6	8.1327E-6	8.2340E-6	6.9417E-6	6.4980E-6	5.5345E-6	5.4464E-6	4.8438E-6	4.9304E-6	4.8382E-6	3.9058E-6	3.3178E-6	3.8595E-6	2.9053E-6	4.1790E-6	3.4417E-6
1.5338E+1	-1.2075E-5	-1.3736E-5	-1.6068E-5	-2.0105E-5	-2.3550E-5	-2.8059E-5	-2.8071E-5	-2.6711E-5	-2.3524E-5	-1.5874E-5	-7.6082E-6	-2.0226E-6	1.0651E-6	5.2710E-6	9.9289E-6	1.7893E-5	2.7910E-5	2.6675E-5	1.9610E-5	1.5048E-5	1.3111E-5	1.0742E-5	8.4054E-6	7.5543E-6	5.2387E-6	3.7671E-6	2.2318E-6	2.2405E-6	2.2542E-6	3.3121E-6	5.1085E-6	7.1620E-6	7.7168E-6	8.1999E-6	8.9747E-6	9.3239E-6	1.0169E-5	9.2150E-6	8.9923E-6	8.8581E-6	8.3865E-6	8.0203E-6	7.4411E-6	6.4849E-6	6.4594E-6	5.9626E-6	5.5228E-6	4.4821E-6	4.0139E-6	4.1953E-6	3.4739E-6	3.5909E-6	3.2068E-6	3.3186E-6	3.0469E-6	3.5436E-6
1.5376E+1	-1.2208E-5	-1.2973E-5	-1.5152E-5	-1.8359E-5	-2.2512E-5	-2.6792E-5	-2.7752E-5	-2.5581E-5	-2.1724E-5	-1.5565E-5	-9.3717E-6	-3.3563E-6	-9.3221E-7	3.0937E-6	6.6396E-6	1.2036E-5	1.9345E-5	2.6866E-5	2.2457E-5	1.6598E-5	1.3795E-5	1.1455E-5	9.3951E-6	7.7555E-6	5.0463E-6	4.4305E-6	3.3658E-6	2.3493E-6	2.0400E-6	3.0900E-6	4.9081E-6	7.3795E-6	7.7657E-6	7.9687E-6	8.7079E-6	8.6958E-6	9.1012E-6	9.4205E-6	8.7271E-6	9.2672E-6	7.8566E-6	8.1966E-6	7.3245E-6	6.8418E-6	5.9959E-6	4.9734E-6	5.8078E-6	5.2068E-6	4.8099E-6	4.8470E-6	3.2418E-6	3.2873E-6	2.9726E-6	3.2076E-6	2.9464E-6	2.6133E-6
1.5414E+1	-1.2404E-5	-1.2136E-5	-1.4783E-5	-1.7056E-5	-2.0557E-5	-2.4726E-5	-2.6026E-5	-2.4823E-5	-2.0588E-5	-1.5612E-5	-9.3330E-6	-4.1363E-6	-2.1594E-6	9.6323E-7	3.3739E-6	8.1246E-6	1.2386E-5	2.1097E-5	2.4857E-5	1.8823E-5	1.5658E-5	1.1640E-5	9.8863E-6	8.6398E-6	6.1643E-6	3.8461E-6	3.5223E-6	3.1358E-6	2.6259E-6	3.3082E-6	4.7342E-6	5.8776E-6	7.4258E-6	8.7337E-6	8.4094E-6	8.7944E-6	8.9466E-6	8.6135E-6	8.1814E-6	8.4323E-6	7.7135E-6	7.3210E-6	6.8310E-6	6.2618E-6	6.9574E-6	4.8137E-6	5.3705E-6	4.8125E-6	3.9163E-6	4.4042E-6	4.3054E-6	3.6145E-6	2.8734E-6	2.8669E-6	2.4355E-6	2.9486E-6
1.5452E+1	-1.0625E-5	-1.2402E-5	-1.3859E-5	-1.6761E-5	-1.9210E-5	-2.2844E-5	-2.4182E-5	-2.4308E-5	-1.9744E-5	-1.5037E-5	-9.9512E-6	-5.4425E-6	-2.6241E-6	-3.7102E-7	2.3986E-6	4.6002E-6	8.2804E-6	1.3157E-5	2.1774E-5	2.1162E-5	1.6299E-5	1.3031E-5	1.0312E-5	8.4873E-6	6.7299E-6	5.1045E-6	2.9988E-6	3.0132E-6	3.0259E-6	3.4164E-6	4.8859E-6	6.2580E-6	6.1908E-6	7.5743E-6	8.1194E-6	8.4880E-6	9.2941E-6	8.6245E-6	8.3164E-6	8.4537E-6	7.9700E-6	7.3188E-6	6.7123E-6	6.5244E-6	6.1806E-6	5.5309E-6	5.2192E-6	5.4248E-6	4.1193E-6	3.3306E-6	3.3568E-6	2.9536E-6	2.9780E-6	3.0288E-6	2.2682E-6	1.7039E-6
1.5490E+1	-1.0421E-5	-1.0752E-5	-1.3580E-5	-1.5699E-5	-1.8851E-5	-2.0548E-5	-2.1967E-5	-2.2443E-5	-1.9868E-5	-1.5199E-5	-9.1282E-6	-6.1629E-6	-3.8118E-6	-2.0423E-6	3.7313E-8	2.9229E-6	5.6115E-6	9.5185E-6	1.4611E-5	2.0515E-5	1.7705E-5	1.3794E-5	1.0676E-5	8.6906E-6	6.4268E-6	5.2979E-6	3.4961E-6	3.3430E-6	3.0962E-6	3.8087E-6	4.2052E-6	6.2093E-6	7.4560E-6	7.0888E-6	7.2481E-6	8.2371E-6	8.5793E-6	7.7237E-6	7.3901E-6	7.8844E-6	7.5132E-6	7.3118E-6	6.2656E-6	6.3309E-6	6.1511E-6	5.4634E-6	5.2945E-6	4.7438E-6	4.5141E-6	3.7263E-6	4.0111E-6	2.7875E-6	2.3407E-6	2.9144E-6	3.2234E-6	2.3543E-6
1.5528E+1	-1.0920E-5	-1.0695E-5	-1.2441E-5	-1.4694E-5	-1.8442E-5	-1.9790E-5	-2.0167E-5	-2.0563E-5	-1.8287E-5	-1.5058E-5	-1.0172E-5	-6.1058E-6	-4.6159E-6	-1.8830E-6	-1.7015E-6	7.0782E-8	2.2467E-6	6.0471E-6	1.0011E-5	1.4773E-5	1.8239E-5	1.4791E-5	1.1762E-5	8.2269E-6	6.7769E-6	4.9308E-6	2.9610E-6	2.7261E-6	2.9346E-6	3.5723E-6	4.4984E-6	4.9818E-6	7.3758E-6	7.2007E-6	7.5700E-6	7.9482E-6	9.1942E-6	7.7491E-6	7.1320E-6	8.0386E-6	7.3646E-6	6.5826E-6	6.8667E-6	6.0839E-6	5.5925E-6	5.3765E-6	4.9807E-6	4.0502E-6	4.1568E-6	3.1131E-6	3.2038E-6	3.0663E-6	2.8745E-6	2.3374E-6	2.9784E-6	2.2760E-6
1.5566E+1	-8.8417E-6	-1.0564E-5	-1.1734E-5	-1.4052E-5	-1.7158E-5	-1.9187E-5	-1.8473E-5	-1.8413E-5	-1.7194E-5	-1.3843E-5	-9.9648E-6	-6.6094E-6	-5.1237E-6	-3.2502E-6	-1.4666E-6	-9.4801E-7	1.1549E-6	2.6015E-6	6.3027E-6	9.0791E-6	1.5066E-5	1.5584E-5	1.2216E-5	8.8085E-6	6.0815E-6	5.3149E-6	3.6041E-6	2.8033E-6	2.1434E-6	3.0472E-6	4.3638E-6	5.0160E-6	6.0425E-6	6.8513E-6	6.9930E-6	7.6588E-6	7.4672E-6	7.8496E-6	5.9333E-6	7.0509E-6	7.4473E-6	6.2723E-6	5.6355E-6	6.1084E-6	5.4954E-6	5.4136E-6	5.3045E-6	4.0160E-6	4.0546E-6	3.5030E-6	3.3539E-6	2.8367E-6	2.8809E-6	2.5662E-6	3.2336E-6	2.8006E-6
1.5604E+1	-8.3261E-6	-9.1288E-6	-1.0838E-5	-1.2888E-5	-1.6503E-5	-1.8438E-5	-1.8817E-5	-1.6388E-5	-1.5513E-5	-1.2910E-5	-9.8062E-6	-6.4646E-6	-4.9902E-6	-3.7123E-6	-2.6486E-6	-1.6340E-6	-4.1023E-7	1.8494E-6	3.3733E-6	6.0172E-6	9.1978E-6	1.4578E-5	1.3264E-5	9.6152E-6	6.2246E-6	4.1443E-6	3.5508E-6	3.1170E-6	2.6187E-6	2.5688E-6	3.6208E-6	5.4459E-6	5.5038E-6	6.4182E-6	7.2786E-6	7.5746E-6	7.6794E-6	7.1851E-6	6.8715E-6	6.0061E-6	6.4325E-6	6.3563E-6	5.4611E-6	5.2341E-6	4.9071E-6	4.8777E-6	4.5523E-6	4.2802E-6	4.0841E-6	2.9682E-6	3.1569E-6	3.3907E-6	3.4787E-6	2.1691E-6	2.3679E-6	2.7975E-6
1.5641E+1	-7.7502E-6	-8.2923E-6	-9.9550E-6	-1.1281E-5	-1.4480E-5	-1.6894E-5	-1.8382E-5	-1.6710E-5	-1.4062E-5	-1.1601E-5	-9.1221E-6	-6.5660E-6	-5.1060E-6	-4.7499E-6	-3.0326E-6	-1.6979E-6	-1.2851E-6	6.0850E-7	2.0141E-6	4.3087E-6	5.8654E-6	9.5244E-6	1.3327E-5	1.0615E-5	7.2022E-6	4.8131E-6	4.1571E-6	2.7326E-6	2.0449E-6	2.7829E-6	2.6696E-6	4.3445E-6	5.1176E-6	4.8942E-6	6.0294E-6	6.8566E-6	6.5551E-6	6.7226E-6	5.7926E-6	6.3870E-6	5.3765E-6	6.2866E-6	4.3347E-6	5.4382E-6	4.6167E-6	4.9925E-6	4.0270E-6	4.1734E-6	4.0301E-6	3.3503E-6	3.0149E-6	2.8541E-6	3.3267E-6	3.4942E-6	2.3748E-6	2.0436E-6
1.5679E+1	-6.4324E-6	-7.6854E-6	-9.1421E-6	-1.0567E-5	-1.2542E-5	-1.4794E-5	-1.6965E-5	-1.6455E-5	-1.3663E-5	-9.9828E-6	-7.6370E-6	-6.2964E-6	-4.5456E-6	-4.6396E-6	-4.0417E-6	-2.2769E-6	-2.2512E-6	-5.5285E-7	7.4435E-7	3.1080E-6	3.7315E-6	6.3153E-6	9.4038E-6	1.1595E-5	7.3597E-6	5.1072E-6	4.6569E-6	4.5050E-6	2.5367E-6	2.7639E-6	3.1863E-6	3.8473E-6	4.8432E-6	5.2639E-6	4.9785E-6	5.9076E-6	6.1778E-6	6.1748E-6	6.1446E-6	5.5872E-6	4.7465E-6	5.8337E-6	4.6831E-6	4.1934E-6	4.3257E-6	4.5945E-6	3.7880E-6	3.5347E-6	3.6960E-6	2.9833E-6	3.0260E-6	2.6204E-6	2.5727E-6	2.5949E-6	3.4343E-6	2.5827E-6
1.5717E+1	-5.9311E-6	-6.6649E-6	-7.9497E-6	-9.6336E-6	-1.1568E-5	-1.3240E-5	-1.4798E-5	-1.6026E-5	-1.3092E-5	-9.3927E-6	-5.9747E-6	-5.5503E-6	-4.8388E-6	-4.2499E-6	-3.2429E-6	-2.0148E-6	-2.0830E-6	-1.1856E-6	-1.2246E-7	1.5778E-6	2.5334E-6	4.2870E-6	5.5753E-6	8.5331E-6	8.6411E-6	5.2546E-6	4.1782E-6	2.8474E-6	3.1728E-6	2.2812E-6	3.3810E-6	3.3826E-6	4.1897E-6	4.0376E-6	5.3203E-6	4.6077E-6	5.1968E-6	4.8772E-6	5.6050E-6	5.9774E-6	5.0136E-6	4.8758E-6	4.3071E-6	4.6419E-6	3.8061E-6	4.1419E-6	3.8577E-6	3.4762E-6	3.0436E-6	3.2200E-6	2.7153E-6	2.3451E-6	2.3978E-6	2.0462E-6	2.1223E-6	3.3774E-6
1.5755E+1	-5.4821E-6	-6.2344E-6	-7.3770E-6	-8.1254E-6	-9.8592E-6	-1.2314E-5	-1.3387E-5	-1.4456E-5	-1.3363E-5	-8.5064E-6	-5.0701E-6	-4.1509E-6	-4.3351E-6	-4.0020E-6	-2.9909E-6	-1.9894E-6	-2.0958E-6	-1.2474E-6	3.8100E-7	5.3832E-7	1.7303E-6	3.7969E-6	4.3970E-6	5.7441E-6	7.2985E-6	6.6396E-6	4.6803E-6	3.5331E-6	2.2749E-6	2.2063E-6	2.5751E-6	3.7848E-6	4.1194E-6	4.0167E-6	4.2005E-6	4.8653E-6	4.6502E-6	4.9054E-6	4.4445E-6	4.3009E-6	4.7430E-6	5.0899E-6	3.6999E-6	3.8185E-6	3.8424E-6	3.6773E-6	2.7927E-6	3.0102E-6	2.4944E-6	2.8935E-6	2.2642E-6	1.7648E-6	2.5663E-6	1.8893E-6	1.2000E-6	1.9001E-6
1.5793E+1	-4.5285E-6	-5.0490E-6	-6.6186E-6	-7.9632E-6	-8.7574E-6	-1.0312E-5	-1.1728E-5	-1.2055E-5	-1.2672E-5	-9.7547E-6	-5.3812E-6	-3.6207E-6	-3.4457E-6	-3.5162E-6	-2.5462E-6	-1.5939E-6	-1.4313E-6	-1.4411E-6	1.7383E-7	4.0976E-7	8.7331E-7	2.4644E-6	3.0180E-6	4.6146E-6	5.5496E-6	7.0454E-6	4.6898E-6	3.9095E-6	3.1552E-6	2.4539E-6	2.4375E-6	3.2214E-6	3.9827E-6	4.0875E-6	4.6230E-6	4.2972E-6	4.2824E-6	4.4921E-6	5.1770E-6	4.0641E-6	3.5690E-6	3.9570E-6	3.7202E-6	3.5841E-6	3.0102E-6	3.3396E-6	3.2782E-6	2.4483E-6	2.2491E-6	2.0661E-6	2.7016E-6	1.2046E-6	1.8398E-6	2.4729E-6	1.6723E-6	1.6764E-6
1.5831E+1	-4.3572E-6	-4.8694E-6	-5.3925E-6	-6.0893E-6	-8.5749E-6	-9.5890E-6	-1.0856E-5	-9.7350E-6	-9.8506E-6	-8.4505E-6	-5.9215E-6	-4.2755E-6	-2.7939E-6	-2.6364E-6	-2.5137E-6	-2.6044E-6	-1.7779E-6	-1.5477E-6	2.6163E-7	5.6512E-7	1.1219E-6	1.8117E-6	2.3551E-6	3.0784E-6	3.7016E-6	5.6166E-6	5.7072E-6	4.2795E-6	3.9468E-6	3.0543E-6	3.0390E-6	3.6595E-6	4.1837E-6	3.8964E-6	4.3512E-6	5.1042E-6	4.6550E-6	4.3047E-6	4.2148E-6	4.2812E-6	3.9730E-6	3.5305E-6	3.2449E-6	3.2614E-6	3.8430E-6	2.0575E-6	3.0874E-6	2.2706E-6	2.7782E-6	1.6001E-6	1.7759E-6	2.0264E-6	1.5363E-6	1.0780E-6	1.8875E-6	1.5441E-6
1.5869E+1	-3.5935E-6	-4.5725E-6	-4.9894E-6	-5.0853E-6	-6.2286E-6	-8.3508E-6	-9.2249E-6	-1.0176E-5	-8.3257E-6	-7.7670E-6	-4.4052E-6	-3.8803E-6	-2.1193E-6	-2.1114E-6	-1.0723E-6	-1.5754E-6	-1.4924E-6	-2.2603E-6	-7.4189E-7	2.5947E-7	9.3872E-7	1.0838E-6	2.1053E-6	2.8751E-6	2.7771E-6	3.5366E-6	4.6556E-6	4.4706E-6	3.7260E-6	3.9422E-6	3.1628E-6	4.2474E-6	4.7340E-6	4.0163E-6	3.9685E-6	4.0499E-6	4.6041E-6	4.1074E-6	4.1206E-6	3.2956E-6	3.3900E-6	2.8622E-6	3.4568E-6	2.3184E-6	3.5649E-6	2.8691E-6	2.8978E-6	2.5744E-6	2.3785E-6	2.6235E-6	2.1182E-6	1.8231E-6	2.1426E-6	1.9138E-6	1.6218E-6	2.0058E-6
1.5906E+1	-4.0223E-6	-4.7122E-6	-4.5004E-6	-4.3462E-6	-5.1993E-6	-6.1627E-6	-7.5450E-6	-7.9650E-6	-7.6189E-6	-6.0483E-6	-4.8582E-6	-2.9514E-6	-1.7737E-6	-1.1168E-6	-1.3645E-6	-5.4028E-7	-6.4627E-7	-7.9024E-7	-3.4016E-7	5.7859E-7	6.0125E-7	7.6244E-7	1.2438E-6	2.5351E-6	2.4384E-6	2.8049E-6	3.7434E-6	5.4795E-6	4.3119E-6	3.9120E-6	3.6170E-6	4.1739E-6	5.5186E-6	4.1348E-6	4.6917E-6	4.2361E-6	4.4067E-6	4.1441E-6	3.4452E-6	3.8298E-6	2.9828E-6	2.5653E-6	2.4219E-6	2.6126E-6	2.1168E-6	2.3601E-6	1.5411E-6	1.8928E-6	1.8775E-6	1.9030E-6	1.4761E-6	1.7538E-6	1.2755E-6	1.2938E-6	2.0730E-6	1.2598E-6
1.5944E+1	-3.4568E-6	-4.5840E-6	-4.9873E-6	-4.4452E-6	-4.2080E-6	-4.0423E-6	-5.8604E-6	-7.5359E-6	-6.6824E-6	-5.1589E-6	-3.1340E-6	-2.5176E-6	-1.1888E-6	-1.2379E-6	-8.2260E-8	-4.9343E-8	-1.8607E-7	-3.3276E-7	4.6384E-7	1.0138E-6	1.4641E-6	8.7620E-7	8.4564E-7	2.0890E-6	2.2628E-6	2.4558E-6	2.1779E-6	4.0269E-6	5.8162E-6	5.2542E-6	4.2469E-6	4.8882E-6	5.2629E-6	4.0746E-6	4.2959E-6	4.2099E-6	4.0346E-6	4.1296E-6	3.8097E-6	3.7880E-6	3.6494E-6	3.2369E-6	3.2207E-6	2.6649E-6	2.8396E-6	2.7515E-6	2.4157E-6	1.3410E-6	1.7184E-6	2.2784E-6	1.9657E-6	7.2245E-7	1.4403E-6	7.5011E-7	1.2526E-6	7.9560E-7
1.5982E+1	-3.5239E-6	-4.4591E-6	-4.8954E-6	-5.3711E-6	-4.5044E-6	-2.5489E-6	-3.3153E-6	-5.0891E-6	-5.8857E-6	-5.0420E-6	-2.9417E-6	-1.8595E-6	-7.6641E-7	-9.9244E-7	-4.2495E-7	7.2764E-7	-3.8080E-7	1.9319E-7	7.6071E-7	9.0879E-7	9.3279E-7	1.5173E-6	5.3004E-7	1.7971E-6	1.5215E-6	2.7831E-6	2.5738E-6	3.4352E-6	5.0482E-6	5.9430E-6	5.1752E-6	5.6120E-6	6.1970E-6	4.6618E-6	5.0444E-6	4.1143E-6	4.3539E-6	3.5972E-6	3.5168E-6	3.4656E-6	3.2435E-6	2.9619E-6	2.9775E-6	2.9340E-6	2.4967E-6	2.1327E-6	2.0404E-6	2.2267E-6	1.8301E-6	2.1166E-6	2.2885E-6	2.0790E-6	1.1918E-6	1.6433E-6	1.2647E-6	1.2309E-6
1.6020E+1	-3.5127E-6	-4.3403E-6	-5.3341E-6	-6.2483E-6	-5.6279E-6	-3.3622E-6	-1.6416E-6	-3.8259E-6	-3.6427E-6	-4.1821E-6	-2.3104E-6	-1.1514E-6	-7.4496E-7	-2.9687E-7	3.8148E-7	1.3443E-6	2.0838E-7	5.9095E-7	6.5432E-7	1.1175E-6	9.6321E-7	8.1951E-7	4.7840E-7	1.4526E-6	6.8247E-7	1.2525E-6	1.5992E-6	2.3871E-6	4.8097E-6	5.5186E-6	5.9062E-6	5.8361E-6	5.4353E-6	5.2171E-6	5.4210E-6	4.8695E-6	4.1509E-6	3.9119E-6	4.0790E-6	3.8735E-6	3.3316E-6	3.2546E-6	3.0097E-6	2.5069E-6	2.5418E-6	2.0228E-6	1.5273E-6	1.7778E-6	1.9213E-6	1.9778E-6	1.1247E-6	1.7297E-6	1.5528E-6	1.1531E-6	1.0579E-6	7.6676E-7
1.6058E+1	-3.8753E-6	-4.0898E-6	-5.2378E-6	-6.6735E-6	-6.3535E-6	-5.0008E-6	-1.5917E-6	-9.1144E-7	-3.6445E-6	-2.5938E-6	-2.8810E-6	-3.2263E-7	-7.1543E-7	1.3282E-7	-2.4882E-8	1.7866E-6	7.5440E-7	1.6474E-6	1.3849E-6	1.1043E-6	1.2052E-6	1.9228E-6	7.9792E-7	1.7036E-6	1.1021E-6	1.4665E-6	1.6795E-6	2.5789E-6	3.3195E-6	5.0704E-6	6.3035E-6	6.5030E-6	5.8545E-6	5.2900E-6	5.7548E-6	5.6697E-6	5.0610E-6	4.2283E-6	3.4283E-6	3.8540E-6	3.5542E-6	3.3514E-6	2.8643E-6	3.3286E-6	2.1192E-6	2.0624E-6	1.8157E-6	2.1016E-6	1.7081E-6	2.6234E-6	1.2693E-6	1.3225E-6	1.7283E-6	1.4691E-6	1.0460E-6	1.3094E-6
1.6096E+1	-4.1446E-6	-4.6889E-6	-5.5015E-6	-6.9849E-6	-7.6821E-6	-6.6065E-6	-4.0316E-6	1.3014E-7	-7.7249E-7	-2.3063E-6	-2.0528E-6	-9.1375E-7	-3.8288E-7	3.4797E-8	4.7893E-7	3.8772E-7	1.2992E-6	1.5711E-6	1.4018E-6	1.5663E-6	9.5582E-7	9.5977E-7	2.0768E-6	6.8804E-7	8.0616E-7	5.3910E-7	1.2655E-6	2.1284E-6	3.3250E-6	3.2784E-6	6.9377E-6	6.4455E-6	6.0417E-6	5.9854E-6	5.5777E-6	6.1829E-6	5.0813E-6	5.8706E-6	4.6988E-6	4.0586E-6	3.7683E-6	4.2729E-6	2.8593E-6	3.0625E-6	3.0109E-6	2.3240E-6	2.5785E-6	2.2332E-6	1.6192E-6	1.5370E-6	1.8694E-6	1.0964E-6	1.3960E-6	1.4668E-6	9.0029E-7	1.3465E-6
1.6134E+1	-4.1007E-6	-5.1360E-6	-5.4483E-6	-6.3627E-6	-7.9139E-6	-7.8987E-6	-5.7671E-6	-2.7413E-6	5.3493E-7	-2.9670E-7	-1.5234E-6	-6.9618E-7	-2.2072E-7	-2.7337E-7	2.2971E-7	3.9623E-7	5.6445E-7	2.0626E-6	1.8616E-6	1.0975E-6	2.1328E-6	1.0693E-6	2.0763E-6	1.2250E-6	7.0820E-7	5.7020E-7	8.6287E-7	1.9078E-6	2.2194E-6	2.8227E-6	4.4674E-6	6.6523E-6	5.9858E-6	5.9924E-6	5.7038E-6	5.4930E-6	5.0608E-6	5.4053E-6	4.0449E-6	4.3183E-6	3.9233E-6	4.0094E-6	4.0558E-6	3.6064E-6	2.5867E-6	3.1552E-6	2.8456E-6	2.6130E-6	2.5100E-6	1.8008E-6	1.1080E-6	1.9982E-6	1.1295E-6	1.8670E-6	1.0391E-6	1.4880E-6
1.6171E+1	-4.6767E-6	-5.5041E-6	-6.2383E-6	-6.0216E-6	-7.7108E-6	-8.0104E-6	-6.2984E-6	-4.1895E-6	-1.3938E-6	6.6823E-7	-7.5725E-7	-6.4439E-7	-1.7507E-7	3.2002E-7	-1.4425E-7	1.5493E-7	7.8957E-7	1.2934E-6	1.7972E-6	1.6464E-6	1.0864E-6	1.5135E-6	2.0463E-6	9.1948E-7	5.1649E-7	8.6862E-7	6.7342E-7	1.6037E-6	2.2660E-6	3.5094E-6	4.5949E-6	4.7393E-6	6.8044E-6	6.1145E-6	6.7123E-6	5.9720E-6	4.6325E-6	6.3102E-6	3.7852E-6	3.5998E-6	3.6472E-6	3.1794E-6	2.9277E-6	4.2214E-6	2.9761E-6	3.0770E-6	3.3482E-6	1.7024E-6	1.9921E-6	2.0007E-6	1.1021E-6	1.4336E-6	1.2675E-6	1.3068E-6	1.5692E-6	1.0554E-6
1.6209E+1	-4.2558E-6	-4.6875E-6	-6.2642E-6	-5.8379E-6	-7.7923E-6	-7.7188E-6	-7.3657E-6	-4.5880E-6	-2.2972E-6	3.3899E-7	2.4200E-7	-7.5257E-7	-7.0410E-7	-2.4294E-7	4.1746E-9	8.4788E-8	7.1277E-7	1.4494E-6	1.4675E-6	1.4172E-6	1.9696E-6	6.2116E-7	1.5342E-6	7.5048E-7	1.8852E-7	2.4020E-7	4.8600E-7	8.2227E-7	1.3301E-6	2.7929E-6	4.4678E-6	4.2815E-6	5.7903E-6	6.4306E-6	6.3883E-6	7.0474E-6	5.8957E-6	6.4197E-6	4.9022E-6	3.8750E-6	4.7293E-6	3.2760E-6	3.2247E-6	3.0366E-6	3.2141E-6	2.9192E-6	3.1790E-6	2.4178E-6	1.9223E-6	1.9827E-6	1.7295E-6	1.7493E-6	1.3281E-6	1.4251E-6	1.0380E-6	1.3099E-6
1.6247E+1	-5.0285E-6	-4.6303E-6	-5.9155E-6	-5.5024E-6	-7.0079E-6	-7.2990E-6	-7.0411E-6	-6.1206E-6	-2.9127E-6	-6.8268E-7	1.2047E-6	-2.1763E-7	-7.3706E-8	-2.4319E-7	1.3068E-8	3.6422E-8	1.0936E-6	8.8251E-7	1.3335E-6	1.4100E-6	1.5882E-6	1.7101E-6	1.2339E-6	5.0457E-7	1.7998E-7	5.5751E-7	1.9000E-7	2.3797E-7	1.3689E-6	1.9012E-6	3.4949E-6	3.6852E-6	4.3539E-6	6.2263E-6	5.8051E-6	5.6687E-6	5.8223E-6	5.6412E-6	5.1886E-6	3.9157E-6	4.1796E-6	4.1934E-6	3.5271E-6	3.6291E-6	2.5998E-6	3.0835E-6	2.3586E-6	1.8987E-6	2.0757E-6	1.4701E-6	1.6615E-6	2.0910E-6	1.2663E-6	2.1494E-6	1.4180E-6	1.4029E-6
1.6285E+1	-3.9039E-6	-4.8692E-6	-5.8070E-6	-6.8384E-6	-6.9160E-6	-7.4479E-6	-6.7008E-6	-6.1485E-6	-4.0684E-6	-2.3427E-6	6.1692E-7	-2.2058E-8	-9.9600E-7	4.1359E-9	-1.6626E-7	3.2161E-7	6.6465E-7	1.3490E-6	5.8405E-7	1.0205E-6	1.3534E-6	6.2909E-7	1.6945E-6	7.2553E-7	1.7615E-9	3.0511E-7	5.7265E-7	7.8822E-7	1.1616E-6	2.5013E-6	2.3898E-6	3.9604E-6	3.3717E-6	5.1457E-6	6.5339E-6	5.7996E-6	5.8406E-6	4.9688E-6	4.6124E-6	4.5044E-6	4.0192E-6	3.4214E-6	4.1327E-6	3.1009E-6	3.1279E-6	2.4138E-6	2.4850E-6	1.4483E-6	2.3941E-6	1.8812E-6	1.7049E-6	1.9109E-6	1.1980E-6	1.5141E-6	1.8755E-6	1.3323E-6
1.6323E+1	-3.6283E-6	-3.9646E-6	-4.7240E-6	-5.9168E-6	-7.1785E-6	-7.3668E-6	-7.3082E-6	-5.7332E-6	-3.7849E-6	-2.2689E-6	-9.1468E-7	8.1991E-7	-6.1428E-7	-6.0285E-7	9.3734E-8	-4.7296E-7	5.7513E-7	4.4519E-7	7.7673E-7	2.3918E-7	9.2642E-7	5.6744E-7	3.8115E-7	9.2797E-7	-2.8893E-7	8.6325E-8	-6.3996E-7	2.6562E-7	9.8895E-7	1.6334E-6	2.8006E-6	2.8486E-6	3.9773E-6	3.4570E-6	5.2096E-6	5.6331E-6	5.6714E-6	4.5470E-6	4.6372E-6	3.8964E-6	4.5470E-6	3.6717E-6	3.8616E-6	3.0485E-6	2.9181E-6	3.1616E-6	2.1830E-6	1.1777E-6	1.5763E-6	1.5140E-6	1.8237E-6	1.7924E-6	1.4665E-6	1.6658E-6	1.9155E-6	1.6674E-6
1.6361E+1	-3.6890E-6	-4.6395E-6	-5.1276E-6	-5.6977E-6	-6.7191E-6	-7.0321E-6	-7.1540E-6	-6.0178E-6	-4.5635E-6	-2.3301E-6	-5.1328E-7	-8.2028E-7	5.0441E-7	-5.5109E-7	4.4074E-7	2.3245E-7	1.7029E-7	9.0264E-7	4.3682E-7	6.6088E-7	-8.7557E-9	1.3713E-7	5.7792E-7	2.5123E-7	4.6132E-7	-5.0352E-7	-1.9890E-7	-4.8280E-7	7.9022E-7	8.4076E-7	1.5913E-6	2.7671E-6	3.4828E-6	3.8117E-6	4.6348E-6	4.8160E-6	5.6185E-6	4.4381E-6	4.5111E-6	4.1869E-6	3.5692E-6	3.5808E-6	4.0458E-6	3.0823E-6	1.9884E-6	2.7623E-6	2.8448E-6	2.0614E-6	1.8461E-6	1.5620E-6	1.6348E-6	1.3004E-6	1.0507E-6	1.2014E-6	1.7232E-6	1.8958E-6
1.6399E+1	-3.6701E-6	-3.9800E-6	-5.5432E-6	-5.3307E-6	-6.8861E-6	-7.0134E-6	-7.3416E-6	-5.1535E-6	-3.9708E-6	-3.2590E-6	-7.8859E-7	-4.0161E-7	-8.0900E-7	-1.3044E-7	-5.6897E-7	-6.8261E-8	2.6824E-8	5.9264E-7	5.2848E-7	6.9438E-7	9.2728E-7	6.2246E-8	5.0687E-8	5.0048E-8	-9.1161E-8	1.7263E-8	-9.8599E-7	-3.0625E-7	-1.3585E-7	1.1743E-6	1.4354E-6	1.7232E-6	3.3351E-6	2.7297E-6	3.6610E-6	4.5166E-6	4.8977E-6	5.0122E-6	4.5225E-6	4.9905E-6	4.1214E-6	3.0761E-6	2.9114E-6	4.1027E-6	2.5795E-6	2.2447E-6	2.0828E-6	2.4236E-6	1.8119E-6	1.4757E-6	2.0110E-6	1.4604E-6	1.4881E-6	1.6607E-6	1.4651E-6	2.1721E-6
1.6437E+1	-3.2776E-6	-3.9231E-6	-4.9821E-6	-5.7830E-6	-6.4418E-6	-6.6336E-6	-6.9606E-6	-6.0323E-6	-3.5739E-6	-2.7496E-6	-1.8118E-6	-6.9082E-7	-5.0449E-7	-3.1761E-7	8.4882E-8	-3.9158E-7	-3.9714E-7	3.3616E-7	3.5778E-7	2.9848E-7	7.7407E-8	8.2203E-7	3.0717E-7	-6.5798E-9	-1.6061E-7	-8.4287E-7	-8.8916E-7	-5.1057E-7	-2.0558E-7	-2.1254E-7	1.6936E-6	2.2882E-6	2.9037E-6	3.5822E-6	2.5889E-6	3.3798E-6	4.2920E-6	4.3176E-6	4.6668E-6	4.5352E-6	4.7422E-6	3.7228E-6	2.6200E-6	2.8296E-6	3.0106E-6	2.4799E-6	2.0507E-6	2.6728E-6	2.3804E-6	1.4855E-6	1.6017E-6	1.4636E-6	6.1759E-7	1.5251E-6	1.4597E-6	2.1081E-6
1.6474E+1	-3.0117E-6	-3.8555E-6	-4.1169E-6	-5.0658E-6	-6.6893E-6	-6.5705E-6	-6.7299E-6	-5.0180E-6	-3.8890E-6	-1.7346E-6	-1.6697E-6	-1.4678E-6	-1.4481E-6	-8.0226E-7	3.6689E-8	-1.0733E-7	2.3351E-7	2.2835E-7	2.4216E-7	7.9195E-7	6.3853E-7	5.5125E-7	2.3307E-7	2.4659E-8	-6.4975E-8	-1.8752E-7	-1.2561E-6	-6.7886E-7	-3.3225E-7	-3.9224E-7	3.9352E-7	2.1996E-6	2.6981E-6	3.0734E-6	2.8624E-6	3.0004E-6	4.2364E-6	3.6540E-6	4.5480E-6	4.4532E-6	4.1697E-6	3.7120E-6	3.1252E-6	3.3358E-6	2.5062E-6	2.5422E-6	1.9498E-6	2.1746E-6	2.2893E-6	1.9677E-6	1.4855E-6	2.1873E-6	1.6052E-6	8.4622E-7	1.1581E-6	1.3069E-6
1.6512E+1	-3.1162E-6	-4.0861E-6	-4.1201E-6	-4.7813E-6	-6.2973E-6	-6.0724E-6	-7.2750E-6	-5.9002E-6	-4.5057E-6	-2.7907E-6	-8.9005E-7	-1.4075E-6	-1.0855E-6	-1.6804E-6	-4.0881E-7	-8.0234E-7	-1.9918E-8	8.1032E-7	2.7829E-7	8.3380E-8	4.0054E-7	1.1706E-6	3.5785E-7	1.0260E-7	-5.0872E-7	-5.3182E-7	-3.2200E-7	-2.8076E-7	1.7845E-7	-3.6336E-7	6.0993E-7	1.6827E-6	2.3881E-6	3.0173E-6	2.7106E-6	2.3850E-6	3.6367E-6	3.2686E-6	3.6305E-6	4.3265E-6	4.5128E-6	3.4618E-6	3.1275E-6	3.2878E-6	3.0590E-6	2.0699E-6	2.2817E-6	2.0371E-6	2.0448E-6	1.9198E-6	1.2730E-6	1.4925E-6	1.8303E-6	1.5149E-6	1.2565E-6	9.5416E-7
1.6550E+1	-2.9598E-6	-3.2018E-6	-3.5035E-6	-4.0544E-6	-5.5876E-6	-5.4308E-6	-6.2500E-6	-5.2897E-6	-3.9297E-6	-3.5917E-6	-1.9086E-6	-1.7796E-6	-1.3189E-6	-1.1814E-6	-5.6293E-7	-8.7617E-7	-4.9259E-7	8.1283E-8	4.8848E-7	4.2375E-7	8.7340E-8	8.6174E-7	-3.1580E-8	2.2643E-7	-4.9310E-7	-7.8453E-7	-8.0455E-7	-7.1320E-7	-1.1831E-7	6.9213E-8	3.8300E-7	1.5409E-6	1.6258E-6	2.0420E-6	2.9127E-6	3.0470E-6	3.3016E-6	3.1383E-6	2.9520E-6	3.0138E-6	3.7482E-6	3.2423E-6	2.9248E-6	3.3105E-6	3.2469E-6	2.8096E-6	2.1151E-6	2.0521E-6	1.7185E-6	1.7139E-6	1.5211E-6	1.5346E-6	1.3011E-6	8.7020E-7	1.1693E-6	7.1391E-7
1.6588E+1	-3.5760E-6	-3.1196E-6	-3.1080E-6	-3.9351E-6	-4.4742E-6	-4.8198E-6	-5.7208E-6	-5.7352E-6	-3.7865E-6	-2.8136E-6	-1.9669E-6	-1.2785E-6	-1.3511E-6	-1.5749E-6	-9.6789E-7	-3.6887E-7	-4.9598E-7	1.7872E-7	-4.0811E-8	3.4528E-7	4.9278E-8	6.5993E-7	3.1772E-7	3.9088E-7	-8.3710E-8	-8.3677E-7	-5.9201E-7	-7.0051E-7	-7.9738E-8	1.4587E-7	7.3353E-7	1.2771E-6	1.7322E-6	1.3785E-6	2.3984E-6	2.2286E-6	2.6953E-6	3.3565E-6	2.9756E-6	3.2564E-6	3.5910E-6	3.0199E-6	2.3603E-6	2.5293E-6	2.6785E-6	2.2380E-6	2.0380E-6	2.0423E-6	2.4963E-6	1.3818E-6	2.1515E-6	1.6811E-6	1.6630E-6	1.3487E-6	1.2711E-6	8.2530E-7
1.6626E+1	-2.6035E-6	-2.7364E-6	-3.0564E-6	-3.8744E-6	-4.0723E-6	-4.4318E-6	-4.6095E-6	-4.4489E-6	-4.5347E-6	-2.6722E-6	-2.5893E-6	-1.5034E-6	-6.5879E-7	-8.4983E-7	-1.3989E-6	-6.8116E-7	-4.3432E-7	-7.8631E-7	2.8286E-7	-1.8375E-7	5.0805E-7	-5.6065E-8	-3.6846E-7	6.6884E-8	3.9770E-7	-5.2650E-7	-7.6438E-7	-1.5204E-6	-6.6099E-7	4.8024E-7	5.4887E-7	7.7821E-7	1.6754E-6	1.1502E-6	2.4322E-6	2.9690E-6	1.5742E-6	2.5912E-6	2.3193E-6	2.3005E-6	3.2418E-6	3.5473E-6	2.9665E-6	2.8202E-6	2.5842E-6	2.5382E-6	1.3733E-6	8.5044E-7	1.6725E-6	1.2356E-6	1.5019E-6	1.6930E-6	9.1920E-7	1.4816E-6	1.5030E-6	1.6197E-6
1.6664E+1	-2.7033E-6	-1.4180E-6	-2.1913E-6	-3.1637E-6	-3.3768E-6	-4.4689E-6	-4.6680E-6	-3.7853E-6	-4.0186E-6	-2.7363E-6	-2.0381E-6	-1.9161E-6	-1.3615E-6	-1.0236E-6	-9.2676E-7	-4.3269E-7	-1.6863E-7	-8.4576E-7	-1.1643E-8	-1.8198E-9	1.9809E-7	3.2035E-7	9.4309E-8	1.0698E-7	-2.3899E-8	-2.9080E-7	-9.5451E-7	-5.4426E-7	-1.0218E-6	-4.6121E-10	9.7049E-7	6.4451E-7	1.0277E-6	1.2561E-6	1.4322E-6	2.5438E-6	2.2437E-6	2.3210E-6	2.3035E-6	2.1849E-6	2.3647E-6	2.9761E-6	2.5386E-6	3.0087E-6	2.4191E-6	1.8476E-6	2.0389E-6	1.7591E-6	1.5971E-6	1.2368E-6	1.7241E-6	1.3168E-6	9.5925E-7	9.5574E-7	9.6150E-7	1.3166E-6
1.6702E+1	-2.6631E-6	-2.2325E-6	-2.2318E-6	-2.6846E-6	-2.1749E-6	-3.5206E-6	-4.3432E-6	-3.2551E-6	-3.5956E-6	-2.5385E-6	-2.1337E-6	-1.7152E-6	-1.0664E-6	-1.3221E-6	-1.4534E-6	-9.4307E-7	-5.5117E-7	-7.9782E-7	-1.9935E-7	1.1787E-7	3.2951E-8	-2.1759E-7	-5.3022E-7	3.1943E-7	6.6527E-8	-2.9030E-8	-8.2588E-7	-1.2496E-6	-3.3576E-7	-8.8260E-7	-5.5426E-8	1.1746E-6	7.0369E-7	8.9179E-7	1.3780E-6	1.4854E-6	1.8355E-6	1.7859E-6	1.9846E-6	1.7509E-6	2.1392E-6	3.2879E-6	2.8798E-6	2.6050E-6	2.9629E-6	1.7792E-6	5.6492E-7	1.3080E-6	1.3366E-6	1.1243E-6	1.0134E-6	1.1988E-6	1.4604E-6	1.6495E-6	8.9311E-7	8.0735E-7
1.6739E+1	-1.9809E-6	-1.5649E-6	-2.6429E-6	-2.8121E-6	-3.0403E-6	-2.7659E-6	-3.9072E-6	-3.3379E-6	-3.0996E-6	-2.7209E-6	-1.3562E-6	-2.2496E-6	-1.7426E-6	-3.6185E-7	-1.1279E-6	-7.4687E-7	-1.5556E-6	-1.3041E-7	-3.8643E-7	3.5246E-7	-1.3649E-7	1.0165E-7	-1.2536E-7	4.8345E-8	-5.6778E-7	-8.2457E-7	-2.9513E-7	4.9594E-8	-4.3303E-7	1.9781E-7	-1.0038E-6	7.5584E-7	8.1132E-7	8.5040E-7	1.2836E-6	1.1446E-6	1.2864E-6	1.3060E-6	1.0456E-6	1.8930E-6	8.6274E-7	1.9581E-6	2.4355E-6	2.5042E-6	2.2083E-6	2.1473E-6	1.2482E-6	1.5118E-6	1.2443E-6	1.1442E-6	6.8711E-7	1.3434E-7	6.0649E-7	1.4950E-6	9.4175E-7	9.5635E-7
1.6777E+1	-2.0092E-6	-1.1225E-6	-2.0995E-6	-1.8653E-6	-2.5906E-6	-2.9992E-6	-2.7313E-6	-2.9926E-6	-2.4337E-6	-2.4311E-6	-1.9437E-6	-1.1485E-6	-2.4484E-6	-8.6502E-7	-7.9375E-7	-3.5876E-7	-1.4350E-6	-7.0566E-7	1.5856E-7	-6.1640E-8	-2.6931E-7	-4.5904E-7	-2.5457E-7	3.4078E-7	2.5493E-7	-8.7134E-7	-9.3232E-7	-2.4151E-7	-5.5622E-7	-1.9345E-7	2.7545E-8	-8.4171E-9	6.7342E-7	6.7731E-7	1.2803E-6	1.8664E-6	1.8960E-6	1.4876E-6	1.0716E-6	1.4156E-6	2.1654E-6	1.3048E-6	1.8614E-6	1.5175E-6	1.9078E-6	1.0553E-6	8.8724E-7	1.1529E-6	1.3310E-6	1.4718E-6	6.4949E-7	8.5530E-7	8.8687E-7	7.8378E-7	4.9583E-7	1.0012E-6
1.6815E+1	-1.6453E-6	-1.9091E-6	-1.9935E-6	-2.5088E-6	-2.5133E-6	-3.2711E-6	-2.4532E-6	-2.6880E-6	-1.9307E-6	-2.1598E-6	-1.4883E-6	-1.9163E-6	-1.2789E-6	-1.3577E-6	-1.0547E-6	-8.9886E-7	-4.0550E-7	-6.0819E-7	2.7777E-8	-4.0033E-7	5.1185E-8	-5.0693E-7	-7.5893E-8	-4.7901E-7	-4.4946E-8	-7.7371E-7	-1.2867E-7	-1.4888E-7	-2.9945E-7	-6.5981E-7	1.8682E-7	2.1690E-7	5.8553E-7	6.0169E-7	5.9785E-7	4.9420E-7	1.4783E-6	1.2314E-6	1.3799E-6	1.2331E-6	1.9292E-6	1.8004E-6	1.8044E-6	1.9885E-6	1.6450E-6	1.0056E-6	9.8429E-7	1.0221E-6	5.8443E-7	9.9780E-7	1.1214E-6	2.7068E-7	1.1837E-6	1.1163E-6	2.6456E-7	7.0926E-7
1.6853E+1	-1.1021E-6	-1.2847E-6	-1.9716E-6	-1.7387E-6	-2.3467E-6	-3.2934E-6	-2.2015E-6	-2.5808E-6	-1.7257E-6	-1.6035E-6	-2.2713E-6	-1.1998E-6	-1.4511E-6	-9.3968E-7	-1.2493E-6	-1.0262E-6	-5.5998E-7	-5.3364E-7	5.2224E-7	-8.7206E-7	-7.8979E-7	-3.9229E-7	-3.5762E-7	-1.5340E-7	1.3485E-7	-4.2207E-7	-3.6549E-7	-8.1433E-7	-9.1735E-7	-2.2303E-7	-2.8228E-7	1.8062E-7	5.6308E-7	1.3592E-6	6.5470E-7	1.6773E-6	5.9184E-7	1.0496E-6	6.1555E-7	9.5026E-7	1.0943E-6	1.4731E-6	1.1681E-6	1.6017E-6	1.7509E-6	1.2699E-6	1.3604E-6	1.3067E-6	7.5605E-7	6.6361E-7	6.5977E-7	1.5332E-6	1.5548E-7	1.0971E-6	3.7892E-7	7.2988E-7
1.6891E+1	-9.1421E-7	-7.2311E-7	-1.9703E-6	-1.8248E-6	-1.8476E-6	-2.6199E-6	-2.3030E-6	-1.5015E-6	-2.1630E-6	-9.2111E-7	-1.5118E-6	-2.0904E-6	-7.4271E-7	-1.1773E-6	-1.6474E-6	-1.3023E-6	5.6192E-8	-9.8385E-7	-9.4360E-8	4.1065E-7	-3.0442E-7	-3.3852E-7	-1.2139E-7	-5.1262E-7	-6.8391E-7	-1.5479E-7	5.4423E-8	1.6279E-7	-1.2616E-6	9.2671E-8	-2.5195E-7	5.2724E-8	5.7938E-7	1.1865E-6	1.1929E-7	7.0342E-7	7.9630E-7	9.3314E-7	1.2862E-6	1.1364E-6	7.2239E-7	8.8428E-7	1.2343E-6	1.2230E-6	1.0797E-6	7.5109E-7	1.6029E-6	1.6416E-6	6.2046E-7	8.6252E-7	7.0923E-7	1.1522E-6	1.2025E-6	3.6190E-7	7.4730E-7	-1.5645E-7
1.6929E+1	-6.3678E-7	-8.1776E-7	-1.1818E-6	-2.0326E-6	-1.6964E-6	-2.0581E-6	-1.9059E-6	-2.0464E-6	-1.2830E-6	-1.6115E-6	-1.1161E-6	-7.8936E-7	-1.0753E-6	-8.4082E-7	-1.4583E-6	-1.4696E-6	-7.7647E-7	-5.9887E-7	-8.9511E-7	-4.2647E-7	-2.1424E-7	-2.2214E-7	-4.0197E-8	1.6672E-7	-3.4401E-7	-4.8797E-7	-8.1970E-7	-9.5819E-7	-4.5774E-7	-3.6057E-8	1.6021E-7	-3.7939E-7	1.1330E-6	1.2876E-6	7.6671E-7	1.2635E-6	6.7653E-8	4.3658E-7	9.1972E-7	1.1507E-6	1.0050E-6	6.2566E-7	1.4316E-6	1.1536E-6	1.0840E-6	9.1537E-7	1.3058E-6	1.4409E-6	1.4439E-6	5.6335E-7	8.3860E-7	7.5135E-7	9.0492E-7	9.3084E-7	1.3090E-6	3.4034E-7
1.6967E+1	-5.6775E-7	-1.5177E-6	-1.1197E-6	-1.7016E-6	-1.8431E-6	-1.8838E-6	-1.6563E-6	-1.4152E-6	-2.1551E-6	-1.0519E-6	-1.5918E-6	-1.4081E-6	-5.2816E-7	-1.0259E-6	-1.5071E-6	-8.1754E-7	-8.7602E-7	-1.2720E-6	-6.9703E-7	-7.5715E-8	4.0895E-7	-2.8259E-7	3.1164E-8	-4.8073E-7	-3.3845E-7	-6.1852E-7	-4.8954E-7	-1.1273E-6	-1.1256E-6	-2.0300E-7	2.3183E-8	-6.3877E-7	5.3348E-7	7.1243E-7	2.1975E-7	7.2923E-7	7.0813E-7	-3.5792E-8	6.7852E-7	6.5923E-7	8.3253E-7	4.6894E-7	1.2446E-6	1.1426E-6	8.8616E-7	6.7861E-7	1.3297E-6	7.1838E-7	1.0673E-6	1.1696E-6	9.3053E-7	5.1460E-7	6.4027E-7	2.1775E-7	1.0457E-6	3.4888E-7
1.7005E+1	-3.6919E-7	-9.9371E-7	-1.1684E-6	-1.6695E-6	-1.1708E-6	-1.2977E-6	-1.7550E-6	-1.2629E-6	-1.1656E-6	-1.6968E-6	-4.8241E-7	-1.3722E-6	-1.1497E-6	-1.0256E-6	-9.2441E-7	-7.1123E-7	-4.9256E-7	-1.1658E-6	-1.0636E-6	-9.5775E-7	1.9887E-8	3.8736E-7	3.1148E-7	3.0185E-7	1.4303E-7	4.2971E-8	-1.0610E-6	-1.0629E-6	-4.8841E-7	-4.8327E-7	4.7169E-7	-4.5966E-7	3.2767E-7	6.5370E-7	6.7694E-7	9.0393E-7	5.6542E-7	6.9023E-7	2.8899E-7	2.6320E-7	3.5566E-7	9.1999E-7	1.0150E-6	4.9089E-7	8.2307E-7	1.6189E-6	9.9969E-7	8.8533E-7	8.1920E-7	6.0661E-7	8.7997E-7	2.8474E-7	3.2690E-7	7.5507E-7	6.6663E-7	1.1876E-7
1.7042E+1	-1.7129E-7	-8.6622E-7	-1.1664E-8	-1.3861E-6	-1.4656E-6	-1.1173E-6	-1.2710E-6	-1.2717E-6	-7.7302E-7	-1.3785E-6	-8.3784E-7	-1.0179E-6	-1.6269E-6	-1.4078E-6	-1.6737E-6	-4.5049E-7	-5.1915E-7	-2.8326E-7	-7.4967E-7	1.4091E-7	-8.9557E-7	-2.1900E-7	-2.1989E-7	-8.1915E-8	-4.9903E-7	4.1215E-7	-7.1211E-8	-5.8448E-7	-6.6595E-7	-5.8415E-7	2.1463E-7	1.5085E-7	-3.0155E-7	3.8663E-7	4.6525E-7	7.8936E-7	1.0776E-6	7.0472E-7	9.8535E-7	4.8801E-7	1.7066E-7	6.3941E-7	1.3258E-6	5.0305E-7	1.9035E-8	1.3144E-6	1.2804E-6	5.2680E-7	1.2547E-6	1.0229E-6	8.3180E-7	9.5438E-7	5.2165E-8	3.3874E-7	1.0406E-6	-3.4862E-7
1.7080E+1	-8.6019E-7	-8.4971E-7	-6.0102E-7	-2.0146E-7	-2.6060E-7	-1.5473E-6	-1.1631E-6	-1.3235E-6	-6.4757E-7	1.1054E-9	-4.3608E-7	-1.5141E-7	-1.6080E-6	-1.2550E-6	-1.0080E-6	-1.2854E-6	-1.1780E-6	-6.0878E-7	-7.4648E-7	-1.8551E-7	3.4410E-7	-8.4287E-7	-2.8178E-7	1.5414E-7	-5.1475E-7	-4.9604E-7	-3.9577E-7	-4.1174E-7	2.0281E-7	-3.1076E-7	2.2157E-7	4.3492E-8	-1.8136E-8	6.7661E-8	9.2279E-7	7.0968E-9	1.3111E-6	8.2730E-7	6.6497E-7	5.6216E-7	5.8199E-7	8.5145E-7	5.0620E-7	8.5654E-7	2.7809E-7	1.2496E-6	9.3312E-7	4.9273E-7	5.7021E-7	9.0503E-7	2.9607E-7	7.7168E-7	8.8508E-7	3.5562E-7	1.6081E-6	4.9933E-7
1.7118E+1	-2.1068E-7	-5.7226E-7	-8.2210E-7	-1.5669E-6	1.3751E-7	-1.0748E-6	-1.4137E-6	-9.8118E-7	-1.9492E-6	-1.0467E-6	-1.7416E-7	-1.9148E-7	-1.0474E-6	-1.6254E-6	-6.9057E-7	-2.0403E-7	-7.7305E-7	-7.9573E-7	-8.7797E-7	-7.6394E-7	1.7772E-7	-1.3042E-7	-1.0840E-6	-5.3949E-9	-6.1494E-7	-3.8870E-7	-4.0288E-7	-6.6889E-7	-7.5000E-7	-1.6498E-8	3.1556E-7	-6.1015E-8	-2.1614E-7	-8.5157E-8	5.1328E-7	4.3451E-7	5.3685E-7	1.2422E-6	3.0275E-7	6.4316E-7	3.4181E-8	1.1592E-6	2.1331E-7	4.7144E-7	1.9072E-7	6.8967E-7	1.0242E-6	6.3158E-7	7.5092E-7	8.9691E-7	4.3740E-7	5.6015E-7	2.8168E-7	-8.0531E-8	7.3823E-7	8.8848E-7
1.7156E+1	-1.8742E-7	-1.6140E-8	-1.5150E-7	-8.8812E-7	-1.1137E-7	-6.4925E-7	-4.5853E-7	-4.2062E-7	-4.4788E-7	-7.3620E-7	-8.4855E-7	-1.8759E-7	-1.1204E-6	-1.3428E-6	-1.2417E-6	-8.4004E-7	-2.5816E-7	-5.4581E-7	-5.3397E-7	-9.8964E-7	4.9927E-8	-1.2037E-7	-1.1912E-7	-3.4868E-8	-1.9232E-7	-7.1774E-7	2.6704E-9	-1.2321E-7	-5.3693E-7	2.4070E-8	5.5993E-8	-1.3167E-7	1.8097E-7	4.9514E-7	-3.9883E-7	9.7967E-8	4.7321E-7	5.8677E-7	2.5113E-7	7.5526E-7	7.3365E-7	4.2331E-7	2.2869E-7	5.1073E-7	5.1503E-7	1.9531E-7	3.6593E-7	5.4792E-7	8.6264E-7	6.7181E-7	1.9698E-7	8.4449E-7	6.9520E-7	-1.3639E-7	5.8240E-7	-8.2963E-9
1.7194E+1	9.8055E-8	-2.2196E-7	-6.6838E-7	-1.1528E-6	-5.6056E-7	-1.0859E-6	-9.1456E-7	1.4170E-8	-8.3175E-7	-4.7779E-7	-1.3676E-7	-1.0339E-7	-2.8745E-7	-9.2511E-7	-4.1188E-7	-1.0451E-6	-6.8232E-7	-5.2279E-7	-4.8597E-7	-1.0639E-6	-5.4799E-7	-7.5723E-8	-8.8264E-7	1.9759E-8	-3.3960E-8	-3.8291E-7	-4.1179E-7	2.6067E-7	-8.0560E-7	2.6166E-7	3.4354E-7	-6.0458E-7	-1.8404E-7	1.0155E-6	2.6546E-7	2.9238E-7	4.0569E-7	7.9553E-7	-5.3957E-7	-3.4620E-7	1.2087E-6	8.1639E-7	2.3777E-7	2.4856E-8	5.3423E-7	4.7941E-7	6.5886E-7	-2.2983E-7	1.1818E-6	1.0817E-6	6.8394E-7	8.3556E-7	1.0979E-6	-2.1065E-7	5.2198E-7	6.6228E-8
1.7232E+1	-7.9888E-7	3.2197E-7	-6.2576E-7	-3.7874E-7	-6.2136E-7	-5.7308E-7	-9.8560E-7	-7.5874E-7	-2.0482E-8	-4.4807E-7	-9.5621E-7	-8.8115E-7	-5.4453E-7	-3.6192E-7	-5.3331E-7	-6.7395E-9	-8.5785E-7	-6.6925E-7	-1.7467E-7	7.5521E-8	-5.7944E-7	1.8462E-7	-3.4997E-7	-1.0183E-6	9.6861E-8	-5.8266E-7	-2.8561E-7	6.7671E-8	-6.3563E-8	-2.8399E-7	-9.9254E-8	-2.4653E-7	-3.0878E-7	7.9426E-8	-1.2419E-7	1.2195E-7	4.3068E-7	2.6368E-7	1.3109E-6	-1.2270E-6	1.9671E-7	5.5942E-8	5.9768E-7	2.8307E-7	-3.0233E-7	-3.9354E-7	8.4981E-7	1.1723E-7	2.4036E-7	1.7611E-7	3.1246E-7	8.3194E-7	1.0769E-6	8.3769E-7	7.7076E-8	4.0678E-7
1.7270E+1	-3.8080E-7	-7.1935E-7	-5.2579E-7	-8.1487E-7	-5.5543E-7	-6.6424E-7	-1.4946E-7	-5.5223E-7	-7.7006E-7	-7.6821E-8	1.6821E-7	-3.7248E-7	-7.1617E-7	-3.4369E-7	-3.4255E-7	-5.7372E-7	-2.2051E-7	-9.4398E-7	-7.7446E-7	-2.8706E-7	4.0714E-8	1.4709E-7	3.1152E-7	-3.8945E-7	1.1304E-7	-3.1030E-7	-2.6806E-7	-2.2948E-7	-1.7844E-8	8.1185E-8	-1.1559E-7	-5.8607E-7	4.2591E-7	-2.5628E-7	1.1581E-7	-5.1397E-9	5.6549E-7	-9.9605E-8	7.2034E-7	8.2063E-7	-1.4372E-7	4.1480E-7	-7.5774E-8	4.7050E-7	3.1039E-7	-7.2580E-8	-4.3729E-7	4.4984E-7	7.8025E-7	4.5035E-7	-2.0648E-7	6.6792E-7	-2.3466E-7	5.6430E-7	3.0872E-8	2.5107E-8
1.7307E+1	-8.1562E-7	-3.6069E-7	-5.2106E-7	-5.0554E-7	-5.6715E-7	-7.9517E-7	-5.2712E-7	-3.5474E-7	-2.5392E-7	-2.8344E-7	-8.8410E-7	-4.7164E-7	2.7754E-7	-5.0125E-7	-6.2259E-8	-5.5978E-8	-1.5796E-7	-3.9267E-7	-3.0748E-7	-2.0263E-7	-4.4733E-7	1.7283E-7	-4.7187E-8	-4.6996E-7	5.1319E-7	-5.3361E-7	1.4325E-8	3.2111E-7	4.1397E-7	-3.7372E-8	-1.6413E-7	-1.7416E-7	4.5807E-7	-1.4654E-8	-8.6003E-8	1.5107E-7	-4.6625E-7	1.2726E-7	-3.9016E-8	6.3908E-7	1.0823E-8	-2.0686E-7	7.1203E-7	-3.2048E-9	-5.8771E-8	9.8639E-7	1.7495E-7	-4.6189E-8	5.5676E-7	1.0689E-7	5.2064E-7	1.3079E-6	6.8190E-7	3.7007E-7	1.5755E-7	-2.7784E-7
1.7345E+1	-6.6142E-7	-1.0211E-6	3.5115E-7	-5.7791E-7	-1.0291E-6	-5.7843E-7	-9.2016E-7	-8.4832E-7	-6.9405E-7	-2.0888E-8	-3.9481E-8	-1.2109E-6	-6.5448E-8	2.2694E-7	-9.7180E-7	-7.3109E-7	-1.4899E-7	3.7918E-8	-4.6234E-7	-3.4338E-7	-4.0269E-7	-1.3744E-7	1.8366E-7	1.0049E-8	-1.9004E-8	-1.0152E-7	-1.1619E-6	-4.3509E-7	4.2513E-8	1.9962E-8	-1.4104E-7	-9.5212E-8	1.3710E-7	-1.2693E-7	1.7824E-7	8.2869E-7	3.7150E-7	-3.5458E-8	-1.8530E-7	6.8294E-8	5.1366E-7	-1.9227E-7	1.9591E-8	9.4051E-8	-3.8135E-7	3.0859E-7	3.3348E-7	1.4140E-7	2.6159E-7	-3.3988E-7	-4.1275E-7	5.0291E-7	4.3760E-7	5.7974E-7	2.6699E-7	-8.7255E-8
1.7383E+1	-4.3073E-7	-7.9772E-7	-2.4048E-7	1.3675E-6	-6.0385E-7	-8.5681E-8	-1.2671E-7	-5.2332E-7	-7.4036E-7	-8.3154E-8	-6.7129E-7	-1.9957E-7	-9.1071E-7	7.3645E-7	-7.8138E-8	-5.5325E-7	-9.0606E-7	-7.7276E-8	4.9524E-7	1.6013E-7	-7.8296E-7	-8.6989E-8	-9.6758E-7	4.0205E-7	3.4477E-7	1.5125E-7	2.0069E-7	-9.4002E-8	1.4949E-7	-5.3468E-7	-4.6197E-7	1.4630E-7	4.4426E-7	-4.1138E-7	1.3449E-7	-3.2790E-7	-9.1807E-9	3.5789E-7	9.3614E-8	-3.6878E-7	-6.9172E-7	1.8088E-7	3.2527E-7	8.7853E-8	-1.1092E-7	4.5250E-7	2.4391E-7	7.5867E-7	3.2939E-7	-2.1892E-7	3.7230E-7	4.6923E-7	-1.6781E-7	3.6623E-7	5.6702E-8	-1.3832E-7
1.7421E+1	-6.7411E-8	-6.7146E-7	-9.5870E-7	-2.8232E-7	-4.3119E-7	-6.3958E-7	-2.1394E-7	-2.2017E-7	-3.1183E-7	8.0870E-8	-1.1978E-7	-4.0791E-7	-5.1014E-7	-2.0476E-7	2.8753E-7	-3.5126E-7	6.9039E-8	-1.0544E-6	-3.1299E-7	3.7134E-7	2.0122E-7	-8.7968E-8	6.5294E-8	-8.4102E-7	3.0234E-7	-7.3570E-7	-1.7288E-7	-4.0732E-7	8.4636E-7	-1.9730E-7	7.7815E-8	-5.9919E-7	1.4417E-7	-4.0104E-8	4.7201E-7	7.4579E-7	1.7965E-7	9.2148E-8	5.0370E-7	4.4221E-7	-9.0073E-8	-5.0502E-7	5.5602E-8	-2.4944E-7	1.6487E-7	-7.8395E-8	-2.7758E-7	3.6062E-7	5.1890E-7	-3.9967E-7	2.4752E-7	5.6856E-7	2.5961E-7	-1.7535E-7	5.2196E-7	2.7465E-7
