0.0000E+0	1.4422E+1	1.4478E+1	1.4533E+1	1.4589E+1	1.4644E+1	1.4700E+1	1.4755E+1	1.4811E+1	1.4866E+1	1.4922E+1	1.4977E+1	1.5033E+1	1.5088E+1	1.5143E+1	1.5199E+1	1.5254E+1	1.5310E+1	1.5365E+1	1.5421E+1	1.5476E+1	1.5532E+1	1.5587E+1	1.5643E+1	1.5698E+1	1.5754E+1	1.5809E+1	1.5865E+1	1.5920E+1	1.5976E+1	1.6031E+1	1.6087E+1	1.6142E+1	1.6197E+1	1.6253E+1	1.6308E+1	1.6364E+1	1.6419E+1	1.6475E+1	1.6530E+1	1.6586E+1	1.6641E+1	1.6697E+1	1.6752E+1	1.6808E+1	1.6863E+1	1.6919E+1	1.6974E+1	1.7030E+1	1.7085E+1	1.7140E+1	1.7196E+1	1.7251E+1	1.7307E+1	1.7362E+1	1.7418E+1	1.7473E+1
1.4430E+1	3.5606E-8	4.5836E-8	6.1798E-8	1.0606E-7	1.0242E-7	8.9155E-8	5.8319E-8	6.6412E-8	1.2602E-8	-1.6191E-8	-1.8353E-9	5.9190E-9	4.0378E-9	1.1785E-8	-2.6716E-9	3.9483E-9	-4.9947E-9	-1.1846E-8	-3.7634E-8	-2.2034E-8	3.4440E-9	-3.8297E-8	-3.2366E-8	-8.3453E-9	-6.8176E-9	-1.0110E-8	-5.7610E-8	-2.1831E-8	-1.2895E-8	-5.6985E-9	-2.8503E-8	1.5929E-9	1.8090E-9	-6.2282E-9	-1.4573E-8	-4.2962E-8	2.8160E-8	1.4189E-8	-3.6321E-8	-4.5384E-8	-3.2671E-8	-3.8404E-8	-5.1526E-9	-4.7538E-8	-6.7405E-8	-4.4264E-9	-1.5583E-8	-8.6448E-9	3.1641E-9	8.9660E-9	1.3972E-8	-7.4794E-9	-1.9485E-8	-2.6446E-8	-2.8103E-8	2.1856E-8
1.4468E+1	1.0341E-7	9.3649E-8	1.4515E-7	1.6156E-7	1.3896E-7	1.4966E-7	1.2207E-7	8.9874E-8	-1.0173E-8	-5.1476E-9	-3.7556E-8	-2.0793E-8	-4.8817E-8	-3.0706E-8	1.0991E-8	8.0816E-9	-1.1518E-8	4.3342E-9	-1.4307E-8	-7.5734E-8	-2.0446E-8	-1.3857E-8	-2.8259E-8	-3.1767E-8	-7.6954E-9	1.6746E-8	-3.5125E-8	-5.7057E-9	-3.6014E-8	-2.6790E-8	-3.1478E-8	-5.9714E-8	-4.3804E-8	-1.1076E-8	-1.1184E-8	-6.9134E-8	-4.0889E-8	-5.0682E-9	-3.3068E-8	-7.2954E-8	-2.9471E-8	-3.2485E-8	-2.6162E-9	-3.9975E-8	-4.6326E-8	-5.9154E-8	-2.5678E-9	-4.6528E-8	1.6345E-8	-6.7497E-9	-5.2126E-9	-4.0203E-8	-2.4132E-8	-6.7883E-8	-5.0364E-8	-2.7239E-8
1.4505E+1	1.1741E-7	1.6509E-7	2.4541E-7	3.1107E-7	2.1908E-7	2.1143E-7	1.4454E-7	1.3845E-7	7.5615E-8	1.5045E-8	-7.5026E-9	-8.8005E-9	-7.9682E-8	-3.0372E-8	-2.0289E-9	-3.2413E-9	4.4256E-9	-4.1929E-8	-6.1568E-8	-7.7660E-8	-4.3034E-8	-5.5992E-8	1.2453E-8	-9.4524E-9	-4.0685E-8	9.2431E-9	-1.5588E-8	-2.8449E-8	1.1108E-8	-2.6882E-8	-4.2263E-8	-2.5298E-8	-6.8623E-8	-3.8138E-8	-3.9075E-8	-4.1715E-8	-4.9236E-8	-5.7906E-8	-5.7328E-8	-5.5110E-8	-4.1399E-8	-6.6626E-8	-9.9410E-9	-2.7006E-8	-2.6223E-8	-2.2638E-8	-2.9070E-8	-3.5507E-8	8.1535E-9	-1.9555E-9	-2.5982E-8	-2.1180E-8	-2.7777E-8	-3.5324E-8	-5.2693E-8	-1.8630E-8
1.4543E+1	1.5555E-7	2.6147E-7	4.2637E-7	5.4706E-7	5.0646E-7	4.1689E-7	2.9254E-7	1.1123E-7	5.9029E-8	7.1089E-8	-3.4440E-8	-3.3443E-8	-7.7187E-8	-2.1356E-8	2.0171E-8	-9.9497E-9	3.0455E-8	-1.3374E-8	-7.9901E-8	-1.5260E-7	-9.7936E-8	-6.1182E-8	-7.4063E-8	-1.4148E-8	-4.2102E-8	-7.9532E-9	4.6158E-8	-5.0299E-8	-6.9040E-8	-1.1087E-8	-9.0450E-8	-8.6114E-8	-9.1926E-8	-6.2725E-8	-7.0578E-8	-1.2975E-7	-9.8146E-8	-9.0239E-8	-1.4066E-7	-3.7781E-8	-3.5292E-8	-6.2410E-8	-7.2563E-8	-1.8895E-8	-8.4715E-8	-5.2983E-8	-7.4485E-8	-3.6837E-8	-3.4702E-8	-5.7713E-8	-6.1600E-8	-4.3880E-8	-2.2338E-8	-7.0397E-8	-3.6785E-8	-5.9081E-8
1.4581E+1	2.9664E-7	3.9068E-7	6.9819E-7	9.2491E-7	9.7955E-7	8.6910E-7	6.0869E-7	4.3015E-7	1.4380E-7	1.4082E-7	1.0152E-7	-3.3785E-8	-2.1913E-8	1.0230E-8	1.2752E-8	-2.5715E-9	6.9085E-8	4.3446E-9	1.3249E-8	-2.1347E-8	-1.2944E-7	-8.9362E-8	-6.7829E-8	-7.7585E-8	-6.2761E-8	-3.4791E-8	1.0780E-7	4.6203E-8	3.1710E-8	-3.1572E-8	-2.7051E-8	-7.0882E-8	-1.1368E-7	-1.2163E-7	-9.4027E-8	-1.0268E-7	-1.7367E-7	-9.4141E-8	-1.8085E-7	-1.1222E-7	-1.1123E-7	-4.2632E-8	-1.0818E-7	-2.7777E-8	-7.2047E-8	-6.4805E-8	-1.5181E-7	-8.4289E-8	-4.5715E-8	-1.1294E-7	-7.2916E-8	-1.3953E-7	-2.7713E-8	-7.8820E-8	-7.6904E-8	-8.6707E-8
1.4619E+1	3.5951E-7	4.5399E-7	7.6365E-7	1.4933E-6	1.6360E-6	1.5130E-6	9.7874E-7	5.9781E-7	3.0850E-7	1.4229E-7	2.1369E-7	5.9083E-8	6.6580E-8	8.5581E-8	8.0084E-8	4.7143E-9	8.3569E-8	1.3109E-7	4.9602E-8	2.9409E-8	-6.5444E-8	-9.1011E-8	-1.3790E-7	-8.7622E-8	-6.3259E-8	-5.4661E-8	7.4293E-8	1.2195E-7	1.2166E-7	1.6729E-7	-4.8937E-8	-3.5641E-8	-8.3939E-8	-7.1646E-8	-1.2791E-7	-1.1544E-7	-1.3019E-7	-1.4351E-7	-1.4406E-7	-1.0531E-7	-2.3245E-7	-1.2396E-7	-1.5325E-7	-1.1970E-7	-1.5984E-7	-1.0185E-7	-1.2135E-7	-1.1388E-7	-1.1350E-7	-1.4752E-7	-6.8466E-8	-1.3596E-7	-1.3032E-7	-7.9666E-8	-8.9389E-8	-1.0526E-7
1.4657E+1	4.0090E-7	5.4706E-7	5.6038E-7	1.6850E-6	2.7870E-6	2.6039E-6	1.9208E-6	1.0892E-6	5.5585E-7	3.0682E-7	3.3411E-7	2.5833E-7	1.7255E-7	1.6974E-7	2.4151E-7	1.6761E-7	1.0132E-7	3.2017E-7	4.2376E-7	2.4005E-7	-1.7342E-8	-1.0814E-8	-8.0057E-8	-1.0932E-7	-3.6699E-8	1.0263E-8	8.1179E-8	2.4709E-7	2.8493E-7	3.3791E-7	2.6349E-7	4.0986E-8	-1.7058E-9	-5.5378E-8	6.3547E-8	-6.6804E-8	-4.1730E-8	-8.2182E-8	-1.2483E-7	-8.3546E-8	-1.4867E-7	-1.5030E-7	-1.8465E-7	-1.6310E-7	-2.0676E-7	-2.5400E-7	-1.8632E-7	-8.2040E-8	-1.2894E-7	-1.5044E-7	-1.7004E-7	-1.5257E-7	-1.5857E-7	-1.6604E-7	-1.5142E-7	-1.6261E-7
1.4695E+1	2.1134E-6	2.4002E-6	3.0951E-6	7.6501E-6	2.8777E-5	3.9954E-5	3.0421E-5	2.0426E-5	1.0092E-5	5.8550E-6	4.5369E-6	5.4161E-6	4.2949E-6	2.9312E-6	4.2608E-6	4.7247E-6	2.6142E-6	3.1340E-6	5.9274E-6	6.5803E-6	2.3788E-6	1.2394E-6	9.1798E-8	4.2251E-7	6.2631E-7	7.5282E-7	1.1522E-6	3.7560E-6	5.1417E-6	5.0684E-6	4.4937E-6	3.8887E-6	1.9430E-6	1.1991E-6	1.1663E-6	2.0630E-6	9.6314E-7	6.2113E-7	1.5465E-7	7.1404E-8	-6.4692E-7	-6.3683E-8	-9.5334E-7	-1.1861E-6	-1.6402E-6	-1.2330E-6	-2.0381E-6	-4.0977E-7	-8.8680E-7	3.7775E-7	-9.6718E-7	-1.1480E-6	-1.8041E-6	-4.2005E-7	-1.4461E-6	-1.4109E-6
1.4733E+1	-6.4434E-7	-9.7347E-7	-1.0486E-6	1.1118E-6	1.1910E-5	4.5075E-5	4.6551E-5	3.3098E-5	2.0392E-5	9.7761E-6	5.6037E-6	5.6555E-6	6.3508E-6	4.4517E-6	4.6775E-6	6.7417E-6	6.3401E-6	4.5223E-6	6.0576E-6	9.2024E-6	6.2140E-6	3.0973E-6	9.9337E-7	8.1595E-8	1.2251E-6	1.4858E-6	1.3544E-6	3.3339E-6	7.0417E-6	7.4196E-6	6.9063E-6	6.2134E-6	4.3919E-6	3.4291E-6	2.9782E-6	2.4022E-6	2.7795E-6	1.7242E-6	1.2223E-6	1.1540E-6	8.1630E-7	1.3861E-7	-2.3084E-7	-8.0542E-7	-1.3378E-6	-7.5800E-7	-6.8504E-7	-9.7688E-7	-5.7848E-7	2.9872E-7	-2.3602E-9	-4.4706E-7	-1.3074E-6	-6.3520E-7	-1.2096E-7	-1.0736E-6
1.4770E+1	-4.7933E-6	-4.0959E-6	-5.7519E-6	-4.4982E-6	-3.2829E-6	2.6428E-5	6.3732E-5	5.0587E-5	3.4068E-5	1.7449E-5	9.0422E-6	6.1960E-6	8.0283E-6	7.3045E-6	5.7212E-6	6.0677E-6	8.3939E-6	6.3613E-6	5.9497E-6	9.3178E-6	1.1231E-5	7.1879E-6	3.8057E-6	1.5674E-6	1.0362E-6	1.1498E-6	2.6847E-6	2.9270E-6	5.3534E-6	8.7485E-6	1.0270E-5	9.2576E-6	7.5215E-6	5.1489E-6	5.9167E-6	5.3635E-6	4.4891E-6	3.7560E-6	3.2028E-6	2.9541E-6	2.6028E-6	1.5594E-6	1.4699E-6	-3.0935E-7	9.2647E-8	2.3218E-7	3.9178E-7	3.2497E-7	1.8171E-7	9.4774E-7	2.0146E-7	1.4417E-7	-7.8966E-7	1.7142E-7	-8.8777E-7	4.0781E-7
1.4808E+1	-6.2136E-6	-9.4178E-6	-8.4713E-6	-1.1535E-5	-1.0801E-5	-1.5654E-6	5.3605E-5	8.0992E-5	5.2018E-5	3.1470E-5	1.2856E-5	8.7713E-6	7.0914E-6	1.0735E-5	7.7670E-6	6.8958E-6	7.9578E-6	9.4326E-6	7.1331E-6	7.5970E-6	1.0361E-5	1.1433E-5	5.5935E-6	3.9736E-6	2.1983E-6	1.7879E-6	1.7166E-6	4.3765E-6	4.4559E-6	6.6949E-6	1.2180E-5	1.1491E-5	1.0866E-5	7.4020E-6	6.2711E-6	6.8370E-6	6.9339E-6	6.5411E-6	5.2185E-6	5.4223E-6	4.8163E-6	3.1427E-6	2.5278E-6	1.9209E-6	9.1687E-7	2.0674E-6	-6.7024E-8	8.7064E-7	1.2705E-6	2.0184E-6	1.2819E-6	2.0794E-6	2.4391E-7	8.5180E-7	2.2325E-7	-6.0222E-8
1.4846E+1	-1.1045E-5	-1.2342E-5	-1.6103E-5	-1.6572E-5	-2.0902E-5	-1.7003E-5	8.5213E-6	8.0991E-5	8.1555E-5	4.9524E-5	2.6845E-5	1.2132E-5	1.0334E-5	1.0893E-5	1.2436E-5	8.3804E-6	7.8410E-6	9.7931E-6	1.0277E-5	8.5432E-6	9.4513E-6	1.2820E-5	1.0170E-5	5.1102E-6	4.1151E-6	3.1554E-6	2.9567E-6	2.8650E-6	5.2746E-6	5.4434E-6	1.1440E-5	1.2778E-5	1.2832E-5	1.1280E-5	9.2395E-6	7.7564E-6	7.8634E-6	8.3630E-6	8.0759E-6	7.7215E-6	7.0711E-6	6.5865E-6	5.0418E-6	3.4903E-6	3.5761E-6	3.6077E-6	2.2343E-6	1.0725E-6	1.9083E-6	2.0725E-6	2.3977E-6	3.0096E-6	2.7407E-6	9.7312E-7	1.4056E-6	7.9824E-7
1.4884E+1	-1.1971E-5	-1.5538E-5	-1.9003E-5	-2.1924E-5	-2.6565E-5	-2.6610E-5	-1.8346E-5	3.0917E-5	9.6806E-5	7.2121E-5	4.2713E-5	1.9391E-5	1.1802E-5	1.0457E-5	1.3483E-5	1.2165E-5	8.4551E-6	9.0132E-6	1.0343E-5	8.4649E-6	8.2720E-6	9.7514E-6	1.3143E-5	8.5304E-6	5.6018E-6	3.6708E-6	3.8044E-6	3.2132E-6	4.0631E-6	5.1623E-6	8.7642E-6	1.2983E-5	1.3582E-5	1.1605E-5	1.1747E-5	8.9606E-6	8.8538E-6	8.8023E-6	9.0017E-6	8.8010E-6	8.4766E-6	7.1140E-6	7.9259E-6	5.0165E-6	4.8802E-6	4.3403E-6	3.3316E-6	3.0808E-6	3.2224E-6	2.8874E-6	3.8463E-6	4.3645E-6	3.9823E-6	2.9976E-6	1.9677E-6	1.7254E-6
1.4922E+1	-1.2987E-5	-1.8709E-5	-2.1369E-5	-2.7753E-5	-2.9552E-5	-3.6963E-5	-2.9624E-5	-1.2680E-5	6.1960E-5	1.0544E-4	6.2335E-5	3.7564E-5	1.6905E-5	1.3523E-5	1.2563E-5	1.5948E-5	1.1031E-5	1.1017E-5	9.9196E-6	1.0634E-5	8.9326E-6	8.7519E-6	1.0824E-5	1.2418E-5	8.0541E-6	6.1851E-6	3.7727E-6	4.7652E-6	3.5444E-6	6.3452E-6	6.6377E-6	1.1374E-5	1.4993E-5	1.3799E-5	1.2793E-5	1.2016E-5	9.1476E-6	9.7895E-6	1.0113E-5	1.0320E-5	1.0115E-5	9.0100E-6	8.6968E-6	7.5727E-6	5.4757E-6	5.5939E-6	3.9049E-6	3.7674E-6	3.3324E-6	3.0683E-6	3.8945E-6	5.0716E-6	4.5847E-6	4.3983E-6	3.4507E-6	2.7126E-6
1.4960E+1	-1.5808E-5	-1.9212E-5	-2.4827E-5	-3.0161E-5	-3.6504E-5	-3.9797E-5	-4.3137E-5	-3.0077E-5	2.7935E-6	8.9848E-5	9.2562E-5	4.9714E-5	3.0477E-5	1.5792E-5	1.5155E-5	1.5036E-5	1.4481E-5	1.2165E-5	1.1467E-5	1.0107E-5	1.0527E-5	8.7174E-6	9.5411E-6	1.0838E-5	9.8718E-6	7.1707E-6	5.3737E-6	4.7145E-6	4.8959E-6	5.8337E-6	8.1541E-6	9.6120E-6	1.3073E-5	1.4382E-5	1.3433E-5	1.2951E-5	1.1459E-5	9.1623E-6	1.0054E-5	1.0634E-5	1.1663E-5	1.0231E-5	9.9968E-6	9.1597E-6	7.7601E-6	6.3173E-6	6.0569E-6	5.5478E-6	4.9918E-6	3.8866E-6	4.0064E-6	4.3874E-6	4.7223E-6	4.9849E-6	3.5903E-6	3.2431E-6
1.4998E+1	-1.6380E-5	-1.9068E-5	-2.4968E-5	-3.0246E-5	-3.7763E-5	-4.2112E-5	-4.4759E-5	-3.9284E-5	-2.1223E-5	3.2262E-5	9.7984E-5	6.9500E-5	3.9686E-5	2.3588E-5	1.6595E-5	1.5535E-5	1.4454E-5	1.3380E-5	1.2174E-5	1.1656E-5	1.0458E-5	9.5443E-6	9.1463E-6	9.3500E-6	8.8745E-6	7.0002E-6	6.1109E-6	4.1972E-6	4.9204E-6	5.8378E-6	7.3583E-6	1.0266E-5	1.1791E-5	1.3832E-5	1.3876E-5	1.2975E-5	1.2215E-5	9.8980E-6	9.2204E-6	9.7232E-6	1.1575E-5	1.1126E-5	1.0008E-5	8.9794E-6	8.6183E-6	7.6275E-6	6.3022E-6	6.0179E-6	5.4932E-6	4.8255E-6	4.9730E-6	4.1719E-6	5.1327E-6	5.5861E-6	5.4514E-6	3.6026E-6
1.5036E+1	-1.6413E-5	-1.9130E-5	-2.3544E-5	-3.0737E-5	-3.6048E-5	-4.3320E-5	-4.3349E-5	-4.2921E-5	-3.0145E-5	-4.9081E-6	5.5015E-5	8.4534E-5	4.8981E-5	3.2269E-5	1.9592E-5	1.6913E-5	1.4119E-5	1.4894E-5	1.2156E-5	1.2170E-5	1.0203E-5	9.5214E-6	8.8418E-6	8.3965E-6	7.4136E-6	7.0878E-6	6.2214E-6	5.2133E-6	4.3235E-6	5.7662E-6	7.2212E-6	9.1217E-6	9.9654E-6	1.2403E-5	1.3325E-5	1.2398E-5	1.2217E-5	1.0944E-5	9.1969E-6	8.9427E-6	1.0010E-5	1.0990E-5	1.0731E-5	9.3019E-6	9.0455E-6	8.2782E-6	7.6728E-6	6.2903E-6	5.7838E-6	4.1330E-6	4.6265E-6	4.0478E-6	4.5363E-6	4.7977E-6	5.5658E-6	5.6776E-6
1.5073E+1	-1.6520E-5	-1.7792E-5	-2.2685E-5	-2.7797E-5	-3.5274E-5	-4.0073E-5	-4.3386E-5	-3.9551E-5	-3.4036E-5	-1.5635E-5	1.4332E-5	6.2502E-5	6.3024E-5	3.5809E-5	2.6030E-5	1.6530E-5	1.4589E-5	1.3302E-5	1.3908E-5	1.1879E-5	1.0744E-5	8.6952E-6	8.6198E-6	6.9934E-6	5.6270E-6	5.4235E-6	6.2213E-6	5.0918E-6	5.3694E-6	4.8155E-6	6.8756E-6	8.8491E-6	9.7775E-6	1.0592E-5	1.2762E-5	1.1704E-5	1.0643E-5	1.0477E-5	9.8520E-6	8.8069E-6	9.3472E-6	8.9521E-6	9.7552E-6	8.4883E-6	9.3155E-6	8.2514E-6	7.1817E-6	6.8253E-6	5.6936E-6	4.9218E-6	4.0134E-6	4.5260E-6	4.4133E-6	4.1361E-6	4.4841E-6	4.1750E-6
1.5111E+1	-1.5768E-5	-1.7441E-5	-2.0861E-5	-2.6124E-5	-3.1869E-5	-3.7369E-5	-4.0166E-5	-3.8417E-5	-3.2576E-5	-2.1014E-5	1.2681E-7	2.7149E-5	5.8431E-5	4.5102E-5	2.8568E-5	2.0640E-5	1.4648E-5	1.3449E-5	1.1940E-5	1.2116E-5	1.0431E-5	8.9084E-6	7.9954E-6	6.8214E-6	4.9732E-6	4.3627E-6	4.6343E-6	4.9428E-6	5.0180E-6	5.6730E-6	6.3824E-6	7.9372E-6	9.4144E-6	1.0084E-5	1.0770E-5	1.1478E-5	1.0564E-5	9.5873E-6	9.3410E-6	8.5679E-6	9.1119E-6	9.4371E-6	8.7343E-6	8.5485E-6	8.2783E-6	8.3454E-6	6.7917E-6	6.2439E-6	5.4055E-6	4.5944E-6	4.2710E-6	3.8188E-6	4.6995E-6	4.3193E-6	4.8989E-6	4.4883E-6
1.5149E+1	-1.4892E-5	-1.7476E-5	-2.0326E-5	-2.4903E-5	-3.0075E-5	-3.4747E-5	-3.6942E-5	-3.5519E-5	-2.9718E-5	-2.1554E-5	-5.8318E-6	8.7304E-6	3.3135E-5	4.9297E-5	3.3062E-5	2.2898E-5	1.5710E-5	1.3781E-5	1.1685E-5	1.1166E-5	1.0390E-5	8.6931E-6	7.1982E-6	6.0747E-6	4.4405E-6	3.9908E-6	3.5568E-6	4.0208E-6	3.5853E-6	4.5886E-6	6.3174E-6	7.9319E-6	9.5336E-6	9.7729E-6	9.9861E-6	1.0246E-5	9.8132E-6	9.3092E-6	8.8201E-6	8.4579E-6	7.7699E-6	8.0468E-6	8.0026E-6	8.0902E-6	8.6373E-6	6.9912E-6	6.9767E-6	5.8285E-6	4.9477E-6	4.7100E-6	4.8179E-6	3.9148E-6	3.1043E-6	3.9414E-6	3.9646E-6	3.8302E-6
1.5187E+1	-1.3670E-5	-1.5397E-5	-1.9414E-5	-2.3238E-5	-2.8307E-5	-3.2744E-5	-3.5063E-5	-3.2650E-5	-2.8472E-5	-1.8835E-5	-8.1128E-6	3.1708E-6	1.4523E-5	3.5546E-5	3.9489E-5	2.5729E-5	1.8601E-5	1.3463E-5	1.1513E-5	1.0412E-5	1.0453E-5	8.4529E-6	7.4095E-6	5.2884E-6	4.4926E-6	3.3028E-6	2.5698E-6	3.1743E-6	3.2035E-6	3.1906E-6	5.5643E-6	7.0222E-6	8.7083E-6	8.9088E-6	8.7200E-6	9.6385E-6	9.7037E-6	8.8503E-6	8.3637E-6	7.9709E-6	8.4524E-6	7.3572E-6	6.7376E-6	6.8425E-6	7.7666E-6	6.6428E-6	6.1128E-6	5.9086E-6	4.5789E-6	4.0215E-6	4.3612E-6	4.2861E-6	3.8687E-6	3.0354E-6	3.6069E-6	2.5663E-6
1.5225E+1	-1.2657E-5	-1.4170E-5	-1.7715E-5	-2.1183E-5	-2.5603E-5	-2.9715E-5	-3.2355E-5	-2.9557E-5	-2.5566E-5	-1.7700E-5	-8.0084E-6	-4.7856E-7	8.6969E-6	1.9685E-5	3.4959E-5	3.0496E-5	2.0863E-5	1.6209E-5	1.1998E-5	1.0485E-5	1.0082E-5	8.1937E-6	7.0343E-6	5.7351E-6	3.8472E-6	4.0041E-6	2.4240E-6	1.6393E-6	2.0642E-6	2.7812E-6	4.7361E-6	7.3035E-6	7.9933E-6	8.1124E-6	8.5873E-6	8.1647E-6	8.9384E-6	8.5018E-6	8.0526E-6	7.6432E-6	7.2156E-6	6.8201E-6	7.1173E-6	6.2615E-6	6.7486E-6	5.6921E-6	5.8021E-6	5.1894E-6	5.0199E-6	4.7126E-6	4.2914E-6	3.0657E-6	3.6533E-6	3.5425E-6	2.8938E-6	3.5366E-6
1.5263E+1	-1.2067E-5	-1.3208E-5	-1.6638E-5	-2.0224E-5	-2.3801E-5	-2.7357E-5	-2.9564E-5	-2.7994E-5	-2.3133E-5	-1.5976E-5	-7.3368E-6	-1.9210E-6	4.3907E-6	1.1297E-5	2.3291E-5	3.2495E-5	2.4458E-5	1.8171E-5	1.3371E-5	1.1098E-5	9.9197E-6	8.3810E-6	6.3245E-6	5.7183E-6	3.5702E-6	3.0551E-6	2.9664E-6	2.3308E-6	1.6854E-6	2.3188E-6	4.4570E-6	5.8391E-6	7.0835E-6	6.6362E-6	8.3997E-6	7.9351E-6	8.3696E-6	8.3320E-6	7.1861E-6	7.4378E-6	7.6802E-6	5.6280E-6	6.2289E-6	6.2504E-6	6.1419E-6	5.4825E-6	4.9497E-6	4.8029E-6	3.6839E-6	4.3037E-6	4.5732E-6	3.8137E-6	2.9939E-6	3.0329E-6	2.2313E-6	2.6984E-6
1.5301E+1	-1.1122E-5	-1.2155E-5	-1.4527E-5	-1.7957E-5	-2.2268E-5	-2.4504E-5	-2.6350E-5	-2.5792E-5	-2.1863E-5	-1.5140E-5	-7.9606E-6	-1.3894E-6	2.6728E-6	7.3521E-6	1.3110E-5	2.5163E-5	2.9276E-5	2.1610E-5	1.6327E-5	1.1728E-5	9.9518E-6	8.3089E-6	6.9871E-6	5.5566E-6	4.0473E-6	2.4438E-6	1.9459E-6	1.5993E-6	2.7001E-6	2.4023E-6	4.8720E-6	5.9948E-6	6.8695E-6	6.3335E-6	8.1711E-6	7.7581E-6	7.6798E-6	8.1001E-6	7.2442E-6	6.6605E-6	6.8016E-6	6.2093E-6	6.0169E-6	5.3277E-6	5.8275E-6	5.5789E-6	5.0844E-6	5.0067E-6	4.2126E-6	3.3411E-6	4.1420E-6	3.5871E-6	3.3762E-6	3.0217E-6	2.9546E-6	3.1917E-6
1.5338E+1	-1.0796E-5	-1.2166E-5	-1.4036E-5	-1.6720E-5	-2.0881E-5	-2.3826E-5	-2.3361E-5	-2.3448E-5	-2.0492E-5	-1.4624E-5	-8.0426E-6	-3.5285E-6	1.1243E-6	4.4471E-6	9.8935E-6	1.5230E-5	2.6040E-5	2.4855E-5	1.8878E-5	1.4559E-5	1.0614E-5	8.2385E-6	7.1080E-6	5.6210E-6	4.6703E-6	2.9845E-6	2.2388E-6	1.7129E-6	2.0957E-6	2.8388E-6	4.3186E-6	5.1034E-6	6.3513E-6	6.6632E-6	7.4440E-6	7.7374E-6	7.7774E-6	7.5982E-6	7.2701E-6	6.9243E-6	7.4219E-6	5.7551E-6	6.0635E-6	5.0418E-6	4.8983E-6	5.1094E-6	4.6653E-6	4.3481E-6	4.4463E-6	3.1863E-6	3.6077E-6	3.7977E-6	2.8029E-6	2.9332E-6	2.2761E-6	3.4718E-6
1.5376E+1	-9.8402E-6	-1.1346E-5	-1.3280E-5	-1.5642E-5	-1.8794E-5	-2.2592E-5	-2.3183E-5	-2.1288E-5	-1.8904E-5	-1.4879E-5	-7.8507E-6	-4.1656E-6	-7.6296E-7	1.5874E-6	6.2878E-6	1.0534E-5	1.8174E-5	2.5010E-5	2.0860E-5	1.5493E-5	1.2430E-5	8.7779E-6	7.7970E-6	5.5468E-6	4.3104E-6	3.5386E-6	1.9049E-6	2.5857E-6	2.4408E-6	2.7826E-6	4.5501E-6	5.7097E-6	5.8434E-6	7.0521E-6	7.8617E-6	6.9651E-6	7.0471E-6	6.5160E-6	7.0888E-6	6.0844E-6	6.9279E-6	7.0134E-6	5.9215E-6	5.4620E-6	5.1789E-6	4.7180E-6	4.4499E-6	4.3443E-6	3.7929E-6	3.6391E-6	2.8748E-6	3.2794E-6	2.4236E-6	3.2197E-6	3.1809E-6	2.2407E-6
1.5414E+1	-9.2980E-6	-1.0577E-5	-1.2980E-5	-1.5313E-5	-1.7759E-5	-2.0170E-5	-2.2034E-5	-2.0921E-5	-1.7605E-5	-1.3902E-5	-8.3739E-6	-4.8906E-6	-2.2856E-6	1.2607E-7	3.6005E-6	6.5868E-6	1.1436E-5	1.9249E-5	2.3808E-5	1.7432E-5	1.3630E-5	9.4421E-6	8.1069E-6	6.4855E-6	4.4024E-6	3.8365E-6	2.1687E-6	2.4806E-6	2.3069E-6	2.7258E-6	3.7914E-6	5.4434E-6	6.0974E-6	6.3767E-6	7.5936E-6	7.7924E-6	7.6716E-6	6.4529E-6	6.7670E-6	6.3722E-6	6.3578E-6	6.1557E-6	5.7430E-6	4.9232E-6	5.4294E-6	4.6698E-6	3.8417E-6	3.8851E-6	3.9201E-6	3.1801E-6	3.4014E-6	2.8487E-6	2.4973E-6	1.8449E-6	2.8982E-6	2.6999E-6
1.5452E+1	-8.9361E-6	-1.0305E-5	-1.2181E-5	-1.4433E-5	-1.6854E-5	-1.9002E-5	-2.0505E-5	-1.9782E-5	-1.7366E-5	-1.3566E-5	-8.0616E-6	-4.9813E-6	-2.4566E-6	-1.2306E-6	1.6103E-6	4.2111E-6	7.2444E-6	1.1837E-5	1.9887E-5	2.0210E-5	1.5154E-5	1.1054E-5	8.1398E-6	6.5092E-6	4.6947E-6	3.8536E-6	2.4277E-6	2.8923E-6	2.5128E-6	2.4969E-6	3.9611E-6	5.2225E-6	5.9389E-6	6.5901E-6	6.7051E-6	6.6743E-6	6.9460E-6	6.8643E-6	7.1770E-6	6.3338E-6	6.3233E-6	6.6181E-6	5.7153E-6	4.6448E-6	5.2226E-6	4.4053E-6	4.0939E-6	3.2178E-6	3.6444E-6	3.5938E-6	2.7093E-6	3.1220E-6	2.8780E-6	3.1675E-6	1.8651E-6	1.8740E-6
1.5490E+1	-8.3506E-6	-1.0290E-5	-1.2310E-5	-1.4454E-5	-1.6347E-5	-1.7378E-5	-1.8342E-5	-1.8477E-5	-1.6385E-5	-1.3251E-5	-9.0033E-6	-5.4021E-6	-3.4337E-6	-1.2737E-6	7.3272E-8	2.5428E-6	4.9740E-6	8.5410E-6	1.4031E-5	1.9205E-5	1.7291E-5	1.1816E-5	9.9107E-6	6.5257E-6	5.0062E-6	3.4142E-6	2.2496E-6	2.3971E-6	2.7239E-6	3.0018E-6	3.4267E-6	4.7872E-6	5.5619E-6	6.2907E-6	6.5800E-6	7.2156E-6	6.4366E-6	6.5018E-6	6.6522E-6	6.6241E-6	5.8801E-6	6.0254E-6	5.9759E-6	4.7187E-6	5.1574E-6	4.2782E-6	4.1490E-6	3.5131E-6	3.2165E-6	3.5729E-6	2.9061E-6	2.5911E-6	3.0614E-6	2.9782E-6	3.1201E-6	2.0441E-6
1.5528E+1	-8.5090E-6	-9.5568E-6	-1.1430E-5	-1.3933E-5	-1.7245E-5	-1.8140E-5	-1.7247E-5	-1.6095E-5	-1.6135E-5	-1.2223E-5	-9.1728E-6	-5.7466E-6	-3.8854E-6	-2.8577E-6	-1.3535E-6	8.6025E-8	2.3020E-6	5.4008E-6	9.2122E-6	1.4251E-5	1.8294E-5	1.2995E-5	1.0147E-5	7.8267E-6	4.9468E-6	3.8187E-6	2.0735E-6	2.1783E-6	1.7823E-6	2.8299E-6	3.8235E-6	4.0778E-6	5.2602E-6	5.7707E-6	5.5756E-6	6.3423E-6	6.4793E-6	6.6673E-6	6.4844E-6	5.7273E-6	5.4130E-6	5.7246E-6	5.4982E-6	4.9881E-6	4.9198E-6	3.9488E-6	4.3035E-6	3.7374E-6	3.6727E-6	3.6549E-6	3.2924E-6	2.7457E-6	3.0139E-6	2.8605E-6	2.8473E-6	3.0084E-6
1.5566E+1	-7.6805E-6	-9.2480E-6	-1.0297E-5	-1.2318E-5	-1.5529E-5	-1.7820E-5	-1.7365E-5	-1.4617E-5	-1.3573E-5	-1.2360E-5	-7.6654E-6	-6.5469E-6	-3.6441E-6	-3.1430E-6	-1.3930E-6	-7.5793E-7	7.2488E-7	3.6446E-6	5.8548E-6	8.8530E-6	1.4460E-5	1.5540E-5	1.0456E-5	8.1439E-6	5.1742E-6	3.3230E-6	2.8592E-6	2.2639E-6	2.2658E-6	1.9987E-6	3.3915E-6	3.5334E-6	5.1213E-6	5.3628E-6	5.1073E-6	6.0203E-6	5.9943E-6	5.9754E-6	5.8712E-6	5.9078E-6	4.7495E-6	4.8356E-6	4.6638E-6	4.7811E-6	4.9313E-6	4.0186E-6	3.8522E-6	3.3899E-6	2.9196E-6	3.2184E-6	3.5883E-6	2.7160E-6	3.2871E-6	2.0100E-6	2.2860E-6	2.9015E-6
1.5604E+1	-7.0373E-6	-8.5653E-6	-9.7813E-6	-1.1858E-5	-1.4397E-5	-1.6788E-5	-1.7399E-5	-1.4897E-5	-1.1779E-5	-1.0502E-5	-7.2617E-6	-5.3990E-6	-4.0550E-6	-3.4171E-6	-2.9824E-6	-1.2535E-6	-4.6032E-7	2.3947E-6	3.6581E-6	6.4480E-6	8.3955E-6	1.4582E-5	1.2974E-5	8.3092E-6	5.9525E-6	3.1153E-6	2.8485E-6	2.3536E-6	1.9808E-6	2.0780E-6	3.5412E-6	3.5835E-6	4.8673E-6	5.6155E-6	4.8372E-6	5.3251E-6	6.3845E-6	6.0663E-6	5.1455E-6	5.2992E-6	5.2805E-6	4.8073E-6	4.3951E-6	4.5375E-6	4.4640E-6	4.1559E-6	4.2215E-6	3.8251E-6	3.0271E-6	2.5077E-6	3.0945E-6	2.7469E-6	3.1289E-6	2.7893E-6	2.0013E-6	2.7097E-6
1.5641E+1	-7.0100E-6	-7.6052E-6	-9.4737E-6	-1.0746E-5	-1.3761E-5	-1.5306E-5	-1.7604E-5	-1.5435E-5	-1.1954E-5	-9.1843E-6	-6.5567E-6	-5.7964E-6	-3.8808E-6	-2.7424E-6	-2.6624E-6	-2.4128E-6	-1.2331E-6	1.4183E-6	1.8132E-6	4.9481E-6	5.5601E-6	9.6792E-6	1.3818E-5	9.1642E-6	5.9660E-6	3.6565E-6	2.9628E-6	2.4135E-6	1.7308E-6	1.2100E-6	2.2411E-6	3.7552E-6	4.3322E-6	4.9774E-6	5.1562E-6	4.9680E-6	4.9363E-6	5.7119E-6	5.1459E-6	4.9831E-6	4.9990E-6	4.9228E-6	4.5654E-6	4.6292E-6	4.3136E-6	4.0313E-6	3.3228E-6	3.2351E-6	2.9405E-6	3.1074E-6	2.2390E-6	1.7424E-6	2.8436E-6	2.0604E-6	2.1916E-6	2.9882E-6
1.5679E+1	-6.2248E-6	-6.9598E-6	-8.3958E-6	-1.0201E-5	-1.1729E-5	-1.4060E-5	-1.5814E-5	-1.5843E-5	-1.1869E-5	-8.1276E-6	-5.6920E-6	-5.3425E-6	-4.9376E-6	-3.7524E-6	-2.9371E-6	-2.2756E-6	-2.1405E-6	-2.3434E-7	1.0939E-6	2.8941E-6	4.5232E-6	6.1828E-6	1.0861E-5	1.1315E-5	6.5841E-6	4.5205E-6	2.7374E-6	2.6033E-6	1.4386E-6	2.4166E-6	1.8237E-6	3.4057E-6	4.2506E-6	4.2097E-6	4.8330E-6	5.2709E-6	4.3543E-6	4.1122E-6	4.8558E-6	4.5037E-6	4.6272E-6	4.3242E-6	5.0972E-6	4.5867E-6	4.4188E-6	4.1986E-6	3.9132E-6	2.8948E-6	2.3079E-6	3.0035E-6	3.0503E-6	1.1670E-6	1.7389E-6	3.0574E-6	1.2043E-6	2.2097E-6
1.5717E+1	-5.8462E-6	-6.6348E-6	-8.0037E-6	-9.6928E-6	-1.1423E-5	-1.2670E-5	-1.4796E-5	-1.3819E-5	-1.3062E-5	-7.0995E-6	-4.5684E-6	-3.9688E-6	-4.0765E-6	-3.4794E-6	-3.1295E-6	-2.2897E-6	-1.7115E-6	-1.5794E-6	2.6913E-8	1.4476E-6	2.7151E-6	4.0111E-6	5.7110E-6	9.4961E-6	7.9365E-6	5.4110E-6	3.3022E-6	2.1366E-6	1.5277E-6	1.4152E-6	2.5134E-6	2.6540E-6	4.6689E-6	3.5127E-6	4.2704E-6	4.6226E-6	4.4838E-6	3.2743E-6	4.4572E-6	4.1332E-6	4.4958E-6	3.4257E-6	4.4078E-6	3.7789E-6	4.0394E-6	3.6879E-6	3.4254E-6	3.3896E-6	2.5744E-6	2.2148E-6	2.3158E-6	2.0112E-6	1.2199E-6	2.2494E-6	2.6386E-6	1.6109E-6
1.5755E+1	-5.2357E-6	-5.0512E-6	-7.1943E-6	-8.6050E-6	-1.0174E-5	-1.2332E-5	-1.4260E-5	-1.3102E-5	-1.2136E-5	-8.7467E-6	-4.1107E-6	-3.5606E-6	-3.1239E-6	-2.8839E-6	-2.2379E-6	-2.4331E-6	-8.7150E-7	-1.5029E-6	7.8741E-8	7.9341E-7	2.2303E-6	2.4927E-6	3.8019E-6	5.1738E-6	7.8148E-6	5.6758E-6	4.1076E-6	2.2452E-6	2.7554E-6	1.5034E-6	2.2940E-6	2.4559E-6	3.4990E-6	4.0431E-6	3.9166E-6	3.8481E-6	3.9979E-6	3.3596E-6	3.6467E-6	3.6429E-6	3.9861E-6	3.6849E-6	4.2855E-6	3.4200E-6	2.9787E-6	3.1140E-6	2.7390E-6	2.7961E-6	3.1496E-6	2.5002E-6	2.0262E-6	1.3631E-6	1.4755E-6	2.3762E-6	1.5275E-6	2.1090E-6
1.5793E+1	-4.8161E-6	-4.9968E-6	-5.4698E-6	-7.5080E-6	-8.6700E-6	-1.0579E-5	-1.2553E-5	-1.2348E-5	-1.1165E-5	-8.1139E-6	-4.6758E-6	-2.8175E-6	-2.8989E-6	-2.2850E-6	-1.4406E-6	-2.0411E-6	-1.5070E-6	-7.7278E-7	2.5488E-7	5.2283E-7	1.8518E-6	1.5956E-6	3.0587E-6	3.3142E-6	4.7838E-6	6.5107E-6	3.5629E-6	2.9684E-6	2.5744E-6	2.7721E-6	2.1529E-6	3.9099E-6	2.9499E-6	3.1228E-6	3.6892E-6	3.9333E-6	3.5872E-6	3.8340E-6	3.4593E-6	3.4710E-6	3.2372E-6	2.9232E-6	3.5044E-6	3.4828E-6	3.2794E-6	2.5053E-6	2.4717E-6	2.1143E-6	2.0931E-6	2.2467E-6	2.0315E-6	2.1377E-6	6.9428E-7	2.1598E-6	2.3609E-6	1.5305E-6
1.5831E+1	-4.3668E-6	-4.8961E-6	-6.3995E-6	-6.2168E-6	-7.7687E-6	-9.7201E-6	-1.1111E-5	-1.1512E-5	-1.0585E-5	-8.3140E-6	-4.6810E-6	-2.7195E-6	-1.5604E-6	-1.6838E-6	-1.4270E-6	-1.6719E-6	-1.6423E-6	-1.8756E-6	4.5372E-7	5.6902E-7	9.3692E-7	1.1968E-6	2.1876E-6	3.6810E-6	3.0526E-6	5.2707E-6	4.6349E-6	2.9257E-6	2.3992E-6	1.8608E-6	2.0346E-6	3.2065E-6	4.3890E-6	3.2350E-6	2.9087E-6	3.0762E-6	3.9088E-6	3.5424E-6	3.5199E-6	3.3175E-6	3.8033E-6	2.4762E-6	3.1661E-6	2.3915E-6	3.3164E-6	2.4230E-6	2.5305E-6	2.3312E-6	2.1536E-6	1.6569E-6	1.5271E-6	1.7832E-6	1.8400E-6	1.0501E-6	1.9659E-6	2.3271E-6
1.5869E+1	-4.3936E-6	-3.8965E-6	-5.2104E-6	-6.6518E-6	-6.9998E-6	-8.6084E-6	-9.2615E-6	-1.0675E-5	-9.1607E-6	-7.5307E-6	-5.0182E-6	-2.7604E-6	-1.7892E-6	-7.6768E-8	-2.5236E-7	-1.0711E-6	-1.2950E-6	-8.5941E-7	-1.0628E-6	8.1534E-7	-4.2901E-8	8.2234E-7	1.1101E-6	2.2478E-6	2.9903E-6	4.0209E-6	4.9540E-6	4.6477E-6	3.3442E-6	2.3426E-6	1.9943E-6	2.5663E-6	3.1044E-6	3.9125E-6	3.2286E-6	2.6717E-6	3.0515E-6	3.2018E-6	3.2127E-6	2.8621E-6	3.3824E-6	2.6975E-6	2.6116E-6	2.4316E-6	2.3680E-6	2.5390E-6	2.3107E-6	1.4682E-6	1.9533E-6	2.4875E-6	1.3085E-6	9.4775E-7	1.4011E-6	1.3697E-6	8.1202E-7	1.8185E-6
1.5906E+1	-3.5664E-6	-4.7401E-6	-4.5001E-6	-4.5237E-6	-6.4574E-6	-7.6230E-6	-8.5100E-6	-9.4008E-6	-9.1930E-6	-6.4135E-6	-4.7684E-6	-2.2258E-6	-2.1090E-6	-6.0590E-7	3.7886E-8	3.0696E-7	-1.1174E-6	5.0272E-8	1.5125E-7	5.0074E-7	2.5336E-7	2.7442E-7	1.4330E-6	1.0407E-6	1.5235E-6	2.9209E-6	3.8625E-6	4.0591E-6	4.1557E-6	3.2671E-6	3.1047E-6	3.4604E-6	3.3873E-6	3.5323E-6	3.7329E-6	3.7121E-6	3.3204E-6	2.6550E-6	3.0153E-6	3.3309E-6	2.9542E-6	2.6724E-6	2.8562E-6	2.5588E-6	1.9488E-6	1.7758E-6	2.8021E-6	1.5291E-6	1.4716E-6	2.5080E-6	2.2513E-6	9.7593E-7	1.2615E-6	1.1976E-6	7.6356E-7	8.9966E-7
1.5944E+1	-3.6597E-6	-3.8840E-6	-5.2615E-6	-4.8148E-6	-5.0183E-6	-5.5894E-6	-6.9044E-6	-8.0274E-6	-7.5490E-6	-6.0912E-6	-4.2273E-6	-1.7582E-6	-1.2330E-6	-7.2497E-7	2.5338E-7	3.3035E-7	-2.2651E-7	-2.1728E-7	6.8279E-7	9.3865E-7	5.6172E-7	5.9424E-7	1.4224E-6	1.3358E-6	1.2433E-6	1.9941E-6	3.4196E-6	3.5537E-6	3.9506E-6	3.4170E-6	2.7759E-6	3.2743E-6	3.4487E-6	4.0361E-6	3.4806E-6	4.0557E-6	3.4240E-6	3.0327E-6	2.7904E-6	2.9568E-6	3.4559E-6	2.6094E-6	2.7085E-6	2.8418E-6	2.5154E-6	1.8766E-6	2.1390E-6	1.1495E-6	1.8645E-6	1.9647E-6	1.8570E-6	1.1999E-6	1.3499E-6	1.1349E-6	9.6195E-7	1.1946E-6
1.5982E+1	-3.6143E-6	-4.4937E-6	-4.4136E-6	-5.2211E-6	-5.4751E-6	-4.9984E-6	-5.6689E-6	-7.1108E-6	-6.8943E-6	-5.1172E-6	-3.9243E-6	-2.0441E-6	-7.1302E-7	2.6390E-8	1.0198E-6	9.8404E-7	6.0224E-7	5.1020E-7	8.0842E-7	1.4562E-6	5.7326E-7	2.5144E-7	1.2803E-6	1.1428E-6	1.4080E-6	1.8592E-6	2.2559E-6	3.4718E-6	4.7172E-6	4.9873E-6	3.6033E-6	3.6128E-6	3.4294E-6	3.9441E-6	3.9068E-6	4.4154E-6	3.7544E-6	2.8971E-6	3.3780E-6	2.4683E-6	2.6593E-6	2.6138E-6	2.9676E-6	2.3338E-6	2.1313E-6	2.0361E-6	2.6540E-6	1.2268E-6	1.5010E-6	1.8285E-6	1.8151E-6	1.1183E-6	1.0823E-6	8.6118E-7	4.8607E-7	1.1821E-6
1.6020E+1	-3.9813E-6	-4.2942E-6	-5.0280E-6	-5.3961E-6	-5.6067E-6	-4.7041E-6	-4.1384E-6	-5.6537E-6	-5.4181E-6	-5.1797E-6	-3.1234E-6	-1.8536E-6	-1.3744E-6	-7.8725E-7	1.2914E-6	1.0429E-6	1.2227E-6	1.6714E-6	1.1530E-6	2.2457E-6	1.8683E-6	8.6961E-7	8.6867E-7	1.3227E-6	1.0218E-6	1.7536E-6	1.5857E-6	2.0692E-6	3.7607E-6	5.2481E-6	5.1026E-6	4.1872E-6	4.7559E-6	4.2320E-6	4.1968E-6	4.0069E-6	4.4761E-6	3.4904E-6	3.7401E-6	3.3788E-6	3.1240E-6	2.0807E-6	2.3401E-6	2.6712E-6	2.3411E-6	1.7410E-6	1.5319E-6	1.9918E-6	1.2052E-6	8.5220E-7	1.0715E-6	1.1499E-6	8.7724E-7	7.6976E-7	6.0425E-7	1.2479E-6
1.6058E+1	-3.9061E-6	-4.3675E-6	-4.5676E-6	-5.8109E-6	-6.4319E-6	-6.3413E-6	-3.6114E-6	-4.0034E-6	-4.4593E-6	-3.7793E-6	-3.7073E-6	-1.5424E-6	-4.7539E-7	-7.8883E-8	-2.2437E-8	7.6558E-7	8.0357E-7	2.3515E-6	1.0809E-6	1.5035E-6	1.9643E-6	1.7822E-6	1.0573E-6	1.2869E-6	1.9988E-6	1.5396E-6	1.8066E-6	1.9380E-6	2.7729E-6	3.8374E-6	5.4459E-6	4.9725E-6	5.1627E-6	4.9685E-6	5.0149E-6	4.7192E-6	4.1032E-6	4.3139E-6	3.2840E-6	3.5211E-6	3.3139E-6	3.7144E-6	2.5204E-6	2.2193E-6	2.3931E-6	2.9662E-6	1.4474E-6	1.9342E-6	1.8241E-6	1.3304E-6	1.7780E-6	9.8717E-7	5.4193E-7	4.5069E-7	4.4805E-7	1.4156E-6
1.6096E+1	-3.6122E-6	-4.1746E-6	-4.4223E-6	-4.9217E-6	-6.1817E-6	-6.5474E-6	-5.1849E-6	-2.3980E-6	-3.0549E-6	-3.0256E-6	-2.2202E-6	-2.1589E-6	-1.1095E-6	-4.2009E-8	8.9075E-7	2.0412E-7	6.2019E-7	2.0250E-6	2.3747E-6	1.0638E-6	1.6574E-6	1.5393E-6	1.4074E-6	8.4054E-7	1.0527E-6	1.5803E-6	1.6133E-6	1.9584E-6	2.4785E-6	2.8681E-6	4.3885E-6	5.1640E-6	5.1975E-6	4.6371E-6	4.3959E-6	4.9738E-6	4.4768E-6	4.6261E-6	3.8977E-6	3.3121E-6	3.0942E-6	2.5980E-6	3.0985E-6	2.4338E-6	1.9073E-6	2.4059E-6	1.8905E-6	1.2922E-6	1.0828E-6	8.3065E-7	1.8975E-6	1.9688E-6	1.4508E-6	1.0107E-6	9.8255E-7	5.5731E-7
1.6134E+1	-3.7686E-6	-4.4850E-6	-5.3707E-6	-4.9795E-6	-6.4731E-6	-6.7332E-6	-5.4907E-6	-3.7261E-6	-1.3252E-6	-2.5635E-6	-2.1744E-6	-1.3042E-6	-1.1101E-7	-5.4334E-8	2.0462E-7	1.4783E-6	9.3969E-7	1.3024E-6	1.8590E-6	1.7861E-6	1.1838E-6	1.8403E-6	7.1702E-7	2.0109E-6	1.2020E-6	9.3657E-7	1.4995E-6	1.8637E-6	2.3846E-6	2.6525E-6	3.9979E-6	5.6379E-6	5.5304E-6	5.0399E-6	4.6955E-6	4.5902E-6	4.3579E-6	4.3512E-6	4.1549E-6	3.5939E-6	3.9810E-6	3.4672E-6	2.3008E-6	2.7630E-6	2.2077E-6	2.5698E-6	2.1723E-6	1.4757E-6	1.0038E-6	1.1592E-6	1.2938E-6	7.1217E-7	9.4340E-7	1.0686E-6	1.5355E-6	8.7328E-7
1.6171E+1	-3.8938E-6	-3.8651E-6	-5.1303E-6	-5.5033E-6	-6.1784E-6	-7.2908E-6	-6.1260E-6	-4.9524E-6	-2.0643E-6	-6.7891E-7	-1.9103E-6	-2.3735E-6	-9.9579E-7	-2.3594E-7	7.4404E-8	1.1319E-6	1.6481E-6	1.6409E-6	1.5936E-6	1.9621E-6	1.2291E-6	1.7576E-6	7.2921E-7	3.6877E-7	1.2914E-6	8.8746E-7	1.1888E-6	1.0294E-6	2.0251E-6	2.1246E-6	2.7286E-6	4.4753E-6	5.8491E-6	4.3756E-6	5.3631E-6	4.8744E-6	4.5350E-6	4.1095E-6	3.9923E-6	3.3850E-6	3.5372E-6	3.6358E-6	3.0304E-6	2.4435E-6	2.4954E-6	2.0720E-6	2.8802E-6	1.8669E-6	1.2194E-6	1.8504E-6	2.3186E-6	2.0605E-6	1.4257E-6	1.0528E-6	1.0366E-6	1.4243E-6
1.6209E+1	-3.5982E-6	-4.7672E-6	-4.6395E-6	-5.4820E-6	-5.9848E-6	-7.3882E-6	-6.1372E-6	-5.9178E-6	-3.7087E-6	-1.5288E-6	-3.9293E-7	-1.4238E-6	-5.1178E-7	-7.5593E-7	-2.4203E-7	9.6843E-7	1.0788E-6	1.5652E-6	1.5164E-6	1.7984E-6	1.6888E-6	1.5223E-6	1.5342E-6	8.2787E-7	8.9775E-7	7.9467E-7	1.3250E-6	7.7980E-7	1.5799E-6	2.3780E-6	3.0498E-6	3.5057E-6	4.8742E-6	4.6256E-6	4.4837E-6	5.3363E-6	4.3986E-6	4.6737E-6	3.5638E-6	3.5811E-6	3.3216E-6	2.8169E-6	2.6782E-6	2.4933E-6	2.6507E-6	2.0617E-6	1.2384E-6	1.8592E-6	1.2191E-6	1.3800E-6	1.0799E-6	1.3142E-6	1.7844E-6	1.9551E-6	1.1026E-6	8.2094E-7
1.6247E+1	-3.4082E-6	-3.9727E-6	-4.9572E-6	-5.4673E-6	-5.3931E-6	-6.9056E-6	-7.0514E-6	-5.8458E-6	-4.1836E-6	-2.3925E-6	-1.2231E-6	-1.2520E-6	-1.1299E-6	-9.6990E-7	9.6482E-8	6.2961E-7	8.0198E-7	1.0403E-6	1.5998E-6	1.6517E-6	1.5148E-6	1.5165E-6	9.8666E-7	4.9483E-7	6.4227E-7	8.6802E-7	7.6710E-7	7.4982E-7	6.0704E-7	2.0282E-6	2.5362E-6	3.6132E-6	3.7584E-6	5.0220E-6	5.0334E-6	4.5794E-6	4.2480E-6	4.8325E-6	4.3150E-6	3.9406E-6	4.3291E-6	2.6058E-6	3.0223E-6	2.1994E-6	2.8447E-6	3.0898E-6	2.3945E-6	1.2378E-6	2.1992E-6	1.4380E-6	1.3550E-6	6.7077E-7	6.0368E-7	1.0669E-6	1.3170E-6	1.2555E-6
1.6285E+1	-3.4730E-6	-3.7149E-6	-4.7330E-6	-5.6218E-6	-6.1335E-6	-6.1853E-6	-6.3972E-6	-6.2582E-6	-4.4756E-6	-2.6931E-6	-9.5004E-7	8.6866E-8	-2.0790E-7	-1.1120E-6	8.6036E-8	3.1920E-7	7.5503E-7	1.6758E-6	8.8659E-7	1.3038E-6	1.5248E-6	1.3617E-6	1.2541E-6	7.1722E-7	1.3683E-7	6.5663E-7	1.4428E-7	5.6271E-7	4.7997E-7	7.4742E-7	2.6034E-6	2.8587E-6	2.6750E-6	3.7136E-6	5.3014E-6	4.9484E-6	3.5598E-6	3.5617E-6	3.7475E-6	3.1916E-6	4.2749E-6	2.6776E-6	3.0245E-6	2.3589E-6	2.3634E-6	1.9015E-6	2.3146E-6	1.9758E-6	2.4510E-6	1.7731E-6	1.1334E-6	1.5548E-6	2.9670E-7	1.0128E-6	3.1356E-7	1.0931E-6
1.6323E+1	-2.9970E-6	-3.2495E-6	-4.5134E-6	-5.2833E-6	-6.0683E-6	-7.2020E-6	-6.9737E-6	-6.0121E-6	-4.6028E-6	-3.4464E-6	-2.3338E-6	-6.8228E-7	3.5370E-7	-7.1177E-7	7.2186E-7	3.5686E-7	5.2315E-7	1.9170E-6	2.7371E-6	9.7858E-7	1.8391E-6	1.1227E-6	1.2662E-6	9.9586E-7	3.7644E-7	5.2792E-7	4.6296E-7	-1.4185E-7	1.6155E-6	3.0189E-7	1.8255E-6	2.8990E-6	2.8816E-6	3.3080E-6	4.2147E-6	4.6628E-6	4.8664E-6	3.4324E-6	4.1431E-6	3.1726E-6	3.7961E-6	2.6759E-6	3.2176E-6	2.6749E-6	2.8656E-6	2.1229E-6	1.4028E-6	1.7203E-6	1.9398E-6	1.7677E-6	7.8637E-7	1.7890E-6	5.5529E-7	3.5721E-7	1.2171E-6	5.2571E-7
1.6361E+1	-3.1220E-6	-2.9630E-6	-4.3883E-6	-5.1822E-6	-5.7400E-6	-6.4954E-6	-6.5852E-6	-6.3111E-6	-4.3544E-6	-3.1823E-6	-2.2105E-6	-1.5812E-6	-3.5059E-7	-7.2695E-7	-2.0613E-7	-3.7709E-7	7.2006E-7	6.6982E-7	1.8864E-6	1.2949E-6	1.7979E-6	1.1777E-6	7.8262E-7	1.1467E-6	5.9140E-7	2.1403E-8	5.6335E-7	-3.5151E-7	1.2779E-6	1.0979E-6	2.0563E-6	2.4469E-6	2.1913E-6	3.8186E-6	3.6086E-6	3.7279E-6	3.9382E-6	3.4021E-6	3.7578E-6	3.3251E-6	3.4365E-6	3.2135E-6	2.5074E-6	3.2191E-6	2.8890E-6	2.3862E-6	1.7454E-6	2.1755E-6	1.9382E-6	1.5589E-6	1.2391E-6	1.1788E-6	1.6459E-6	3.1978E-7	1.0084E-6	1.0942E-6
1.6399E+1	-3.7946E-6	-3.0478E-6	-4.0899E-6	-5.1785E-6	-5.8820E-6	-7.0250E-6	-6.9778E-6	-6.1142E-6	-4.7654E-6	-3.4393E-6	-2.2539E-6	-1.4994E-6	-6.8140E-7	-7.7945E-7	5.0749E-7	-4.4517E-7	5.1694E-7	6.7515E-7	1.6230E-6	6.4199E-7	8.8079E-7	1.1526E-6	5.4260E-7	2.7776E-7	2.8077E-7	-1.8007E-7	2.0471E-7	-1.5011E-7	5.7767E-7	7.2036E-7	1.4385E-6	3.2369E-6	2.1098E-6	3.4537E-6	3.8343E-6	3.7036E-6	4.2709E-6	3.2668E-6	3.7851E-6	3.2362E-6	2.7351E-6	3.3655E-6	2.7163E-6	2.1876E-6	3.2895E-6	1.9914E-6	1.6614E-6	1.6388E-6	1.2655E-6	1.6340E-6	2.0398E-6	1.5208E-6	1.1552E-6	1.3136E-6	1.2389E-6	8.6613E-7
1.6437E+1	-2.9427E-6	-3.4979E-6	-3.5013E-6	-4.5784E-6	-5.0462E-6	-6.2802E-6	-6.2121E-6	-6.2630E-6	-4.2236E-6	-4.1720E-6	-2.9111E-6	-2.0365E-6	-1.1587E-6	-1.6200E-6	-5.7879E-7	-2.2864E-7	8.3519E-7	1.6649E-7	6.5033E-7	1.5982E-6	6.7244E-7	6.5653E-7	9.1280E-7	4.5699E-7	1.2710E-7	-6.5531E-7	-3.0580E-7	-1.4001E-7	-1.0102E-7	4.6526E-7	5.4551E-7	1.8168E-6	2.1749E-6	2.4631E-6	2.8976E-6	3.2143E-6	3.3414E-6	3.9954E-6	3.6015E-6	3.6714E-6	3.0765E-6	2.7074E-6	2.7302E-6	2.3713E-6	2.5787E-6	2.2107E-6	1.6632E-6	2.2839E-6	7.1222E-7	4.8622E-7	1.6949E-6	1.5165E-6	1.5444E-6	8.2097E-7	1.3536E-6	1.2186E-6
1.6474E+1	-3.3872E-6	-2.9275E-6	-3.7929E-6	-4.1275E-6	-5.0625E-6	-6.3256E-6	-6.5121E-6	-5.5985E-6	-4.0812E-6	-2.5252E-6	-3.0667E-6	-1.5791E-6	-1.0516E-6	-1.2020E-6	-8.6194E-7	1.0527E-7	9.4066E-8	1.1956E-6	1.7049E-8	6.1512E-7	9.4090E-7	5.2892E-7	7.9659E-7	3.8487E-7	4.3586E-7	4.2982E-7	-8.5604E-7	5.6427E-7	-2.6834E-7	4.9207E-7	6.8108E-7	1.3453E-6	1.5119E-6	2.5793E-6	1.8256E-6	2.9042E-6	2.4627E-6	3.3604E-6	3.4039E-6	3.1386E-6	3.4356E-6	3.4953E-6	2.4248E-6	2.1884E-6	2.6140E-6	1.8094E-6	1.3745E-6	1.5881E-6	1.8647E-6	1.2474E-6	1.4293E-6	1.2094E-6	1.1691E-6	1.7163E-6	4.5441E-7	1.4299E-6
1.6512E+1	-2.5773E-6	-2.7028E-6	-3.2453E-6	-3.5415E-6	-4.4406E-6	-5.6029E-6	-6.6188E-6	-5.9827E-6	-4.9045E-6	-3.3368E-6	-2.9912E-6	-2.2508E-6	-1.5742E-6	-1.0143E-6	-1.4230E-6	1.4901E-7	-8.0291E-8	4.5570E-7	1.0785E-6	9.5954E-7	8.2837E-7	8.3398E-7	7.9635E-7	7.2617E-7	-5.5788E-7	5.5695E-7	-4.6059E-7	-6.9918E-7	4.4278E-8	1.1953E-8	9.5895E-7	1.4830E-6	9.5765E-7	2.2200E-6	2.0411E-6	2.1070E-6	2.3284E-6	3.1343E-6	3.3114E-6	2.9189E-6	2.4054E-6	2.8411E-6	2.9650E-6	2.3189E-6	2.4924E-6	2.3924E-6	1.9558E-6	1.0093E-6	8.1860E-7	1.8444E-6	1.5306E-6	1.4001E-6	1.0163E-6	1.4375E-6	1.1105E-6	7.4183E-7
1.6550E+1	-2.6252E-6	-2.1932E-6	-3.4035E-6	-3.4569E-6	-4.2518E-6	-5.3482E-6	-6.0268E-6	-5.6606E-6	-4.4855E-6	-2.8797E-6	-2.3855E-6	-1.8852E-6	-1.8868E-6	-1.4945E-6	-9.5675E-7	1.7592E-9	-5.7989E-7	1.7809E-7	-2.4796E-7	7.9940E-7	9.7049E-7	7.8914E-7	8.8751E-7	1.0590E-6	5.8619E-7	-8.1276E-7	4.8708E-7	-5.5070E-7	-1.0241E-6	-2.2246E-8	4.3236E-7	1.3515E-6	1.0158E-6	1.2511E-6	2.3747E-6	2.0389E-6	1.9486E-6	2.4002E-6	3.1382E-6	3.2619E-6	2.8248E-6	2.6409E-6	1.9666E-6	2.0061E-6	2.2298E-6	1.5829E-6	2.3549E-6	1.6107E-6	8.8418E-7	1.2864E-6	1.7411E-6	1.1385E-6	1.3783E-6	7.9992E-7	1.2254E-6	1.5587E-6
1.6588E+1	-1.8618E-6	-1.9374E-6	-2.2828E-6	-3.3886E-6	-3.7088E-6	-5.0084E-6	-5.7488E-6	-5.5979E-6	-5.3682E-6	-4.2686E-6	-2.4061E-6	-1.5257E-6	-1.5692E-6	-1.3880E-6	-1.9223E-6	1.2026E-7	-5.8702E-7	5.7688E-7	4.7735E-7	1.1128E-7	9.3228E-7	8.9412E-7	6.7650E-7	3.5261E-7	1.0891E-6	-4.3036E-7	-5.0592E-7	6.0089E-8	-5.9875E-7	-4.7462E-7	7.3136E-7	1.1325E-6	1.1617E-6	8.3334E-7	1.6239E-6	2.4212E-6	2.1149E-6	2.4495E-6	2.6401E-6	3.2354E-6	2.2658E-6	3.3748E-6	2.5821E-6	1.9125E-6	2.4775E-6	1.9555E-6	1.4905E-6	1.5645E-6	1.0160E-6	1.4332E-6	1.0130E-6	1.2646E-6	7.7272E-7	8.2135E-7	2.6488E-8	1.5286E-6
1.6626E+1	-1.6456E-6	-2.3374E-6	-2.5487E-6	-2.7699E-6	-3.6991E-6	-4.0889E-6	-4.9105E-6	-4.8737E-6	-4.0009E-6	-4.1444E-6	-3.1559E-6	-1.8122E-6	-1.6457E-6	-1.3980E-6	-1.6227E-6	-1.0133E-6	-7.5161E-7	-6.9570E-8	-4.8190E-8	3.0061E-7	5.9275E-7	2.7899E-7	7.5428E-7	-1.5983E-7	9.1851E-8	-5.5242E-7	-1.6218E-7	-5.9975E-7	-4.9599E-7	-1.4714E-7	4.3695E-7	8.0806E-7	1.3232E-6	1.2458E-6	1.0885E-6	1.4099E-6	1.7048E-6	1.6743E-6	2.3175E-6	3.0430E-6	2.6310E-6	2.7987E-6	2.6403E-6	1.7684E-6	2.4190E-6	2.1036E-6	2.2653E-6	1.8519E-6	9.8604E-7	1.5951E-6	1.6207E-6	1.3890E-6	1.1827E-6	5.1262E-7	9.8802E-7	6.0831E-7
1.6664E+1	-1.8371E-6	-1.8123E-6	-2.8329E-6	-2.8914E-6	-3.2269E-6	-4.5506E-6	-4.2443E-6	-4.8449E-6	-3.7029E-6	-3.3353E-6	-2.8321E-6	-2.1385E-6	-1.1377E-6	-1.5501E-6	-1.5225E-6	-1.2649E-6	-8.2325E-7	8.3123E-7	4.1113E-7	-1.4900E-7	1.1625E-6	7.0997E-7	5.2284E-7	1.1993E-7	-4.1981E-7	-9.0835E-7	-4.1492E-7	-6.9734E-7	-2.5794E-7	-4.2362E-7	7.5051E-7	7.9047E-7	9.6231E-7	1.6077E-6	1.8416E-6	1.4220E-6	1.4724E-6	1.5097E-6	1.8794E-6	1.7112E-6	2.0609E-6	2.7739E-6	2.6165E-6	1.3872E-6	1.9784E-6	1.5889E-6	1.3724E-6	2.1309E-6	1.5455E-6	1.2049E-6	1.0964E-6	1.1107E-6	1.1735E-6	6.7571E-7	6.5069E-7	1.2192E-6
1.6702E+1	-1.4741E-6	-2.0107E-6	-2.1926E-6	-3.1001E-6	-3.0828E-6	-3.9605E-6	-4.3058E-6	-4.6597E-6	-3.6501E-6	-2.7405E-6	-2.3150E-6	-2.5722E-6	-1.3599E-6	-1.1036E-6	-1.6733E-6	-1.0573E-6	-1.4191E-6	-1.1579E-7	3.3196E-7	5.1814E-7	3.6962E-7	4.0221E-7	3.8028E-7	3.6928E-7	-8.4477E-7	-6.7151E-7	1.5312E-7	-9.1879E-7	-2.5076E-7	7.7423E-8	-1.4163E-7	6.1113E-7	1.0285E-6	1.2501E-6	1.6982E-6	1.2124E-6	1.2700E-6	1.2404E-6	2.2689E-6	2.0431E-6	1.8331E-6	2.3218E-6	2.5726E-6	1.8123E-6	1.7223E-6	1.3604E-6	1.3200E-6	1.3461E-6	1.3550E-6	1.8675E-6	1.4707E-6	1.0511E-6	8.3090E-7	8.8430E-7	8.5431E-7	5.3991E-7
1.6739E+1	-1.1949E-6	-1.9326E-6	-1.8623E-6	-2.0185E-6	-2.9056E-6	-3.9222E-6	-3.6469E-6	-4.0982E-6	-3.6253E-6	-3.0509E-6	-2.1484E-6	-2.3255E-6	-1.6810E-6	-8.9320E-7	-1.2577E-6	-1.2082E-6	-6.9328E-7	-2.8233E-8	2.1871E-7	3.4014E-7	1.3094E-6	1.0419E-6	1.1353E-7	4.0743E-7	-2.9644E-7	-1.1743E-6	4.4712E-8	-5.5141E-7	2.4377E-7	-2.0492E-7	3.4266E-7	-8.8149E-8	9.3157E-7	1.3443E-6	1.7203E-6	1.0835E-6	1.0235E-6	9.5509E-7	1.3179E-6	1.4596E-6	1.4921E-6	1.8762E-6	2.0788E-6	1.8765E-6	2.3777E-6	1.5465E-6	1.3382E-6	1.5365E-6	1.0017E-6	1.1503E-6	1.1992E-6	1.0214E-6	1.0429E-6	9.9869E-7	6.5706E-7	6.7965E-7
1.6777E+1	-1.3950E-6	-2.0298E-6	-2.3991E-6	-2.1128E-6	-2.4476E-6	-3.1788E-6	-3.5273E-6	-3.7758E-6	-3.0082E-6	-2.8007E-6	-2.3156E-6	-2.6250E-6	-2.1121E-6	-1.6276E-6	-1.5276E-6	-5.8208E-7	-1.2588E-6	-8.8242E-7	-3.5335E-7	6.8566E-7	-1.4412E-7	3.8742E-7	5.2306E-7	3.5163E-9	-1.2744E-7	2.4738E-8	-3.1940E-7	-6.5782E-7	3.1856E-7	5.3562E-7	-4.0039E-7	1.6353E-7	1.3706E-7	1.2401E-6	1.3674E-6	9.5661E-7	1.2187E-6	1.2316E-6	6.4644E-7	1.4433E-6	1.1126E-6	1.4265E-6	1.0999E-6	1.0954E-6	1.4037E-6	1.9545E-6	1.6805E-6	1.6868E-6	1.4552E-6	1.3115E-6	1.3249E-6	1.0791E-6	8.8570E-7	1.0748E-6	1.2400E-6	3.6350E-7
1.6815E+1	-1.4935E-6	-1.1591E-6	-1.9664E-6	-1.4602E-6	-2.6314E-6	-2.8540E-6	-2.7349E-6	-2.7037E-6	-2.9914E-6	-2.3628E-6	-2.1063E-6	-1.1683E-6	-1.7492E-6	-1.0502E-6	-2.2561E-6	-1.0817E-6	-5.3077E-7	-3.5429E-7	-8.2524E-7	3.5649E-7	1.0594E-6	2.9880E-7	-2.8041E-8	3.6500E-7	-9.0081E-7	-3.1669E-7	-3.3851E-7	-5.8348E-7	-2.7516E-7	1.9437E-7	3.6861E-7	2.1648E-7	5.1535E-7	4.1737E-7	1.3351E-6	1.0166E-6	8.2487E-7	2.1350E-6	5.4192E-7	9.0154E-7	7.8145E-7	1.1600E-6	1.8712E-6	8.3657E-7	9.7553E-7	7.6615E-7	1.4836E-6	1.1180E-6	1.4480E-6	7.1200E-7	9.3223E-7	7.7070E-7	1.2230E-6	2.7051E-7	7.1747E-7	3.0776E-7
1.6853E+1	-1.4970E-6	-1.2593E-6	-1.4110E-6	-1.4740E-6	-1.9491E-6	-2.3849E-6	-2.5768E-6	-2.3624E-6	-2.3976E-6	-2.5298E-6	-2.6187E-6	-1.6102E-6	-6.9079E-7	-8.5069E-7	-9.0822E-7	-1.2280E-6	-1.0784E-6	-6.9154E-7	1.7401E-8	2.3783E-8	-3.2987E-7	4.8202E-7	4.4890E-7	4.7642E-7	-2.9399E-7	-4.8819E-7	-5.3557E-7	-4.8318E-7	-4.6584E-7	-6.6693E-7	-6.8463E-7	7.2660E-8	4.2490E-7	5.8367E-7	-2.3717E-8	1.0263E-6	1.1924E-6	1.0387E-6	1.3688E-6	7.5883E-7	1.4677E-6	-1.3949E-7	1.5923E-6	1.8196E-6	1.4314E-6	1.2604E-6	1.0501E-6	1.5019E-6	1.3768E-6	1.0337E-6	1.2934E-6	8.4556E-7	9.8007E-7	4.1557E-7	5.8043E-7	1.0605E-7
1.6891E+1	-1.1201E-6	-1.7820E-6	-8.2125E-7	-8.6842E-7	-2.2799E-6	-2.3446E-6	-2.2927E-6	-1.6332E-6	-2.1312E-6	-1.5921E-6	-2.2738E-6	-1.6934E-6	-1.4399E-6	-4.6074E-7	-1.2598E-6	-7.8193E-7	-8.8383E-7	-9.1407E-8	-4.7944E-7	1.1350E-6	1.3735E-7	3.0955E-7	3.0443E-7	1.2281E-6	-2.0670E-7	-2.8897E-7	-2.7953E-7	-9.9129E-8	-1.6461E-7	-1.5112E-7	-3.8714E-7	-4.9910E-8	1.4359E-7	3.1439E-7	3.5771E-7	-5.1955E-7	1.0847E-6	1.2328E-6	1.0441E-6	6.2065E-7	3.0025E-7	1.2195E-6	-5.9923E-8	1.2701E-6	1.5345E-6	1.6979E-6	8.1403E-7	9.2095E-7	1.4543E-6	5.5275E-7	6.4094E-7	9.5073E-7	1.3738E-6	7.4102E-7	3.7731E-7	5.2684E-7
1.6929E+1	-6.5382E-7	-1.5005E-6	-1.6645E-6	-7.5786E-7	-1.9821E-6	-2.1113E-6	-2.6774E-6	-2.0087E-6	-2.1554E-6	-1.7210E-6	-2.2210E-6	-1.0574E-6	-1.9425E-6	-9.6108E-7	-8.5231E-7	-9.1888E-7	-1.3812E-6	-6.6086E-7	-1.2383E-7	-4.9367E-7	-4.5282E-8	-4.6736E-7	-3.9347E-8	6.0180E-8	4.0118E-7	-5.7763E-7	1.0641E-7	-1.1947E-8	-5.3605E-7	1.4560E-7	-4.4195E-7	2.7765E-7	2.9259E-7	4.8450E-7	4.1315E-7	7.3424E-7	5.4581E-8	3.6616E-7	9.7767E-7	1.5947E-6	3.5751E-7	5.7053E-7	1.0602E-6	3.3420E-7	1.5411E-6	1.4054E-6	1.5616E-6	1.1118E-6	1.3772E-6	1.7886E-6	8.9119E-7	-1.4911E-9	5.4884E-7	7.0198E-7	1.0209E-6	7.0306E-7
1.6967E+1	-4.1270E-7	-6.2708E-7	-6.3040E-7	-9.6404E-7	-1.7311E-6	-1.8175E-6	-1.7200E-6	-1.6913E-6	-1.7590E-6	-8.3881E-7	-2.0197E-6	-8.2654E-7	-1.0507E-6	-1.5074E-6	-7.1030E-7	-8.5084E-7	2.1891E-7	-6.8545E-7	2.9903E-7	-1.1065E-7	-1.1966E-7	1.2744E-7	-5.6211E-7	-3.0607E-7	-7.5616E-7	-1.5660E-7	-5.3481E-7	1.0202E-7	-7.7468E-7	3.9464E-8	-4.7829E-7	-8.0169E-8	-3.7606E-7	7.7123E-8	1.6262E-7	3.3850E-7	9.6095E-7	4.6070E-7	4.8408E-7	9.9078E-8	7.6900E-7	5.7641E-7	5.4010E-7	3.2946E-7	1.4181E-6	8.1450E-7	5.4702E-7	6.6248E-7	7.1330E-7	1.1463E-6	1.9363E-6	5.5995E-7	1.0005E-6	3.4326E-7	1.1095E-7	2.4647E-7
1.7005E+1	-8.4860E-7	-7.5460E-7	-7.8963E-7	-1.3942E-6	-1.9611E-6	-1.7585E-6	-1.0423E-6	-1.4469E-6	-1.9203E-6	-1.3898E-6	-1.5230E-6	-1.0613E-6	-7.5241E-7	-1.1785E-6	-9.6960E-7	-1.2243E-6	-1.8062E-7	4.7609E-7	-2.7395E-8	4.9082E-7	-3.9972E-7	1.4728E-7	-8.6480E-8	-6.8512E-7	-7.2847E-7	-1.7833E-7	4.8781E-7	-1.3158E-7	-8.4972E-7	7.2502E-7	-2.7684E-7	1.7115E-7	-3.6791E-7	6.7223E-8	4.2174E-8	2.0174E-7	1.0286E-7	-8.3653E-8	1.4276E-6	2.5370E-7	5.5352E-7	8.4991E-7	8.6913E-7	5.5694E-7	1.4319E-6	1.1200E-6	9.8670E-7	4.0807E-7	5.1008E-7	1.1530E-6	8.6826E-7	4.3657E-7	7.4623E-7	1.3980E-6	9.9891E-7	1.3733E-7
1.7042E+1	-1.1952E-6	-4.7936E-7	-1.7746E-7	-8.7180E-7	-1.9261E-6	-1.9797E-6	-1.2416E-6	-3.2857E-7	-1.1333E-6	-8.6683E-7	-1.7488E-6	-1.0027E-6	-8.5148E-7	-5.3143E-7	-7.7052E-7	-1.1208E-6	-1.1419E-6	2.9876E-7	-4.9364E-7	4.8890E-7	5.8856E-7	3.0598E-7	1.2948E-7	-8.2995E-8	-1.1933E-6	-5.2076E-7	-3.3599E-7	3.1384E-7	-1.2870E-6	-4.3281E-7	3.4652E-7	2.7936E-7	-3.7187E-7	9.3656E-8	5.5374E-7	-2.6175E-8	4.0500E-7	-2.5068E-7	7.8218E-8	-2.7066E-7	1.8189E-7	6.4504E-7	3.8633E-7	7.5495E-7	1.4859E-6	8.4095E-7	6.8686E-7	6.1352E-7	-2.4386E-7	1.2728E-6	1.3420E-6	5.3357E-7	5.8474E-7	6.6671E-7	8.9289E-7	5.0461E-7
1.7080E+1	-1.2357E-6	-1.0976E-6	-1.4553E-6	-1.1467E-6	-1.2500E-6	-1.1871E-6	-1.1809E-6	-1.0270E-6	-6.4671E-7	-1.3340E-6	-7.9780E-7	-9.0759E-7	-9.3395E-7	-6.4670E-7	-5.2598E-7	-3.0169E-7	-5.8331E-7	-1.3876E-7	-4.9310E-7	-7.1299E-7	2.6777E-7	-2.2515E-7	2.8707E-7	1.9617E-7	1.3708E-7	-1.9675E-7	4.0000E-7	-1.6134E-7	2.0293E-7	-8.8158E-7	-5.8757E-7	5.0318E-7	-1.9138E-7	3.4580E-7	4.1351E-7	5.5054E-7	-1.6489E-7	2.8107E-7	1.0072E-6	-3.5983E-7	3.2443E-7	2.8298E-7	6.1152E-7	3.5527E-7	6.9258E-7	8.3572E-7	1.2200E-6	1.1306E-6	1.9832E-7	5.4197E-7	6.2210E-7	5.8155E-7	6.3467E-7	4.9554E-7	6.9287E-7	4.4920E-7
1.7118E+1	-7.3563E-7	-2.8100E-7	-4.6183E-7	-1.3968E-6	-1.3597E-6	-1.5011E-6	-6.5470E-7	-1.4311E-6	-2.5074E-7	-1.2130E-6	-1.1477E-6	-8.6304E-7	-2.5310E-7	-7.2954E-7	-2.8057E-7	-1.3128E-6	-2.5915E-8	-3.1096E-7	-1.9738E-7	-1.9624E-7	2.7688E-7	-2.8977E-7	-6.8712E-7	-4.0781E-7	-4.3790E-7	-6.2099E-7	-1.0584E-7	-3.3770E-7	-2.9665E-7	-2.0553E-7	-5.2815E-7	2.3607E-9	-6.9103E-7	4.3168E-7	3.4089E-7	1.9104E-7	5.1433E-7	-7.0842E-7	5.4397E-7	8.7687E-9	7.2194E-7	4.1363E-7	6.8782E-7	6.5208E-7	5.6732E-7	-6.4567E-7	1.5119E-8	9.7410E-7	7.4487E-7	1.2477E-6	7.4259E-7	9.0726E-7	4.9742E-7	1.4526E-7	2.2510E-7	-4.0623E-7
1.7156E+1	-5.2242E-7	-6.3010E-7	-3.4530E-7	-1.0329E-7	-2.7201E-7	-1.1038E-6	-4.4136E-7	-1.1887E-6	-6.9712E-7	-1.3487E-6	-2.7970E-7	-7.6178E-7	-2.2399E-7	-6.7643E-7	4.0232E-8	-2.0982E-8	-2.3109E-7	1.1028E-7	-9.3405E-7	1.5234E-7	3.0078E-7	4.0886E-7	4.0632E-7	-7.8586E-8	1.8222E-7	-3.8024E-7	-1.7293E-7	3.3393E-7	-8.0898E-7	-6.7875E-7	-6.1726E-7	4.1991E-7	-7.9652E-7	-5.5792E-8	1.2782E-7	-5.2298E-7	2.4793E-7	2.0283E-7	-2.3720E-7	-1.5838E-7	2.2319E-7	5.0840E-7	1.2226E-6	7.6897E-7	4.2584E-7	6.5434E-7	-3.7008E-7	4.6957E-7	6.1620E-8	1.2310E-6	-4.8760E-8	1.1057E-6	9.6095E-7	2.3930E-7	6.3725E-7	4.6339E-7
1.7194E+1	-2.5857E-7	-8.8895E-7	-3.7225E-7	-2.8542E-7	-1.7401E-7	-6.3466E-7	-8.6143E-7	-9.7981E-7	-3.4931E-7	-1.6963E-6	-1.2196E-6	-9.4949E-7	-9.7162E-8	-4.6136E-7	-5.1816E-7	-5.9961E-7	2.0722E-7	2.9781E-7	-3.5741E-7	-4.3429E-7	1.6605E-7	-1.4439E-7	4.6722E-8	7.5124E-8	2.7335E-8	5.1813E-7	-8.0029E-7	9.5772E-7	3.8800E-7	-5.1220E-7	-2.0458E-7	-4.3199E-8	-2.3110E-8	-2.6900E-7	3.8671E-7	5.1395E-8	-4.3516E-7	-8.8724E-8	1.2225E-7	-2.1731E-8	2.4062E-7	-5.8892E-7	2.7486E-7	8.9547E-7	-3.0790E-7	-3.6124E-7	6.2317E-8	2.3203E-7	2.7538E-7	1.1760E-6	6.0410E-7	3.3882E-7	6.0605E-7	4.9242E-7	-1.7523E-7	5.4629E-7
1.7232E+1	-2.7217E-7	-8.0612E-7	-1.1414E-6	-2.1550E-7	-4.0576E-7	-4.4247E-7	-2.4380E-7	-4.6558E-7	5.9083E-8	-1.0724E-6	8.1248E-8	-1.1148E-6	-1.0717E-6	-9.8564E-7	-4.1512E-7	-3.2943E-7	-5.8710E-7	-5.4637E-7	-3.8814E-7	-1.0106E-7	-2.6756E-7	3.2369E-8	-6.3097E-8	-2.2728E-7	-4.2360E-7	-3.4052E-8	-3.4245E-7	-5.8979E-7	2.7173E-7	-5.7348E-7	-3.1043E-7	8.9367E-8	-1.4036E-7	3.8564E-7	-3.0723E-7	1.6471E-7	7.3146E-7	-5.4594E-8	-5.1318E-8	4.0700E-7	3.5589E-7	3.1876E-7	2.2896E-7	5.4573E-7	3.6902E-7	-5.6606E-7	-4.4109E-7	4.3904E-8	-5.4016E-7	3.3600E-7	4.1565E-7	9.5874E-7	2.4233E-7	7.3059E-7	4.0853E-7	3.1589E-8
1.7270E+1	-9.9463E-8	2.6630E-7	-2.7566E-7	-6.8254E-7	-1.0316E-6	-8.8833E-7	-1.3241E-6	-4.2594E-7	1.9649E-7	-6.8537E-7	6.9121E-9	8.4431E-7	8.9811E-8	1.3724E-7	-8.4496E-7	-2.0549E-7	6.3669E-7	-4.9925E-7	-5.1835E-7	-3.3594E-7	1.3186E-7	-1.4698E-7	-6.2053E-8	-3.5916E-7	2.5281E-7	2.8620E-7	-2.0809E-7	1.4425E-7	-3.1903E-7	2.7662E-7	-7.2430E-7	-5.5922E-7	-5.4317E-7	-2.9025E-7	7.2980E-7	-5.5591E-7	1.8952E-7	7.9307E-7	4.8964E-9	5.3849E-7	8.3676E-8	-5.1772E-7	-1.8767E-7	2.7318E-7	1.9104E-7	2.7166E-7	-4.4647E-7	-1.3053E-7	2.1909E-7	-2.5635E-7	-3.2606E-7	6.1162E-7	3.0633E-7	5.3083E-7	5.4242E-7	4.9360E-7
1.7307E+1	-3.8414E-7	-4.9048E-7	-5.5060E-7	2.0961E-7	-1.0185E-6	-5.5331E-7	-1.2145E-6	-8.1649E-7	-8.5714E-7	-1.0617E-6	-4.8341E-7	-5.4049E-7	-5.9735E-7	2.4074E-7	-6.5773E-8	-1.2020E-6	4.3781E-8	-2.2250E-7	-1.0242E-7	-4.6245E-7	-2.6259E-7	8.4853E-8	1.5576E-7	-4.2935E-7	-6.1031E-7	-1.0323E-9	-4.6801E-8	-7.0627E-8	-1.0216E-7	-8.3856E-9	7.1962E-7	-4.2545E-7	2.9066E-7	-2.3897E-7	-1.9249E-8	6.3463E-7	-1.4455E-7	8.5307E-7	6.3704E-7	1.0421E-6	6.2249E-7	4.2867E-7	-2.0131E-7	1.6816E-7	-9.6579E-8	2.8405E-7	3.9396E-7	-5.3338E-7	-6.3256E-8	8.1394E-7	-2.6520E-7	-4.7114E-8	3.0873E-7	5.5246E-7	1.0127E-7	6.1148E-7
1.7345E+1	1.6599E-7	5.3487E-7	-7.5002E-7	-4.9265E-7	-4.7641E-7	-5.8648E-7	-5.0106E-7	-5.8808E-7	-2.5005E-7	-3.7761E-7	-6.6884E-7	-1.9812E-7	-6.3437E-7	5.1672E-8	2.5744E-7	-5.1472E-7	-4.0593E-7	-6.9019E-7	-1.3867E-7	-4.7736E-7	-4.2966E-7	-9.0120E-7	-4.2625E-7	-6.1857E-7	2.4824E-7	-3.1204E-7	-2.6369E-7	-6.1158E-7	-3.1717E-7	-4.0217E-7	1.8304E-7	-4.6522E-7	-7.8412E-7	2.0304E-7	-2.3436E-7	-3.4814E-7	-1.0407E-7	2.6223E-7	5.6560E-7	4.6557E-7	4.5552E-7	4.4757E-7	2.4126E-7	1.6636E-7	2.2822E-7	1.1727E-7	6.7974E-7	-2.3264E-7	-3.0238E-7	2.6306E-8	8.8119E-7	2.6501E-7	5.0653E-8	5.9701E-7	3.8204E-7	-2.3423E-7
1.7383E+1	-2.7063E-8	-1.7116E-7	2.0624E-7	-2.8886E-7	-2.5795E-7	-3.6446E-7	-2.9019E-7	-6.5628E-8	-1.3168E-6	2.9357E-7	1.8199E-7	-1.0701E-6	-3.2165E-7	-6.3134E-7	-1.4679E-8	-9.3566E-10	3.8397E-8	-1.6688E-7	4.2664E-7	1.4212E-8	1.8771E-7	-4.1489E-7	-7.9735E-8	-1.1431E-6	-7.3079E-7	-3.6718E-7	5.2582E-7	-2.9916E-7	-7.5326E-8	-4.2318E-7	2.6432E-7	4.1310E-7	-8.1019E-8	-4.8044E-8	2.9668E-7	-7.7268E-8	-5.0678E-7	-2.4078E-7	5.0681E-7	-1.2569E-7	-5.5769E-7	-1.7853E-7	4.7492E-8	3.6791E-8	6.6382E-8	1.4392E-7	6.5365E-7	3.1639E-7	-6.4403E-8	2.4716E-8	-2.4417E-8	4.7070E-7	1.9980E-7	1.8063E-7	1.5421E-7	7.9991E-7
1.7421E+1	9.7027E-7	2.3461E-7	-3.1386E-7	1.0757E-7	-4.6470E-8	3.3702E-8	6.6880E-8	1.4475E-7	-2.7391E-7	-5.0063E-7	4.8756E-7	-4.9621E-7	-1.0129E-7	2.9613E-7	-9.4182E-7	2.9432E-7	-1.7075E-7	-5.5221E-7	2.2349E-7	7.8829E-10	4.2992E-7	-1.3883E-7	3.5623E-8	1.1172E-8	5.6305E-8	-8.3809E-7	-7.9178E-8	7.1078E-9	-2.2381E-7	4.3134E-7	-1.1099E-7	7.9242E-9	-3.8448E-8	-1.8692E-7	4.5598E-7	3.2612E-7	7.8946E-7	1.2575E-7	1.0625E-6	5.3583E-7	-2.9008E-8	-2.1911E-8	-5.8702E-7	-5.5769E-7	-4.7239E-7	-2.7711E-7	1.8854E-7	2.8120E-8	2.1211E-7	-2.4053E-8	2.9988E-7	5.7659E-7	-4.7855E-8	1.3321E-7	-3.5901E-7	-8.9812E-8
