0.0000E+0	1.4422E+1	1.4478E+1	1.4533E+1	1.4589E+1	1.4644E+1	1.4700E+1	1.4755E+1	1.4811E+1	1.4866E+1	1.4922E+1	1.4977E+1	1.5033E+1	1.5088E+1	1.5143E+1	1.5199E+1	1.5254E+1	1.5310E+1	1.5365E+1	1.5421E+1	1.5476E+1	1.5532E+1	1.5587E+1	1.5643E+1	1.5698E+1	1.5754E+1	1.5809E+1	1.5865E+1	1.5920E+1	1.5976E+1	1.6031E+1	1.6087E+1	1.6142E+1	1.6197E+1	1.6253E+1	1.6308E+1	1.6364E+1	1.6419E+1	1.6475E+1	1.6530E+1	1.6586E+1	1.6641E+1	1.6697E+1	1.6752E+1	1.6808E+1	1.6863E+1	1.6919E+1	1.6974E+1	1.7030E+1	1.7085E+1	1.7140E+1	1.7196E+1	1.7251E+1	1.7307E+1	1.7362E+1	1.7418E+1	1.7473E+1
1.4430E+1	3.0153E-8	8.4526E-8	9.0871E-8	1.0263E-7	9.9490E-8	7.6719E-8	9.2609E-8	3.8137E-8	9.5367E-9	2.2172E-8	1.1652E-8	-3.7258E-8	-1.8017E-8	-1.2302E-8	1.8251E-8	-5.4975E-8	-4.0138E-8	-3.5785E-8	-6.9725E-9	-3.6109E-8	-2.3258E-8	-3.5775E-8	-1.5787E-8	-2.2262E-8	-4.2368E-8	7.3597E-9	-9.9026E-9	1.1325E-8	-4.1912E-8	-3.1622E-8	-3.7165E-8	-2.5858E-8	-3.7373E-8	-4.4370E-8	-6.4085E-9	-4.6715E-8	-4.5804E-8	-2.3499E-8	-2.6200E-8	-6.4725E-8	-2.5194E-8	-2.8970E-8	-5.0975E-9	1.7181E-8	1.0455E-8	-2.5195E-8	-1.4493E-8	-4.1392E-8	1.4257E-9	-1.8203E-8	-1.0704E-8	-1.6056E-8	-7.2702E-9	7.0034E-9	-3.2995E-9	9.0413E-9
1.4468E+1	9.3801E-8	6.9195E-8	1.7202E-7	1.7743E-7	2.1601E-7	1.6186E-7	1.0321E-7	8.2261E-8	3.9128E-8	9.6176E-9	3.5767E-9	-2.7241E-8	2.5337E-8	3.4265E-9	2.9696E-8	-2.4023E-8	-4.0209E-8	-4.2716E-8	-2.6657E-8	-5.9269E-8	-6.0837E-8	-6.4770E-8	-3.6165E-8	-3.1222E-8	-5.7297E-8	-2.7643E-8	-2.0918E-8	-1.8206E-9	2.3081E-8	-4.8795E-8	-1.2085E-8	-7.7040E-8	9.0611E-9	-9.6743E-8	4.5462E-9	-2.5471E-8	-5.5515E-8	-2.8911E-8	-2.1086E-8	-6.8342E-8	-4.7424E-8	-6.0850E-8	-6.7571E-8	-3.9112E-8	-1.0013E-8	-2.8762E-8	-2.9613E-8	-1.1912E-8	-6.8394E-8	-2.9801E-8	-5.5421E-8	-3.0952E-8	1.9757E-8	-3.1875E-8	-2.8415E-8	1.4933E-8
1.4505E+1	1.3895E-7	1.7079E-7	1.9956E-7	2.8494E-7	2.8553E-7	2.7749E-7	1.7322E-7	1.2087E-7	5.7985E-8	5.1139E-8	-1.8325E-8	-1.2891E-8	-6.5743E-9	-1.4412E-8	1.8989E-9	1.1217E-8	-7.4358E-9	-4.1553E-8	-4.7236E-8	-9.0887E-8	-8.4458E-8	-5.4251E-8	-7.3483E-8	-5.8431E-8	-3.5716E-8	-5.8130E-8	-5.2400E-8	-6.0458E-8	1.3295E-8	-5.1041E-8	-6.9059E-8	-6.9517E-8	-3.9651E-8	-4.3746E-8	-6.3160E-8	-2.6085E-8	-2.7358E-8	-3.0421E-8	-5.5737E-8	-3.9223E-8	-7.2349E-9	-4.0969E-8	-6.9383E-8	-4.1522E-8	-4.4850E-8	-4.3738E-8	-5.6953E-8	-5.3689E-8	-3.8544E-8	-4.0238E-8	-4.0399E-8	-3.5266E-8	7.8417E-9	-4.5480E-8	-8.2096E-8	-3.0003E-8
1.4543E+1	2.7279E-7	3.0408E-7	4.6889E-7	5.4010E-7	5.1292E-7	4.4122E-7	3.2925E-7	2.5123E-7	1.2052E-7	6.7578E-8	2.2046E-8	3.5896E-8	6.9389E-8	8.4769E-8	2.5221E-8	4.8459E-8	5.8669E-8	-1.9067E-8	-7.6070E-8	-1.3325E-7	-1.1543E-7	-1.0257E-7	-1.0612E-7	-4.9352E-8	-3.5391E-8	-9.8495E-9	-5.0015E-8	-6.0724E-8	-2.3028E-8	-5.9644E-8	-7.2708E-8	-8.3641E-8	-1.0769E-7	-8.2155E-8	-8.1330E-8	-1.2569E-7	-7.1959E-8	-5.1668E-8	-1.2792E-7	-1.0559E-7	-5.8350E-8	-6.4036E-8	-7.9780E-8	-9.0976E-8	-8.7950E-8	-3.8029E-8	-6.7843E-8	-1.0040E-7	-9.1623E-8	-4.4875E-8	-6.6314E-8	8.3917E-9	-3.3880E-8	-6.1256E-8	-7.1355E-8	-5.0676E-8
1.4581E+1	3.1778E-7	3.6216E-7	6.2479E-7	9.4555E-7	9.2268E-7	8.2878E-7	5.9908E-7	4.4683E-7	2.6911E-7	1.5982E-7	5.9835E-8	7.2797E-8	7.6753E-8	1.7308E-7	1.5989E-7	1.2223E-7	1.4838E-7	1.0709E-7	-2.6642E-8	-1.4725E-7	-5.0392E-8	-7.9227E-8	-1.4838E-7	-6.3760E-8	-6.2375E-8	1.6437E-8	4.7137E-9	3.8151E-8	8.8540E-8	-1.8013E-8	-3.1062E-8	-9.2546E-9	-1.3110E-7	-5.3832E-8	-7.3262E-8	-1.2451E-7	-1.3489E-7	-7.6864E-8	-1.1815E-7	-1.2061E-7	-1.1798E-7	-1.4028E-7	-6.2659E-8	-6.8396E-8	-1.5601E-7	-8.1812E-8	-1.4092E-7	-1.3669E-7	-9.0628E-8	-9.7649E-8	-1.2266E-7	-2.3078E-8	-6.8018E-8	-1.0783E-7	-8.7551E-8	-4.7729E-8
1.4619E+1	2.9079E-7	4.4443E-7	7.2633E-7	1.3971E-6	1.6119E-6	1.4407E-6	1.0186E-6	6.3872E-7	3.7187E-7	2.2331E-7	1.9659E-7	1.2745E-7	1.6022E-7	2.3519E-7	2.4748E-7	2.3261E-7	1.6783E-7	1.7439E-7	1.4646E-7	-1.7239E-7	-1.0693E-7	-8.4620E-8	-1.0732E-7	-7.9037E-8	-8.8810E-8	-5.2917E-8	2.3750E-8	1.0027E-7	1.5964E-7	1.0882E-7	7.7873E-8	1.1247E-8	-1.0936E-7	-1.1027E-7	-1.0520E-7	-1.3051E-7	-1.4584E-7	-1.6963E-7	-1.8806E-7	-1.6350E-7	-1.4289E-7	-2.1421E-7	-1.8217E-7	-1.0960E-7	-1.1608E-7	-8.6215E-8	-1.5888E-7	-1.7421E-7	-1.0308E-7	-1.4093E-7	-1.4853E-7	-1.5036E-7	-1.3434E-7	-1.3590E-7	-1.4347E-7	-1.2352E-7
1.4657E+1	2.2885E-7	3.7730E-7	5.7528E-7	1.5414E-6	2.7339E-6	2.6035E-6	1.9097E-6	1.1589E-6	7.1645E-7	4.0600E-7	3.5783E-7	3.7573E-7	2.5509E-7	3.9834E-7	4.9189E-7	4.1658E-7	3.3965E-7	3.2913E-7	4.1579E-7	1.5020E-7	-7.6616E-8	-7.6971E-8	-6.0314E-8	-3.7010E-8	-2.1982E-8	8.8865E-9	2.1709E-8	3.0540E-7	2.7478E-7	2.7516E-7	2.9917E-7	1.6414E-7	2.1808E-8	2.8709E-8	-1.1227E-7	-6.0340E-8	-1.1728E-7	-8.5946E-8	-1.7232E-7	-2.3976E-7	-2.0569E-7	-1.6409E-7	-1.6774E-7	-2.1961E-7	-1.9998E-7	-1.6639E-7	-2.0564E-7	-1.5694E-7	-1.0516E-7	-1.6451E-7	-1.6980E-7	-1.0647E-7	-1.8434E-7	-1.2903E-7	-1.5514E-7	-1.4833E-7
1.4695E+1	2.1824E-7	3.7137E-7	2.0119E-6	5.5348E-6	2.7223E-5	3.9526E-5	2.9627E-5	1.9742E-5	1.1206E-5	7.5754E-6	4.9384E-6	6.4102E-6	5.5194E-6	4.6677E-6	6.5193E-6	7.7117E-6	4.7606E-6	5.3196E-6	6.0572E-6	5.1028E-6	1.6930E-6	3.1290E-7	-6.3311E-8	7.2056E-7	-2.7334E-7	1.3752E-6	9.8134E-7	3.3460E-6	5.1035E-6	4.7051E-6	5.7810E-6	3.7372E-6	2.7784E-6	1.7599E-6	6.8791E-7	7.2978E-7	1.0262E-7	-3.6756E-7	6.3306E-7	-8.1186E-7	-1.5471E-6	-1.3549E-6	-9.6552E-7	-1.0612E-6	-9.5730E-7	-1.0822E-6	-2.0836E-6	-1.0321E-6	-1.3468E-6	-1.5032E-6	-1.7223E-6	-1.4698E-6	-4.6365E-7	-1.0147E-6	-1.0190E-6	-1.8417E-6
1.4733E+1	-1.2615E-6	-1.7019E-6	-2.0922E-6	-3.8169E-7	1.0799E-5	4.4332E-5	4.5831E-5	3.1922E-5	1.9704E-5	9.9993E-6	6.5771E-6	5.4307E-6	7.6363E-6	6.4803E-6	5.9497E-6	8.7048E-6	8.7581E-6	6.3289E-6	7.4729E-6	8.1743E-6	5.2459E-6	2.7714E-6	4.4538E-7	1.6711E-6	8.8293E-7	4.8752E-7	2.3836E-6	2.6665E-6	5.8272E-6	7.1439E-6	7.6582E-6	6.6381E-6	5.2275E-6	4.1804E-6	2.4825E-6	2.7158E-6	1.1631E-6	4.8569E-7	7.5976E-7	1.5638E-6	3.3089E-7	6.6570E-7	-7.4837E-7	-1.0738E-6	-9.3261E-7	-1.7788E-7	-1.5365E-6	-7.9977E-7	-2.4938E-7	-1.3086E-6	-4.1588E-7	-7.2599E-7	-9.1506E-7	-1.5956E-7	-8.2844E-7	-1.0380E-6
1.4770E+1	-5.1767E-6	-4.2687E-6	-7.3496E-6	-6.8560E-6	-4.3814E-6	2.4766E-5	6.2483E-5	5.0048E-5	3.4018E-5	1.6495E-5	1.0242E-5	5.0617E-6	7.9198E-6	9.0394E-6	7.1189E-6	7.3462E-6	1.0375E-5	9.1433E-6	6.6587E-6	9.2374E-6	9.6044E-6	6.3811E-6	2.6735E-6	2.3057E-6	2.4556E-6	1.3960E-6	2.2326E-6	3.4749E-6	4.4771E-6	9.6196E-6	9.6664E-6	9.9989E-6	8.3732E-6	6.5039E-6	5.3577E-6	5.1912E-6	3.4343E-6	2.6565E-6	2.2039E-6	2.3168E-6	2.5809E-6	1.9614E-6	1.6354E-6	4.6612E-7	2.1355E-7	7.5288E-7	8.7001E-8	-8.5515E-7	-7.3789E-7	1.3806E-8	-1.5904E-7	7.4014E-7	-3.0697E-7	-7.0710E-8	-5.7251E-7	-9.8162E-7
1.4808E+1	-7.6441E-6	-9.5631E-6	-9.2689E-6	-1.4512E-5	-1.2493E-5	-3.8712E-6	5.0754E-5	7.8396E-5	5.1516E-5	3.0576E-5	1.3925E-5	8.6610E-6	6.3093E-6	1.1627E-5	9.4276E-6	8.3809E-6	1.0071E-5	1.1643E-5	8.3918E-6	8.5494E-6	1.1501E-5	1.1209E-5	5.4467E-6	3.7613E-6	2.3506E-6	2.2677E-6	1.5423E-6	4.4720E-6	3.5053E-6	8.4693E-6	1.1536E-5	1.2162E-5	1.1802E-5	9.5905E-6	8.0724E-6	7.3434E-6	5.5199E-6	5.2715E-6	4.9758E-6	4.1083E-6	4.3660E-6	3.4421E-6	2.2985E-6	2.4240E-6	8.4689E-7	1.6978E-6	1.5833E-6	2.0882E-6	3.7956E-9	1.1007E-6	1.4951E-6	1.2320E-6	2.6548E-7	9.2412E-7	5.6309E-7	2.6138E-7
1.4846E+1	-1.2107E-5	-1.3479E-5	-1.6168E-5	-1.9288E-5	-2.3281E-5	-1.9351E-5	5.5276E-6	7.7373E-5	7.9098E-5	4.7694E-5	2.5961E-5	1.1966E-5	1.0388E-5	9.8576E-6	1.3237E-5	9.7070E-6	1.0555E-5	1.1989E-5	1.1240E-5	9.1573E-6	1.1415E-5	1.3870E-5	1.1373E-5	6.6152E-6	4.2483E-6	3.4029E-6	2.3713E-6	3.3941E-6	4.8659E-6	5.8811E-6	1.1305E-5	1.3837E-5	1.3537E-5	1.2355E-5	1.1320E-5	9.8558E-6	7.7237E-6	6.9686E-6	7.3031E-6	6.5672E-6	6.3409E-6	5.3208E-6	4.5630E-6	4.6010E-6	3.5094E-6	2.5561E-6	2.6353E-6	2.9679E-6	2.1046E-6	1.8231E-6	2.5557E-6	2.4386E-6	1.3603E-6	1.2080E-6	1.6303E-6	1.1625E-6
1.4884E+1	-1.4394E-5	-1.5889E-5	-1.9741E-5	-2.3428E-5	-2.9632E-5	-2.8697E-5	-2.0987E-5	2.7755E-5	9.3668E-5	6.9807E-5	4.0374E-5	1.8302E-5	1.2729E-5	1.0337E-5	1.1544E-5	1.1842E-5	9.3870E-6	1.0866E-5	1.2758E-5	1.0501E-5	9.7225E-6	1.1998E-5	1.3197E-5	9.8069E-6	6.0572E-6	3.5519E-6	4.6283E-6	2.9478E-6	4.6834E-6	5.8007E-6	8.2016E-6	1.3381E-5	1.4334E-5	1.3266E-5	1.3916E-5	1.1647E-5	1.0292E-5	7.8729E-6	8.1162E-6	7.5051E-6	7.5877E-6	6.0672E-6	5.9575E-6	5.7119E-6	4.9894E-6	3.9610E-6	4.7319E-6	4.2087E-6	3.6689E-6	3.2604E-6	2.5471E-6	2.9029E-6	2.6285E-6	2.5980E-6	1.9098E-6	2.6861E-6
1.4922E+1	-1.5872E-5	-1.9908E-5	-2.1890E-5	-2.9203E-5	-3.2485E-5	-4.0609E-5	-3.2045E-5	-1.5505E-5	5.8977E-5	1.0168E-4	5.9241E-5	3.5156E-5	1.6781E-5	1.5269E-5	1.1519E-5	1.4279E-5	1.0960E-5	1.0267E-5	1.1607E-5	1.3245E-5	1.0513E-5	1.0765E-5	1.3122E-5	1.2576E-5	8.7502E-6	4.9833E-6	4.1721E-6	4.7459E-6	4.3639E-6	7.1884E-6	8.5651E-6	1.1124E-5	1.4610E-5	1.3539E-5	1.5347E-5	1.4223E-5	1.2317E-5	1.0505E-5	9.0760E-6	9.5176E-6	8.5010E-6	8.1270E-6	6.7968E-6	7.7929E-6	6.3797E-6	5.3208E-6	5.2122E-6	5.5295E-6	4.3382E-6	5.0401E-6	3.1943E-6	3.3891E-6	3.2412E-6	3.9148E-6	2.8219E-6	3.2733E-6
1.4960E+1	-1.7532E-5	-2.0280E-5	-2.5787E-5	-3.0958E-5	-3.8051E-5	-4.3014E-5	-4.6446E-5	-3.3164E-5	2.8357E-7	8.5204E-5	8.8820E-5	4.6830E-5	2.8013E-5	1.6050E-5	1.5370E-5	1.2956E-5	1.5001E-5	1.1652E-5	1.2023E-5	1.1230E-5	1.1983E-5	9.4465E-6	1.1115E-5	1.2891E-5	1.1119E-5	7.1961E-6	5.1778E-6	3.5159E-6	4.7442E-6	5.8649E-6	9.5126E-6	1.0324E-5	1.3450E-5	1.4324E-5	1.4463E-5	1.5396E-5	1.3777E-5	1.1797E-5	9.8241E-6	9.9544E-6	9.8572E-6	9.6391E-6	8.2317E-6	8.0033E-6	7.7924E-6	7.1897E-6	6.8994E-6	6.0673E-6	6.4001E-6	5.5454E-6	5.1928E-6	3.7429E-6	4.1580E-6	4.3741E-6	3.8089E-6	3.7451E-6
1.4998E+1	-1.7751E-5	-1.9839E-5	-2.5666E-5	-3.1325E-5	-3.9091E-5	-4.3654E-5	-4.7548E-5	-4.2339E-5	-2.3634E-5	2.7618E-5	9.3668E-5	6.6869E-5	3.7035E-5	2.1356E-5	1.6717E-5	1.3621E-5	1.3575E-5	1.3811E-5	1.2566E-5	1.1995E-5	1.0985E-5	1.0382E-5	9.9657E-6	1.0488E-5	1.1429E-5	8.7496E-6	7.0290E-6	4.8841E-6	4.1129E-6	5.6880E-6	7.7197E-6	9.7692E-6	1.1748E-5	1.4024E-5	1.4744E-5	1.4194E-5	1.4669E-5	1.2953E-5	1.1205E-5	9.5446E-6	9.6261E-6	9.5248E-6	9.4106E-6	8.5283E-6	7.9573E-6	7.3736E-6	7.4144E-6	5.7739E-6	6.6027E-6	6.3089E-6	6.3680E-6	5.2408E-6	4.4510E-6	5.1082E-6	4.5404E-6	4.0132E-6
1.5036E+1	-1.7586E-5	-2.0862E-5	-2.4833E-5	-3.1336E-5	-3.7322E-5	-4.4091E-5	-4.5406E-5	-4.6102E-5	-3.2216E-5	-8.7459E-6	5.1139E-5	8.1020E-5	4.6802E-5	2.9080E-5	1.8077E-5	1.6034E-5	1.2369E-5	1.4047E-5	1.1999E-5	1.1571E-5	1.0468E-5	9.4687E-6	9.7358E-6	9.0281E-6	8.9192E-6	9.0778E-6	6.7561E-6	5.9660E-6	4.4439E-6	5.6858E-6	7.3090E-6	8.9898E-6	1.0507E-5	1.2434E-5	1.4347E-5	1.4389E-5	1.3355E-5	1.3367E-5	1.1825E-5	1.0695E-5	9.7972E-6	9.4447E-6	8.8126E-6	9.0186E-6	7.9786E-6	8.4166E-6	7.5438E-6	6.4951E-6	6.2627E-6	5.5577E-6	5.9953E-6	5.8129E-6	4.8130E-6	4.7796E-6	5.0196E-6	3.9166E-6
1.5073E+1	-1.7118E-5	-1.9120E-5	-2.4583E-5	-2.9113E-5	-3.6296E-5	-4.0537E-5	-4.3991E-5	-4.2044E-5	-3.6655E-5	-1.8331E-5	1.0992E-5	5.9953E-5	6.0630E-5	3.4274E-5	2.3879E-5	1.5611E-5	1.3780E-5	1.2009E-5	1.3309E-5	1.1102E-5	1.0395E-5	8.6655E-6	9.1767E-6	7.5609E-6	7.6128E-6	6.9140E-6	7.0395E-6	5.1314E-6	3.7912E-6	4.6500E-6	6.2914E-6	8.6884E-6	1.0017E-5	1.0687E-5	1.2820E-5	1.3579E-5	1.3333E-5	1.2684E-5	1.2053E-5	1.0162E-5	9.5480E-6	9.2694E-6	8.9906E-6	8.6157E-6	7.6445E-6	7.5659E-6	7.8489E-6	6.7612E-6	6.8940E-6	6.2148E-6	5.5203E-6	5.8739E-6	5.3382E-6	5.0450E-6	4.8731E-6	4.5966E-6
1.5111E+1	-1.6512E-5	-1.8757E-5	-2.2888E-5	-2.7487E-5	-3.3340E-5	-3.8473E-5	-4.1165E-5	-4.0041E-5	-3.5493E-5	-2.2853E-5	-3.3354E-6	2.3939E-5	5.5429E-5	4.3008E-5	2.7321E-5	1.9456E-5	1.3960E-5	1.2174E-5	1.1336E-5	1.2168E-5	1.0710E-5	8.5183E-6	8.5176E-6	7.1701E-6	6.4857E-6	5.4280E-6	5.3035E-6	6.1423E-6	3.9431E-6	4.1768E-6	5.5096E-6	7.7826E-6	9.6995E-6	1.0168E-5	1.1507E-5	1.2010E-5	1.1966E-5	1.1995E-5	1.1868E-5	1.0920E-5	8.9359E-6	8.3242E-6	8.4683E-6	8.2784E-6	7.3677E-6	6.6448E-6	6.2757E-6	6.9230E-6	6.1544E-6	6.0918E-6	5.2283E-6	5.2633E-6	5.2716E-6	5.0558E-6	4.4803E-6	4.3796E-6
1.5149E+1	-1.4885E-5	-1.7176E-5	-2.1030E-5	-2.5804E-5	-3.0695E-5	-3.5562E-5	-3.7443E-5	-3.7041E-5	-3.2565E-5	-2.3987E-5	-8.2101E-6	6.4564E-6	3.0425E-5	4.7236E-5	3.0225E-5	2.1619E-5	1.4410E-5	1.2411E-5	1.0416E-5	1.0333E-5	1.0681E-5	8.9406E-6	7.3983E-6	6.8671E-6	5.7043E-6	4.3518E-6	3.2731E-6	4.1929E-6	4.3426E-6	4.1355E-6	5.2509E-6	7.6710E-6	8.6005E-6	9.8604E-6	1.1064E-5	1.1187E-5	1.1387E-5	1.0792E-5	1.0697E-5	1.0418E-5	9.5219E-6	7.9740E-6	8.1619E-6	8.0876E-6	7.3742E-6	6.7552E-6	5.7059E-6	6.1875E-6	5.9582E-6	6.1523E-6	5.0801E-6	5.1936E-6	4.9807E-6	5.1166E-6	4.1800E-6	4.2695E-6
1.5187E+1	-1.4328E-5	-1.6224E-5	-1.8956E-5	-2.3248E-5	-2.8853E-5	-3.3247E-5	-3.5405E-5	-3.3451E-5	-2.9433E-5	-2.1501E-5	-1.1861E-5	5.9802E-7	1.1966E-5	3.4918E-5	3.8347E-5	2.4224E-5	1.7221E-5	1.1803E-5	1.1255E-5	9.0219E-6	9.4834E-6	7.8949E-6	7.2864E-6	6.1094E-6	5.4982E-6	3.5653E-6	3.0423E-6	3.0915E-6	3.3023E-6	3.4251E-6	4.9633E-6	6.7336E-6	8.0452E-6	8.0971E-6	9.7605E-6	1.0110E-5	1.0622E-5	1.0526E-5	9.8986E-6	9.4589E-6	8.5709E-6	7.5113E-6	6.5421E-6	7.5254E-6	6.5765E-6	6.2775E-6	5.7929E-6	6.4093E-6	5.1432E-6	5.2580E-6	4.8835E-6	4.7544E-6	4.4821E-6	4.7782E-6	3.7986E-6	4.5917E-6
1.5225E+1	-1.2705E-5	-1.5102E-5	-1.7985E-5	-2.1692E-5	-2.6441E-5	-3.0606E-5	-3.3132E-5	-3.1614E-5	-2.6284E-5	-1.9500E-5	-1.0448E-5	-2.8540E-6	5.2121E-6	1.6936E-5	3.3677E-5	3.0411E-5	1.9904E-5	1.4516E-5	1.1024E-5	9.8732E-6	8.9172E-6	7.6922E-6	6.0257E-6	6.1137E-6	4.5878E-6	3.5773E-6	2.0843E-6	3.3583E-6	3.5328E-6	3.5598E-6	4.8181E-6	6.9526E-6	7.8150E-6	8.3815E-6	7.7123E-6	9.4586E-6	9.3196E-6	9.9440E-6	9.3692E-6	9.5498E-6	8.3875E-6	7.5702E-6	6.1867E-6	6.5727E-6	6.2749E-6	4.9463E-6	5.1020E-6	5.5430E-6	5.8553E-6	4.9231E-6	4.5898E-6	4.5117E-6	3.6061E-6	4.0295E-6	3.5603E-6	3.8321E-6
1.5263E+1	-1.1888E-5	-1.3686E-5	-1.5639E-5	-2.0438E-5	-2.4743E-5	-2.8010E-5	-3.0738E-5	-2.9189E-5	-2.4222E-5	-1.8267E-5	-1.0334E-5	-3.7136E-6	2.6936E-6	9.3090E-6	2.1291E-5	3.1305E-5	2.3740E-5	1.7234E-5	1.2703E-5	1.0071E-5	8.5759E-6	7.5896E-6	6.5135E-6	5.7116E-6	4.2080E-6	3.5488E-6	1.8706E-6	2.2072E-6	2.7097E-6	3.6340E-6	4.6018E-6	5.8508E-6	7.4260E-6	8.2220E-6	8.1438E-6	8.6718E-6	8.8401E-6	8.5798E-6	8.7577E-6	8.5125E-6	8.1795E-6	7.0022E-6	6.4180E-6	6.6845E-6	6.2957E-6	5.1184E-6	5.2371E-6	4.4157E-6	4.9478E-6	4.7265E-6	5.1524E-6	4.3305E-6	3.9763E-6	3.0228E-6	3.8929E-6	4.1889E-6
1.5301E+1	-1.0695E-5	-1.3282E-5	-1.4725E-5	-1.8583E-5	-2.3312E-5	-2.5532E-5	-2.8227E-5	-2.7183E-5	-2.2861E-5	-1.6434E-5	-9.3230E-6	-4.6479E-6	-2.0011E-7	4.7967E-6	1.2116E-5	2.4125E-5	2.7681E-5	1.9998E-5	1.5386E-5	1.1767E-5	9.4806E-6	6.9801E-6	6.6222E-6	6.2477E-6	4.2098E-6	3.5103E-6	2.4704E-6	2.5894E-6	2.7964E-6	3.3580E-6	5.4495E-6	5.5548E-6	6.8909E-6	7.0660E-6	8.1215E-6	8.8648E-6	8.9895E-6	8.0805E-6	8.1499E-6	8.1774E-6	7.4344E-6	6.7482E-6	6.1014E-6	5.8487E-6	5.7608E-6	4.2316E-6	5.4157E-6	4.0368E-6	4.6574E-6	3.5806E-6	4.7376E-6	4.0425E-6	4.1075E-6	3.4916E-6	2.8005E-6	3.3259E-6
1.5338E+1	-1.0360E-5	-1.2421E-5	-1.3895E-5	-1.7662E-5	-2.1942E-5	-2.4873E-5	-2.5626E-5	-2.4180E-5	-2.2252E-5	-1.6436E-5	-9.1468E-6	-4.1979E-6	-1.0241E-6	2.0140E-6	7.2570E-6	1.4149E-5	2.4457E-5	2.3763E-5	1.7264E-5	1.3188E-5	1.0597E-5	8.5159E-6	6.5487E-6	5.9739E-6	4.4615E-6	3.3215E-6	1.9732E-6	1.7172E-6	2.3997E-6	3.0958E-6	5.0521E-6	5.7510E-6	6.9772E-6	6.8749E-6	8.0287E-6	8.4567E-6	8.3614E-6	8.6623E-6	7.8256E-6	7.7064E-6	7.5508E-6	6.6127E-6	7.3035E-6	6.3439E-6	5.0722E-6	4.5823E-6	4.6715E-6	4.4142E-6	4.1059E-6	3.6670E-6	3.6250E-6	3.2089E-6	3.5279E-6	3.8392E-6	3.9637E-6	3.1208E-6
1.5376E+1	-9.9233E-6	-1.1555E-5	-1.3397E-5	-1.6000E-5	-2.0283E-5	-2.3710E-5	-2.5459E-5	-2.2275E-5	-2.0173E-5	-1.5361E-5	-9.7981E-6	-5.2548E-6	-2.3029E-6	5.9213E-9	4.2688E-6	8.9942E-6	1.6128E-5	2.3842E-5	2.0563E-5	1.4785E-5	1.1114E-5	9.3510E-6	7.4731E-6	6.2756E-6	4.6941E-6	3.9828E-6	2.7075E-6	2.3227E-6	2.3144E-6	2.7061E-6	4.4177E-6	5.2158E-6	6.7274E-6	6.6542E-6	7.4118E-6	8.7290E-6	7.2293E-6	7.8083E-6	8.1628E-6	7.1773E-6	7.0536E-6	6.2385E-6	6.2451E-6	6.5849E-6	4.8219E-6	4.1750E-6	4.4528E-6	4.5488E-6	4.8180E-6	3.7979E-6	3.9197E-6	2.6888E-6	3.1098E-6	2.5630E-6	3.2146E-6	2.4313E-6
1.5414E+1	-9.5876E-6	-1.0618E-5	-1.2732E-5	-1.5247E-5	-1.8555E-5	-2.1940E-5	-2.3848E-5	-2.2073E-5	-1.9517E-5	-1.4587E-5	-9.5996E-6	-5.2114E-6	-2.8062E-6	-1.1449E-6	1.2325E-6	5.3459E-6	9.6565E-6	1.7820E-5	2.2418E-5	1.7021E-5	1.2801E-5	9.9036E-6	7.8828E-6	5.8062E-6	4.7591E-6	3.6817E-6	2.7292E-6	2.0018E-6	3.0070E-6	3.0802E-6	4.5305E-6	4.9616E-6	6.6256E-6	7.0337E-6	7.3307E-6	7.9071E-6	8.0088E-6	7.4711E-6	7.6960E-6	7.4625E-6	7.8782E-6	6.5959E-6	6.3329E-6	5.7391E-6	5.0510E-6	4.8221E-6	3.9246E-6	4.0048E-6	4.0591E-6	3.7388E-6	3.9687E-6	3.3807E-6	3.3643E-6	2.8617E-6	2.9347E-6	2.5228E-6
1.5452E+1	-8.5851E-6	-1.0237E-5	-1.2179E-5	-1.4604E-5	-1.7441E-5	-2.0506E-5	-2.2411E-5	-2.1399E-5	-1.8165E-5	-1.4173E-5	-9.4990E-6	-6.5064E-6	-3.2770E-6	-1.7914E-6	1.5963E-7	2.7534E-6	5.9219E-6	1.1136E-5	1.8749E-5	1.9624E-5	1.3944E-5	1.0823E-5	8.3139E-6	6.7340E-6	4.4388E-6	3.8734E-6	2.9232E-6	2.5932E-6	2.0936E-6	2.9424E-6	4.6924E-6	4.8772E-6	6.3016E-6	6.1569E-6	7.4487E-6	7.2154E-6	6.7881E-6	7.9230E-6	7.3870E-6	6.6654E-6	7.2319E-6	6.9604E-6	5.9196E-6	6.0227E-6	4.5170E-6	5.1360E-6	5.0388E-6	4.4783E-6	3.9616E-6	3.0324E-6	3.7996E-6	3.4986E-6	3.2329E-6	3.1612E-6	2.8434E-6	2.6566E-6
1.5490E+1	-8.0540E-6	-8.8762E-6	-1.1801E-5	-1.3879E-5	-1.6483E-5	-1.8872E-5	-2.0114E-5	-2.0625E-5	-1.7875E-5	-1.3698E-5	-9.2664E-6	-6.1105E-6	-4.9884E-6	-2.5641E-6	-1.6450E-6	1.1998E-6	2.8408E-6	7.6232E-6	1.2145E-5	1.9305E-5	1.6451E-5	1.1390E-5	8.2575E-6	6.5027E-6	4.7182E-6	3.3569E-6	2.1498E-6	2.3092E-6	2.5996E-6	2.2295E-6	4.9063E-6	4.7882E-6	6.4650E-6	6.1793E-6	6.8826E-6	7.6541E-6	6.7231E-6	6.9628E-6	7.5279E-6	7.1657E-6	6.4273E-6	6.1934E-6	5.8524E-6	6.0514E-6	5.0617E-6	4.9295E-6	4.1616E-6	4.4260E-6	3.4547E-6	3.0558E-6	3.4835E-6	3.8019E-6	2.5776E-6	2.8879E-6	3.6335E-6	2.4589E-6
1.5528E+1	-8.1162E-6	-8.5393E-6	-1.1092E-5	-1.3603E-5	-1.6094E-5	-1.8447E-5	-1.8621E-5	-1.8131E-5	-1.6480E-5	-1.2751E-5	-9.7941E-6	-6.6167E-6	-5.3946E-6	-3.8759E-6	-2.2680E-6	-8.3540E-7	5.7304E-7	4.2295E-6	7.4645E-6	1.3647E-5	1.7914E-5	1.3333E-5	9.6718E-6	6.9266E-6	4.5691E-6	3.2557E-6	2.2257E-6	1.4590E-6	1.4960E-6	2.1553E-6	3.9167E-6	4.7053E-6	5.4115E-6	5.9080E-6	6.3114E-6	6.6644E-6	7.1996E-6	6.4608E-6	6.4502E-6	6.6554E-6	6.3197E-6	5.8481E-6	5.0352E-6	6.0965E-6	5.0758E-6	5.8107E-6	4.8072E-6	3.9448E-6	3.6770E-6	3.2018E-6	3.7842E-6	3.3536E-6	3.3526E-6	2.0672E-6	3.4215E-6	3.0701E-6
1.5566E+1	-6.8798E-6	-8.1726E-6	-9.7938E-6	-1.2276E-5	-1.5020E-5	-1.7867E-5	-1.8110E-5	-1.6966E-5	-1.5639E-5	-1.1950E-5	-8.3931E-6	-6.4565E-6	-5.4822E-6	-4.6040E-6	-2.5069E-6	-1.6296E-6	-1.0224E-6	1.7791E-6	4.7623E-6	7.8785E-6	1.3634E-5	1.5179E-5	1.0550E-5	7.6870E-6	5.2255E-6	3.5686E-6	1.7087E-6	1.8208E-6	8.1877E-7	1.8263E-6	3.2313E-6	4.2741E-6	5.2652E-6	5.6699E-6	6.1908E-6	6.3454E-6	7.3060E-6	5.9766E-6	6.4835E-6	5.8845E-6	5.3806E-6	5.7360E-6	4.9750E-6	5.2918E-6	4.6989E-6	4.5036E-6	4.4614E-6	3.5305E-6	3.0935E-6	3.5062E-6	3.8833E-6	3.4272E-6	3.2585E-6	3.3364E-6	2.8211E-6	3.3040E-6
1.5604E+1	-6.9830E-6	-7.9457E-6	-9.6197E-6	-1.1138E-5	-1.3654E-5	-1.6096E-5	-1.7509E-5	-1.5574E-5	-1.4057E-5	-1.2044E-5	-8.9767E-6	-6.4292E-6	-4.8306E-6	-4.7936E-6	-3.1274E-6	-1.9773E-6	-1.6013E-6	1.7383E-8	2.5970E-6	5.4731E-6	8.0492E-6	1.3938E-5	1.2477E-5	7.7091E-6	5.3046E-6	4.3528E-6	2.5984E-6	1.6004E-6	1.1917E-6	1.7564E-6	2.3454E-6	3.3680E-6	3.9452E-6	5.1319E-6	5.4387E-6	5.5104E-6	7.6538E-6	5.8612E-6	5.4672E-6	6.1571E-6	5.5339E-6	5.3580E-6	5.0046E-6	5.4323E-6	5.2369E-6	4.4835E-6	4.3670E-6	3.2476E-6	3.3400E-6	3.4331E-6	2.6407E-6	2.7017E-6	3.0085E-6	3.3839E-6	3.4554E-6	3.0033E-6
1.5641E+1	-6.2113E-6	-7.8541E-6	-9.0152E-6	-1.0950E-5	-1.3237E-5	-1.5185E-5	-1.6387E-5	-1.5776E-5	-1.3006E-5	-1.0291E-5	-8.0438E-6	-6.4424E-6	-5.2010E-6	-3.8340E-6	-3.9162E-6	-2.8974E-6	-2.5026E-6	-7.8711E-7	5.6247E-7	3.4600E-6	5.0003E-6	9.0070E-6	1.3350E-5	8.9234E-6	5.8580E-6	3.9873E-6	2.9302E-6	1.9331E-6	1.2197E-6	2.0837E-6	2.5888E-6	3.5365E-6	3.4241E-6	4.1584E-6	5.2984E-6	5.0281E-6	5.7860E-6	6.3138E-6	5.3090E-6	4.3109E-6	5.5510E-6	4.5491E-6	4.3489E-6	4.2111E-6	5.1440E-6	4.1138E-6	4.5960E-6	3.5916E-6	2.6598E-6	4.0904E-6	2.9745E-6	2.1983E-6	2.1355E-6	2.5401E-6	3.3486E-6	2.5703E-6
1.5679E+1	-5.7191E-6	-6.8643E-6	-8.3670E-6	-9.5203E-6	-1.2519E-5	-1.4279E-5	-1.5878E-5	-1.5225E-5	-1.3207E-5	-9.5429E-6	-7.2885E-6	-5.1504E-6	-4.6853E-6	-4.0556E-6	-3.0790E-6	-3.2425E-6	-2.6099E-6	-2.0162E-6	-5.4586E-7	1.5043E-6	3.8829E-6	4.3600E-6	9.4458E-6	1.0544E-5	6.7070E-6	4.6958E-6	3.0256E-6	2.5655E-6	1.5685E-6	1.7425E-6	1.9257E-6	3.7033E-6	3.0563E-6	3.5257E-6	4.3905E-6	5.9860E-6	5.2561E-6	5.1229E-6	6.3423E-6	4.8080E-6	5.0445E-6	4.2463E-6	4.0457E-6	4.1742E-6	4.0424E-6	3.9000E-6	4.1979E-6	4.4856E-6	3.0479E-6	2.4745E-6	2.6107E-6	2.4244E-6	2.6446E-6	1.9346E-6	3.1245E-6	2.2072E-6
1.5717E+1	-5.2666E-6	-6.4282E-6	-7.0024E-6	-8.5106E-6	-1.0813E-5	-1.3601E-5	-1.3875E-5	-1.4970E-5	-1.3160E-5	-8.9009E-6	-6.0358E-6	-4.9354E-6	-3.8678E-6	-3.6867E-6	-3.8015E-6	-2.6815E-6	-2.5935E-6	-1.2291E-6	-7.5038E-7	3.2335E-7	2.4600E-6	2.6035E-6	4.5744E-6	8.2351E-6	7.7610E-6	4.5436E-6	2.5890E-6	2.1792E-6	1.9981E-6	1.6222E-6	2.1691E-6	3.1764E-6	3.2997E-6	2.8490E-6	3.8403E-6	4.1333E-6	4.8605E-6	4.3563E-6	5.0505E-6	4.5366E-6	4.7456E-6	3.6459E-6	3.4498E-6	4.2545E-6	4.0818E-6	2.9785E-6	3.4120E-6	3.7561E-6	3.5448E-6	3.2286E-6	2.5820E-6	2.2258E-6	2.2074E-6	1.8617E-6	2.8596E-6	2.3077E-6
1.5755E+1	-4.4112E-6	-5.9764E-6	-6.5815E-6	-7.7166E-6	-9.3242E-6	-1.2041E-5	-1.3232E-5	-1.2313E-5	-1.2666E-5	-8.8241E-6	-5.4839E-6	-3.5150E-6	-4.0800E-6	-2.9980E-6	-3.1861E-6	-3.1600E-6	-2.5456E-6	-1.9328E-6	-2.2619E-8	8.6695E-7	1.9500E-6	1.6214E-6	3.1166E-6	5.1403E-6	7.0588E-6	5.6905E-6	3.3482E-6	1.9870E-6	2.0779E-6	1.0616E-6	1.8474E-6	2.9994E-6	2.7317E-6	3.4387E-6	4.0747E-6	4.4787E-6	4.0049E-6	4.4539E-6	4.1794E-6	4.3467E-6	3.8307E-6	3.9276E-6	2.9269E-6	3.1943E-6	3.7054E-6	3.5773E-6	2.3378E-6	2.7832E-6	1.8335E-6	2.3181E-6	2.6666E-6	2.5737E-6	2.4759E-6	1.7834E-6	1.9052E-6	1.9589E-6
1.5793E+1	-4.3081E-6	-4.9617E-6	-5.2228E-6	-7.2637E-6	-9.1884E-6	-1.0786E-5	-1.1688E-5	-1.2277E-5	-1.0793E-5	-8.2340E-6	-5.2947E-6	-3.0770E-6	-2.9212E-6	-3.4287E-6	-2.2445E-6	-2.1509E-6	-2.6335E-6	-1.3294E-6	-1.1644E-6	2.0821E-7	8.9974E-7	9.5095E-7	2.4436E-6	2.9140E-6	4.7781E-6	5.4012E-6	3.8471E-6	2.7957E-6	2.3498E-6	1.7595E-6	1.7733E-6	2.9167E-6	2.3628E-6	2.5790E-6	3.8652E-6	3.1380E-6	4.3990E-6	4.5123E-6	3.9585E-6	3.3554E-6	3.5276E-6	4.0049E-6	4.2673E-6	2.8314E-6	2.8439E-6	3.5014E-6	2.9797E-6	2.6306E-6	1.9264E-6	1.8515E-6	2.4712E-6	2.2951E-6	1.7430E-6	2.5569E-6	2.0950E-6	2.0623E-6
1.5831E+1	-3.8588E-6	-5.1036E-6	-4.3795E-6	-5.4135E-6	-7.1985E-6	-9.8452E-6	-1.0475E-5	-1.0649E-5	-1.0940E-5	-7.7368E-6	-5.1412E-6	-2.8873E-6	-2.1616E-6	-2.1357E-6	-2.6254E-6	-1.2068E-6	-2.1517E-6	-1.2470E-6	-3.9207E-7	5.6838E-7	2.4915E-7	4.5117E-7	1.9922E-6	2.3382E-6	2.9524E-6	4.5897E-6	4.1876E-6	3.0830E-6	2.9578E-6	2.0883E-6	2.6025E-6	2.7240E-6	3.1191E-6	2.7975E-6	3.8023E-6	3.4777E-6	3.1588E-6	4.0451E-6	3.9013E-6	3.9207E-6	2.4822E-6	3.1209E-6	3.4831E-6	3.6096E-6	2.5587E-6	2.7618E-6	2.4427E-6	2.7230E-6	1.8119E-6	1.9733E-6	1.6783E-6	2.6567E-6	1.5449E-6	1.5847E-6	1.8641E-6	2.4127E-6
1.5869E+1	-3.9462E-6	-4.6970E-6	-4.5731E-6	-5.3315E-6	-6.4098E-6	-7.5541E-6	-9.2645E-6	-9.7366E-6	-9.5492E-6	-7.7683E-6	-5.3264E-6	-3.1561E-6	-2.1262E-6	-9.6934E-7	-1.5369E-6	-1.1685E-6	-1.4253E-6	-8.2042E-7	-1.4661E-6	2.3126E-7	-9.6616E-8	7.6872E-7	1.4211E-6	1.3720E-6	2.6303E-6	3.0516E-6	4.0107E-6	3.2921E-6	3.1531E-6	2.5052E-6	2.8205E-6	2.9813E-6	3.1810E-6	3.1799E-6	3.4432E-6	3.7850E-6	4.1162E-6	3.4460E-6	2.5752E-6	3.8514E-6	3.9167E-6	3.3165E-6	2.6610E-6	2.8159E-6	3.3539E-6	2.3067E-6	2.5428E-6	2.9422E-6	2.2396E-6	2.6167E-6	1.8404E-6	1.7307E-6	1.9854E-6	1.8187E-6	1.1424E-6	2.1913E-6
1.5906E+1	-4.2330E-6	-4.4324E-6	-4.7542E-6	-4.6313E-6	-5.3433E-6	-7.0635E-6	-7.6651E-6	-8.4639E-6	-8.8554E-6	-6.6420E-6	-4.6042E-6	-2.9380E-6	-1.9601E-6	-1.0604E-6	-5.2962E-7	-6.0040E-7	-8.8857E-7	-5.1148E-7	-6.7654E-8	3.0142E-7	3.2684E-8	5.3239E-7	1.4369E-6	8.8713E-7	2.2121E-6	2.6175E-6	3.3958E-6	3.6801E-6	3.6530E-6	3.1319E-6	3.2052E-6	2.4857E-6	3.3678E-6	3.4130E-6	3.4020E-6	4.0038E-6	3.3149E-6	4.3737E-6	2.3957E-6	2.3866E-6	3.0844E-6	3.0062E-6	2.8233E-6	2.2563E-6	2.5266E-6	2.0532E-6	1.2146E-6	2.3125E-6	2.2262E-6	2.1204E-6	1.9438E-6	1.4087E-6	1.6981E-6	1.4480E-6	1.7259E-6	1.5098E-6
1.5944E+1	-3.5803E-6	-4.1654E-6	-4.2573E-6	-5.8816E-6	-4.7639E-6	-5.8201E-6	-7.2473E-6	-7.4452E-6	-7.9683E-6	-6.4558E-6	-4.3900E-6	-2.2488E-6	-9.2147E-7	-7.0346E-7	3.4508E-7	-3.3174E-9	-9.3358E-8	-2.2164E-7	-9.0588E-8	7.8091E-7	6.6227E-7	9.8819E-7	1.1826E-6	1.2207E-6	1.3795E-6	2.2185E-6	2.7149E-6	3.2030E-6	4.2614E-6	3.8443E-6	3.9197E-6	3.6164E-6	3.1999E-6	3.7675E-6	3.7997E-6	4.3050E-6	3.8149E-6	3.7028E-6	4.1435E-6	2.5973E-6	3.5727E-6	2.5886E-6	2.5625E-6	3.1381E-6	2.4751E-6	2.5959E-6	1.8545E-6	1.2531E-6	1.7379E-6	1.8197E-6	1.8938E-6	8.0342E-7	1.5414E-6	7.6964E-7	1.0087E-6	1.1012E-6
1.5982E+1	-3.6746E-6	-4.0153E-6	-4.3191E-6	-5.0456E-6	-5.4988E-6	-4.6213E-6	-6.1266E-6	-6.3220E-6	-7.2591E-6	-5.8405E-6	-4.3089E-6	-2.8946E-6	-6.8484E-7	-1.0662E-6	4.8599E-7	7.6226E-7	2.6688E-7	3.0222E-7	1.1863E-6	9.8290E-7	8.7526E-7	7.8392E-7	6.7692E-7	1.6177E-6	1.1600E-6	1.5973E-6	2.9452E-6	2.4117E-6	3.9876E-6	4.9593E-6	4.1072E-6	3.2091E-6	3.9679E-6	3.2224E-6	3.7325E-6	4.0484E-6	3.7227E-6	3.4065E-6	3.6744E-6	3.8110E-6	2.6719E-6	3.2892E-6	2.1611E-6	2.8456E-6	2.2563E-6	2.6338E-6	2.2322E-6	2.0957E-6	1.9906E-6	1.2781E-6	2.2009E-6	1.4102E-6	1.6615E-6	1.5108E-6	1.4747E-6	5.9876E-7
1.6020E+1	-3.0558E-6	-3.6328E-6	-4.4196E-6	-6.0322E-6	-6.0138E-6	-5.1307E-6	-4.4853E-6	-4.8774E-6	-5.3675E-6	-5.3523E-6	-3.5897E-6	-2.0187E-6	-5.0495E-7	-1.9649E-7	-1.9708E-7	1.1618E-6	9.0482E-7	6.5354E-7	1.0762E-6	1.5435E-6	1.2305E-6	9.7734E-7	5.3849E-7	8.5882E-7	4.7899E-7	7.2888E-7	2.4965E-6	2.4179E-6	2.9267E-6	4.7890E-6	5.7673E-6	4.5075E-6	3.7861E-6	4.2608E-6	3.5837E-6	3.7167E-6	4.0130E-6	3.7238E-6	2.9455E-6	3.9896E-6	3.6521E-6	2.8768E-6	3.0353E-6	2.0072E-6	2.2036E-6	2.3445E-6	2.1417E-6	9.6202E-7	2.2393E-6	1.3471E-6	1.6403E-6	1.2961E-6	1.1284E-6	1.3392E-6	1.7970E-6	1.3993E-6
1.6058E+1	-3.7932E-6	-3.9163E-6	-4.3428E-6	-5.3942E-6	-6.6504E-6	-5.9147E-6	-5.2588E-6	-3.4954E-6	-4.8346E-6	-4.1605E-6	-3.6941E-6	-1.6820E-6	-1.0171E-6	1.8674E-7	3.9087E-7	7.3173E-7	1.5068E-6	1.6025E-6	1.8631E-6	1.5559E-6	1.4732E-6	1.2189E-6	9.7304E-7	1.1663E-6	6.3102E-7	4.3054E-9	1.3832E-6	2.4759E-6	2.5698E-6	3.8012E-6	4.7123E-6	4.9927E-6	4.5997E-6	3.8546E-6	4.3336E-6	3.9917E-6	3.9344E-6	3.8565E-6	3.5352E-6	3.1169E-6	3.4977E-6	2.9955E-6	3.7041E-6	2.2654E-6	1.9050E-6	2.2077E-6	2.5653E-6	1.8657E-6	1.4230E-6	1.8958E-6	1.7594E-6	1.9190E-6	8.5652E-7	1.1097E-6	1.3603E-6	8.2028E-7
1.6096E+1	-4.1023E-6	-4.1553E-6	-5.6176E-6	-5.8984E-6	-6.9603E-6	-6.0112E-6	-5.3774E-6	-3.1050E-6	-3.1084E-6	-3.8117E-6	-2.8012E-6	-1.5133E-6	-8.3015E-7	-6.8565E-7	6.2591E-7	8.6431E-7	7.5600E-7	1.6484E-6	1.6304E-6	2.1019E-6	1.4673E-6	1.4515E-6	1.5415E-6	5.9312E-7	9.4116E-7	8.5773E-7	3.8380E-7	1.4268E-6	2.8205E-6	3.3388E-6	4.7815E-6	5.3492E-6	5.1280E-6	4.3729E-6	4.4449E-6	4.6078E-6	5.3226E-6	3.6355E-6	3.5517E-6	3.7169E-6	3.4543E-6	2.4337E-6	2.7176E-6	2.8894E-6	2.2939E-6	1.7618E-6	1.5719E-6	1.7106E-6	1.3122E-6	1.3758E-6	1.9164E-6	2.1005E-6	1.9135E-6	1.1175E-6	1.6712E-6	7.6477E-7
1.6134E+1	-3.6219E-6	-3.5653E-6	-5.1542E-6	-6.1144E-6	-7.1553E-6	-7.3198E-6	-5.9929E-6	-3.8350E-6	-2.5993E-6	-2.4652E-6	-1.7945E-6	-1.6039E-6	-5.6654E-7	-5.4412E-7	2.4965E-7	1.3040E-6	1.3920E-6	1.3626E-6	1.5311E-6	2.0086E-6	1.8855E-6	1.5072E-6	1.6602E-6	1.0608E-6	5.8480E-7	5.7155E-7	1.0582E-6	8.3101E-7	1.6158E-6	3.1161E-6	3.0828E-6	4.9045E-6	5.7106E-6	4.3550E-6	4.8089E-6	5.0352E-6	5.4211E-6	5.1551E-6	3.3282E-6	3.5309E-6	3.4305E-6	3.4914E-6	2.6061E-6	2.3861E-6	2.9398E-6	2.2435E-6	2.3674E-6	1.6390E-6	1.1823E-6	7.1009E-7	1.2397E-6	1.5487E-6	1.8099E-6	1.7995E-6	1.4838E-6	1.7563E-6
1.6171E+1	-3.6516E-6	-3.9711E-6	-5.0430E-6	-5.8862E-6	-6.6136E-6	-7.2126E-6	-6.6620E-6	-4.4672E-6	-2.9233E-6	-2.3216E-6	-1.2250E-6	-1.2418E-6	-9.4216E-7	-2.3452E-7	-1.6746E-7	7.4122E-7	5.7954E-7	1.8652E-6	1.1285E-6	2.4127E-6	1.7524E-6	1.8882E-6	1.8179E-6	1.0311E-6	1.0447E-6	7.0874E-7	6.2416E-8	1.8157E-6	1.5370E-6	2.3214E-6	3.5295E-6	4.2466E-6	5.3905E-6	5.0440E-6	4.8518E-6	5.4745E-6	5.2762E-6	5.4198E-6	4.3465E-6	3.4241E-6	2.8620E-6	2.3836E-6	2.9505E-6	2.6098E-6	2.7471E-6	2.1102E-6	2.2293E-6	2.1343E-6	1.5800E-6	1.5269E-6	1.2731E-6	1.4778E-6	1.5003E-6	1.4307E-6	6.2844E-7	2.0225E-6
1.6209E+1	-4.2334E-6	-3.6227E-6	-5.4361E-6	-5.9910E-6	-6.6630E-6	-6.9570E-6	-7.1752E-6	-5.3481E-6	-3.3330E-6	-1.4152E-6	-9.5450E-7	-9.2076E-7	-1.0849E-6	1.0684E-7	1.9903E-7	8.5812E-7	3.9170E-7	4.3212E-7	1.4130E-6	1.5976E-6	2.4421E-6	1.2107E-6	1.1516E-6	1.0946E-6	3.3776E-7	4.1816E-7	2.6018E-7	5.8692E-7	2.0198E-6	1.2420E-6	2.4940E-6	3.6393E-6	4.9326E-6	4.6071E-6	5.0098E-6	5.4349E-6	4.5615E-6	5.0575E-6	4.8121E-6	4.0735E-6	3.6960E-6	3.1431E-6	2.5233E-6	2.6316E-6	2.5458E-6	2.5319E-6	2.3848E-6	2.0892E-6	1.2781E-6	1.0532E-6	1.9854E-6	1.7678E-6	1.9176E-6	2.0611E-6	5.7808E-7	1.3288E-6
1.6247E+1	-4.2085E-6	-4.1848E-6	-4.8671E-6	-6.1571E-6	-7.0056E-6	-7.0315E-6	-6.6489E-6	-6.4969E-6	-4.3867E-6	-2.0696E-6	-6.5349E-7	-6.5744E-7	-6.2336E-7	-3.4840E-7	6.5672E-7	6.0764E-7	1.0174E-6	7.5120E-7	1.3031E-6	1.6396E-6	1.9219E-6	2.3715E-6	1.1802E-6	8.0343E-7	1.1816E-6	-1.6117E-7	8.6309E-8	6.7444E-7	1.8920E-6	1.1426E-6	2.3080E-6	3.0118E-6	3.8124E-6	4.7948E-6	4.4516E-6	5.4130E-6	4.5191E-6	4.2950E-6	3.8647E-6	3.7001E-6	2.9557E-6	3.3544E-6	3.2705E-6	2.7024E-6	2.6015E-6	2.0384E-6	2.1256E-6	2.5212E-6	2.3329E-6	8.9510E-7	1.2062E-6	1.8195E-6	1.4429E-6	1.4478E-6	1.1910E-6	1.5448E-6
1.6285E+1	-3.4283E-6	-4.1863E-6	-4.5506E-6	-5.2641E-6	-6.7140E-6	-7.8673E-6	-6.5071E-6	-5.9993E-6	-5.4097E-6	-2.7387E-6	-1.2383E-6	-1.0425E-6	-6.9780E-7	-9.0722E-7	4.5229E-8	7.5257E-7	2.0978E-7	7.2280E-7	1.2233E-6	1.6337E-6	1.6769E-6	9.9493E-7	1.4247E-6	3.9567E-7	8.0739E-7	7.1766E-7	3.7473E-7	1.0511E-7	1.1813E-6	1.4044E-6	1.7052E-6	2.9666E-6	2.8998E-6	3.7849E-6	4.4430E-6	4.2352E-6	4.3118E-6	4.6963E-6	4.2089E-6	3.7539E-6	3.6601E-6	3.1145E-6	3.3276E-6	2.0665E-6	2.8361E-6	2.7162E-6	1.5518E-6	1.9531E-6	2.3172E-6	1.8159E-6	1.6816E-6	1.8913E-6	1.6808E-6	1.0353E-6	9.6116E-7	1.3076E-6
1.6323E+1	-3.1154E-6	-4.2983E-6	-4.5842E-6	-4.8382E-6	-5.6839E-6	-7.1372E-6	-6.7816E-6	-5.6112E-6	-4.7236E-6	-3.6438E-6	-1.0584E-6	-6.2802E-7	-3.0720E-7	-8.3329E-7	-9.5909E-7	8.3461E-7	3.8013E-7	8.7264E-7	1.1851E-6	1.5357E-6	2.1453E-6	1.4378E-6	9.1806E-7	7.9010E-7	6.7566E-7	9.2448E-8	4.1340E-7	7.3392E-7	3.5240E-7	1.2233E-6	1.9649E-6	2.6685E-6	3.5754E-6	3.4060E-6	4.7457E-6	4.1949E-6	4.1345E-6	3.8417E-6	3.6355E-6	3.5756E-6	3.2297E-6	3.6439E-6	3.4771E-6	2.5558E-6	1.7616E-6	2.9688E-6	1.5513E-6	1.9588E-6	1.8470E-6	1.2843E-6	9.2023E-7	2.0478E-6	1.6090E-6	1.1087E-6	1.2575E-6	7.7309E-7
1.6361E+1	-3.3215E-6	-4.1556E-6	-4.8099E-6	-5.3202E-6	-5.6287E-6	-6.7831E-6	-6.5365E-6	-5.8057E-6	-5.0898E-6	-3.9287E-6	-2.7375E-6	-4.9438E-7	-8.0919E-7	-5.9482E-7	-6.7342E-7	3.0110E-8	4.7830E-7	7.7337E-7	1.0011E-6	1.3714E-6	1.7274E-6	1.2392E-6	1.1145E-6	6.5930E-7	9.8886E-7	1.0349E-6	-2.2011E-8	7.8793E-8	-2.7113E-7	8.4833E-7	1.6156E-6	1.9613E-6	2.6434E-6	3.2045E-6	4.4960E-6	4.1871E-6	4.7488E-6	5.2833E-6	3.7016E-6	4.0739E-6	3.6472E-6	3.4638E-6	2.8694E-6	3.0247E-6	2.3819E-6	2.8113E-6	2.2617E-6	1.7509E-6	2.1446E-6	1.9744E-6	7.5174E-7	9.7643E-7	1.5535E-6	1.3732E-6	1.4969E-6	1.0891E-6
1.6399E+1	-3.4596E-6	-3.7903E-6	-4.7847E-6	-5.0932E-6	-6.1045E-6	-6.0862E-6	-6.4231E-6	-5.4084E-6	-4.3894E-6	-3.7988E-6	-2.8716E-6	-1.7829E-6	-5.5898E-7	-1.8728E-6	-6.5921E-7	-8.5041E-8	1.7778E-7	1.2290E-6	3.1192E-7	8.1942E-7	1.5884E-6	1.2071E-6	9.2090E-7	8.6225E-7	5.3909E-8	4.1653E-7	4.4576E-7	5.6194E-7	4.5747E-8	6.9714E-8	1.6727E-6	2.2686E-6	2.6582E-6	2.0140E-6	4.0084E-6	3.3538E-6	4.0889E-6	4.2241E-6	4.0329E-6	3.4358E-6	3.5131E-6	3.6930E-6	2.9171E-6	2.4710E-6	2.3686E-6	2.1721E-6	2.5987E-6	2.1892E-6	1.5358E-6	1.9925E-6	1.3932E-6	1.2906E-6	6.3286E-7	1.5659E-6	1.5216E-6	5.8869E-7
1.6437E+1	-3.6757E-6	-3.2432E-6	-4.6496E-6	-5.1044E-6	-5.6461E-6	-7.1608E-6	-6.1293E-6	-6.4618E-6	-4.9773E-6	-3.6197E-6	-2.5936E-6	-1.8865E-6	-1.4162E-6	-8.8118E-7	-8.4762E-7	-3.4279E-7	3.6908E-8	1.1319E-6	1.0491E-6	1.8218E-7	8.6219E-7	9.1608E-7	1.1047E-6	6.6133E-7	4.1951E-7	-1.7641E-7	-7.1698E-7	-7.4999E-7	5.6675E-7	5.0685E-7	6.9121E-7	1.5939E-6	2.9877E-6	2.5764E-6	3.2080E-6	2.9825E-6	3.9483E-6	4.4056E-6	3.6355E-6	4.1998E-6	3.1035E-6	2.8348E-6	2.5589E-6	3.0439E-6	2.3871E-6	2.4063E-6	1.5991E-6	2.5171E-6	1.8158E-6	1.5884E-6	1.0854E-6	1.5832E-6	9.6889E-7	1.4900E-6	1.8666E-6	1.5793E-6
1.6474E+1	-2.6461E-6	-2.9060E-6	-3.4308E-6	-4.6398E-6	-4.6843E-6	-6.1519E-6	-6.8013E-6	-5.5888E-6	-5.3729E-6	-3.6233E-6	-2.6891E-6	-2.2003E-6	-2.0302E-6	-1.7736E-6	-5.3959E-7	-6.3985E-7	-8.4952E-8	5.2613E-7	5.9789E-7	1.0984E-6	6.4748E-7	9.3994E-7	8.4288E-7	6.3281E-7	-3.7106E-7	2.8357E-7	-4.5004E-7	-5.9132E-7	-4.0028E-7	6.7216E-7	1.0964E-6	7.6549E-7	1.6335E-6	2.6679E-6	2.7307E-6	2.8835E-6	2.6851E-6	3.4171E-6	3.1989E-6	3.9792E-6	3.7478E-6	3.3416E-6	1.7551E-6	2.6554E-6	2.1188E-6	2.7481E-6	2.0299E-6	1.2282E-6	2.3171E-6	1.5021E-6	9.8454E-7	1.4765E-6	5.7671E-7	1.1049E-6	9.2418E-7	1.6353E-6
1.6512E+1	-2.9809E-6	-2.9247E-6	-3.7056E-6	-3.7580E-6	-4.5057E-6	-5.1381E-6	-6.6567E-6	-6.4107E-6	-5.5688E-6	-3.4767E-6	-1.9373E-6	-1.6181E-6	-1.7013E-6	-9.2600E-7	-9.3624E-7	-6.9500E-7	-6.2602E-7	6.5224E-7	9.7101E-8	7.8606E-7	7.8747E-7	1.2822E-6	7.6965E-7	6.5303E-7	-2.7063E-7	-3.8626E-7	-4.8428E-7	-7.3774E-7	-1.7521E-7	1.4702E-9	9.5451E-7	1.4510E-6	8.5168E-7	2.1578E-6	1.9598E-6	2.5634E-6	2.8003E-6	2.8668E-6	2.6295E-6	3.2770E-6	3.2095E-6	3.5441E-6	2.5922E-6	2.2194E-6	2.2716E-6	2.0704E-6	2.6855E-6	1.3885E-6	1.5431E-6	2.0827E-6	9.2953E-7	1.5839E-6	1.5972E-6	1.3217E-6	1.1760E-6	1.8498E-6
1.6550E+1	-2.2156E-6	-2.9145E-6	-3.8762E-6	-3.8673E-6	-4.4136E-6	-4.9504E-6	-5.5101E-6	-5.6215E-6	-5.8316E-6	-4.3452E-6	-2.6237E-6	-1.9494E-6	-2.0497E-6	-1.0185E-6	-7.5753E-7	-1.9765E-7	-9.8043E-7	-1.3400E-7	2.9109E-7	1.0699E-6	6.4539E-7	1.5197E-6	6.7689E-7	3.1959E-7	5.7227E-7	3.0013E-8	-1.1066E-7	1.9494E-7	-1.4870E-7	3.5524E-7	5.1831E-7	1.1169E-6	1.6544E-6	1.5806E-6	2.1634E-6	2.5005E-6	2.4501E-6	2.4674E-6	2.8423E-6	2.6884E-6	2.8187E-6	2.8634E-6	2.7162E-6	1.9556E-6	1.9442E-6	2.2996E-6	1.5678E-6	1.4522E-6	1.5685E-6	1.3255E-6	1.4559E-6	8.6311E-7	8.8058E-7	1.4095E-6	6.1454E-7	1.9636E-6
1.6588E+1	-1.8942E-6	-2.3287E-6	-3.2574E-6	-3.7000E-6	-4.2541E-6	-4.9731E-6	-5.9836E-6	-4.9830E-6	-5.1182E-6	-3.8111E-6	-3.0388E-6	-1.3469E-6	-2.1801E-6	-1.4316E-6	-1.6449E-6	-4.7412E-7	-6.5276E-7	-6.0259E-7	-2.9710E-7	3.8464E-7	3.9817E-7	8.3777E-7	6.1278E-7	-6.8483E-7	2.2687E-7	8.4278E-8	-7.2100E-7	-3.8052E-7	-7.1191E-8	9.5981E-8	1.2205E-6	6.5811E-7	1.2292E-6	1.9075E-6	1.7340E-6	2.7155E-6	2.9305E-6	2.6532E-6	2.8925E-6	3.1760E-6	2.9277E-6	2.7060E-6	2.8021E-6	2.5457E-6	1.7865E-6	2.5304E-6	2.3512E-6	8.6916E-7	1.6279E-6	1.8808E-6	1.3985E-6	1.6937E-6	1.5236E-6	1.5070E-6	1.4355E-6	1.0642E-6
1.6626E+1	-1.9043E-6	-2.3029E-6	-3.1128E-6	-2.6648E-6	-4.4690E-6	-4.1325E-6	-5.2885E-6	-5.0615E-6	-4.8233E-6	-3.7355E-6	-3.1235E-6	-2.1424E-6	-1.0566E-6	-1.9411E-6	-1.4485E-6	-9.4099E-7	-4.5013E-7	-3.4024E-7	5.1698E-7	5.3862E-7	3.1164E-7	4.7827E-7	1.0089E-7	-4.4697E-7	-3.1802E-7	3.1541E-7	-6.0127E-7	-4.9716E-7	-8.0976E-7	-6.1697E-7	2.6213E-7	8.2128E-7	5.1173E-7	7.3809E-7	1.6590E-6	1.4874E-6	2.0518E-6	2.2948E-6	2.0759E-6	2.2217E-6	2.9707E-6	2.4845E-6	1.8248E-6	2.1993E-6	1.9764E-6	1.5399E-6	1.7994E-6	1.0853E-6	1.2038E-6	1.1368E-6	1.6961E-6	4.1489E-7	9.2643E-7	1.0614E-6	1.1819E-6	1.7666E-6
1.6664E+1	-1.4254E-6	-1.6203E-6	-3.0586E-6	-3.0994E-6	-3.0419E-6	-4.4094E-6	-4.3097E-6	-4.4661E-6	-4.3993E-6	-3.8699E-6	-2.5862E-6	-2.3527E-6	-1.3146E-6	-1.3534E-6	-1.9067E-6	-9.2317E-7	-9.6170E-7	-3.8567E-7	2.3308E-7	1.0925E-6	5.5006E-7	7.4145E-7	5.8523E-7	-2.0519E-7	-1.5308E-7	1.0102E-7	-2.0571E-7	-3.7970E-7	5.2020E-9	5.5785E-8	3.3173E-7	6.0379E-7	1.0991E-6	1.2467E-6	1.4696E-6	1.6697E-6	1.3685E-6	1.8704E-6	2.0182E-6	1.7458E-6	2.1029E-6	2.6053E-6	2.4416E-6	1.6136E-6	2.5821E-6	1.9530E-6	2.2342E-6	1.0361E-6	1.4466E-6	1.3386E-6	1.6394E-6	1.6559E-6	2.4807E-7	9.8161E-7	5.5619E-7	9.1238E-7
1.6702E+1	-1.4728E-6	-1.2917E-6	-2.0496E-6	-2.9020E-6	-3.8423E-6	-3.3621E-6	-4.3304E-6	-3.5124E-6	-3.4441E-6	-3.3241E-6	-3.1182E-6	-2.3082E-6	-2.1322E-6	-1.0244E-6	-1.6661E-6	-6.9205E-7	-6.2831E-7	-7.1324E-7	-2.6559E-7	2.9611E-7	5.1815E-7	1.0912E-7	3.7546E-7	4.8906E-7	-2.4790E-7	2.2457E-7	-6.6721E-7	-2.1114E-7	-7.8105E-7	4.6540E-7	-2.8563E-8	7.8446E-7	2.9073E-7	1.1570E-6	1.4281E-6	1.3953E-6	1.7208E-6	1.2885E-6	1.3258E-6	1.5983E-6	1.9382E-6	1.4430E-6	1.9671E-6	1.8260E-6	1.5779E-6	1.6716E-6	1.5957E-6	2.4034E-6	1.6084E-6	1.4980E-6	1.4889E-6	1.8453E-6	8.8348E-7	4.9387E-7	1.1296E-6	1.4273E-6
1.6739E+1	-1.6714E-6	-1.3236E-6	-2.3768E-6	-1.9693E-6	-2.6410E-6	-3.6530E-6	-3.8583E-6	-3.8895E-6	-3.1124E-6	-2.0185E-6	-2.5239E-6	-1.9221E-6	-2.3853E-6	-1.4053E-6	-1.2321E-6	-1.1453E-6	-1.6709E-8	6.1036E-8	-4.2399E-7	5.2346E-7	1.5765E-7	3.4043E-7	2.7809E-7	5.6015E-7	-1.3718E-7	4.7532E-7	-2.3007E-7	-3.2810E-7	-3.2135E-7	-2.7023E-8	7.5678E-8	3.4632E-7	1.1568E-6	1.0772E-6	6.3326E-7	7.1333E-7	1.0704E-6	1.2250E-6	1.3237E-6	1.1293E-6	1.5413E-6	1.8872E-6	1.6564E-6	1.7394E-6	1.7882E-6	1.4776E-6	9.1651E-7	8.9046E-7	1.8213E-6	1.1847E-6	1.5058E-6	1.2209E-6	1.4908E-6	5.4998E-7	2.8067E-7	6.6784E-7
1.6777E+1	-1.6242E-6	-1.2024E-6	-2.4808E-6	-2.2970E-6	-2.5248E-6	-2.9647E-6	-3.2752E-6	-2.9613E-6	-3.4185E-6	-2.1276E-6	-1.7306E-6	-2.1534E-6	-1.7116E-6	-1.5757E-6	-1.1021E-6	-9.7939E-7	-7.9552E-7	8.5443E-8	-2.0396E-7	2.1953E-7	7.9183E-7	-1.7522E-7	3.1096E-7	4.0233E-7	7.1638E-8	1.9069E-7	1.6497E-7	-2.4999E-7	-7.2604E-9	-8.9111E-8	-1.9858E-7	2.7144E-7	4.9700E-7	1.8456E-6	1.0003E-6	1.0479E-6	1.0687E-6	5.0799E-7	1.1698E-6	1.4804E-6	1.3116E-6	1.0612E-6	1.5905E-6	1.9276E-6	1.6765E-6	1.9976E-6	1.4591E-6	1.2135E-6	1.3079E-6	9.1291E-7	1.6448E-6	9.4517E-7	1.0620E-6	1.3703E-6	1.2324E-6	7.8980E-7
1.6815E+1	-4.7123E-7	-1.2635E-6	-2.1009E-6	-2.2613E-6	-1.1544E-6	-3.4980E-6	-3.0128E-6	-2.8907E-6	-2.1421E-6	-3.1055E-6	-1.0754E-6	-1.6738E-6	-1.8672E-6	-9.5910E-7	-1.2386E-6	-9.1425E-7	-2.5575E-7	-6.3950E-7	-2.3115E-7	4.1106E-7	4.6080E-7	6.5061E-7	3.3157E-7	-1.1162E-7	-4.9326E-7	-6.1562E-8	-2.7944E-7	-2.8537E-7	-1.0813E-7	-2.6023E-7	-3.9097E-7	1.7961E-7	4.0878E-7	5.0552E-7	4.6720E-7	8.7358E-7	1.3113E-6	3.4433E-7	5.1958E-7	9.4961E-7	1.5110E-6	1.5265E-6	1.1111E-6	1.0720E-6	1.5222E-6	1.7801E-6	1.4217E-6	7.9321E-7	1.2244E-6	6.2879E-7	8.0412E-7	1.1304E-6	1.1453E-6	8.6581E-7	1.3385E-6	1.1233E-6
1.6853E+1	-8.7593E-7	-7.8101E-7	-1.8637E-6	-2.3528E-6	-1.9189E-6	-1.9704E-6	-2.5322E-6	-2.1919E-6	-1.6583E-6	-2.3439E-6	-2.1114E-6	-7.2022E-7	-1.4000E-6	-5.5056E-7	-8.5069E-7	-1.0999E-6	-2.7197E-7	-2.9431E-8	-3.2977E-7	4.7701E-7	4.4949E-7	4.2901E-7	9.3770E-7	6.9828E-7	-1.2726E-7	-2.9649E-7	-5.2303E-7	-7.3912E-7	2.6737E-7	-1.3294E-7	-1.3826E-7	3.2290E-7	1.0533E-6	6.3174E-7	7.3404E-7	6.4223E-7	1.3364E-6	1.4013E-6	5.8332E-7	5.1447E-7	6.4052E-7	9.9914E-7	1.2986E-6	1.7348E-6	8.6597E-7	1.9061E-6	1.5119E-6	1.7010E-6	4.0873E-7	1.2860E-6	3.9986E-7	-9.6058E-8	9.3109E-7	7.7528E-7	1.2080E-6	1.0939E-6
1.6891E+1	-9.7015E-7	-8.8518E-7	-1.7290E-6	-1.2487E-6	-2.4197E-6	-2.7918E-6	-2.7539E-6	-2.4260E-6	-1.7558E-6	-2.1991E-6	-1.9436E-6	-1.6890E-6	-1.1021E-6	-8.2157E-7	-3.4428E-7	-1.0547E-6	-4.3049E-7	-7.1614E-7	-5.8997E-8	4.2128E-7	2.8167E-7	2.1876E-7	1.2760E-7	2.3652E-7	2.1864E-7	-2.6040E-8	-4.0689E-7	-1.1342E-6	-9.2939E-7	-1.3169E-7	-1.7125E-8	-2.0101E-7	5.9555E-7	1.5096E-7	3.6701E-7	9.8115E-7	2.4954E-7	1.1306E-6	1.3374E-6	1.2165E-6	9.4961E-7	1.5417E-6	5.6317E-7	1.0921E-6	1.3428E-6	1.2760E-6	1.3981E-6	2.0448E-6	1.4649E-6	8.9346E-7	1.3217E-6	4.8892E-7	4.6032E-7	1.9462E-7	5.6892E-7	7.0248E-7
1.6929E+1	-6.0989E-7	-3.5307E-7	-1.3288E-6	-9.4521E-7	-1.9552E-6	-1.9199E-6	-1.6222E-6	-2.3537E-6	-1.3924E-6	-2.3297E-6	-1.4849E-6	-1.4422E-6	-7.7460E-7	-1.6373E-6	-3.5362E-7	-8.1769E-7	-5.0602E-8	-4.2519E-7	7.9994E-8	-4.3085E-7	2.7135E-7	-1.9508E-7	2.7641E-7	-2.6307E-7	1.0880E-7	2.5099E-8	2.8041E-7	-5.1419E-7	-3.7202E-7	-9.8697E-7	2.0972E-7	4.2298E-7	3.5269E-7	-1.2326E-7	1.2061E-7	2.4520E-7	7.8067E-7	7.6937E-8	2.5737E-7	2.5102E-7	5.4243E-7	4.6943E-7	1.5682E-6	1.1588E-6	1.1919E-6	9.0181E-7	1.0893E-6	1.2340E-6	1.0106E-6	1.8605E-6	8.0209E-7	1.0967E-6	1.0293E-6	2.9852E-7	7.4296E-7	4.5828E-7
1.6967E+1	-5.9765E-7	-2.9508E-7	-2.3933E-7	-5.1810E-7	-1.4832E-6	-2.4364E-6	-1.4742E-6	-1.7936E-6	-1.5470E-6	-1.5462E-6	-1.3832E-6	-1.3538E-6	-3.3196E-8	-1.3329E-6	-7.6219E-7	-8.2387E-7	-2.6684E-7	-5.2415E-7	6.8267E-7	2.3749E-7	1.5439E-7	-3.8484E-7	-3.3445E-7	1.6719E-7	-4.9666E-7	-2.5520E-7	1.8204E-7	-6.9196E-8	-5.1255E-8	4.7231E-7	-7.1190E-7	3.3548E-7	1.0436E-6	3.5620E-7	9.1637E-8	2.0975E-7	5.5538E-7	7.6756E-7	9.5522E-7	5.1050E-7	8.4510E-7	4.0903E-7	-7.6962E-8	5.0108E-7	1.0474E-6	1.3637E-6	1.1181E-6	1.6578E-6	6.6821E-7	6.1985E-7	1.3690E-6	9.0474E-7	1.2508E-6	4.2211E-7	5.6342E-7	6.8392E-7
1.7005E+1	-1.0350E-6	-1.0886E-6	-4.2603E-7	-1.0286E-6	-1.6361E-6	-1.3422E-6	-1.6719E-6	-1.3584E-6	-1.4395E-6	-2.0388E-6	-9.5104E-7	-1.0241E-6	-9.4979E-8	-1.0442E-6	-7.2720E-8	-6.1653E-7	-5.7150E-7	-1.3634E-7	-4.0832E-7	-5.3140E-7	1.1367E-7	-3.6645E-7	-8.1973E-7	-7.2109E-8	4.1343E-7	-4.9584E-7	-6.8327E-9	-6.5856E-7	-7.0868E-8	-1.4239E-7	5.8054E-7	-4.1135E-7	2.3698E-7	7.4888E-7	2.9464E-7	-3.0429E-7	6.7109E-7	1.5114E-7	6.5651E-7	5.7210E-7	9.7408E-7	8.8623E-7	1.3862E-6	3.7682E-7	-3.2393E-7	7.1743E-7	1.3789E-6	4.4282E-7	1.4196E-6	9.9132E-7	5.7334E-7	1.0837E-6	5.1111E-7	1.0920E-6	5.6122E-7	8.3263E-7
1.7042E+1	-3.5815E-7	-7.1070E-7	3.2323E-7	-2.9610E-7	-1.6217E-6	-1.7769E-6	-1.4939E-6	-1.8592E-6	-9.4462E-7	-1.6373E-6	-1.7056E-6	-8.1054E-7	-1.4129E-7	-9.2905E-7	-6.7001E-7	2.5903E-7	-9.6819E-7	4.0122E-7	6.6564E-7	-3.5514E-7	-1.1103E-7	-5.0140E-7	-5.9269E-7	-8.5926E-7	-2.7928E-7	-2.9125E-7	3.3764E-7	-5.6420E-7	-1.9110E-7	-2.2275E-7	-7.2134E-7	7.3471E-7	9.6106E-8	3.0923E-7	-4.2763E-9	-1.5156E-7	7.7172E-8	6.1381E-7	3.3479E-7	5.8995E-7	5.5557E-7	5.2843E-8	8.3443E-7	1.0396E-6	2.3412E-7	1.2602E-7	1.1769E-6	4.1901E-7	2.6051E-7	5.3203E-7	7.9492E-7	4.7037E-7	1.3405E-7	3.0599E-7	1.4148E-7	-4.0067E-8
1.7080E+1	-7.0895E-7	-9.1229E-7	-4.9267E-7	-4.3814E-7	-6.0426E-7	-7.0501E-7	-7.1460E-7	-8.6870E-7	-1.0009E-6	-9.2607E-7	-1.5070E-6	-5.1799E-7	-4.1336E-7	1.1090E-7	-4.2274E-7	-1.0787E-7	-7.2676E-7	-9.0195E-7	6.6628E-8	2.2074E-7	-1.9021E-7	-3.6777E-7	-7.1352E-8	8.4886E-8	-3.0392E-8	-6.9108E-7	-1.7408E-7	-4.0647E-7	-3.1911E-7	-6.4529E-7	-1.8484E-7	-5.0767E-7	5.8280E-7	7.4595E-7	3.5640E-7	-1.4985E-7	8.7975E-8	6.0939E-7	7.3909E-7	5.4463E-7	1.6006E-6	-1.4508E-7	8.4703E-7	6.0891E-7	4.0816E-7	3.8317E-7	9.9123E-7	3.1420E-7	9.0413E-7	6.7709E-7	8.8543E-7	8.0914E-7	-4.2441E-7	7.4807E-7	4.4107E-7	4.8882E-7
1.7118E+1	-7.5044E-7	-4.5093E-7	-1.2561E-7	-5.2451E-7	-1.1235E-6	-1.2108E-6	-1.5533E-6	-9.6809E-7	-3.6908E-7	-3.8831E-7	-8.6571E-7	-7.0916E-7	-2.9284E-7	-4.1544E-7	-9.5061E-8	-4.1342E-7	3.4909E-7	-2.0950E-7	-9.1465E-7	-6.7407E-9	2.6269E-7	-7.8730E-7	-3.2879E-7	-2.3958E-7	2.0444E-7	-1.2461E-7	-7.1423E-8	-5.3844E-7	1.2564E-7	-1.5079E-6	-5.7382E-7	9.3082E-9	-6.6796E-7	-4.8699E-8	2.2871E-7	1.4878E-7	3.3140E-8	-8.2253E-8	4.3964E-7	-7.4488E-9	9.3969E-7	7.0057E-7	6.3035E-7	8.3805E-7	8.4674E-7	2.5341E-7	3.7188E-7	3.2380E-7	8.4668E-7	5.7211E-7	7.2017E-7	1.1438E-6	4.9037E-7	-3.0017E-7	1.9808E-7	1.0412E-7
1.7156E+1	-3.8285E-7	-7.6653E-7	-6.4950E-7	2.3473E-8	1.6152E-7	3.6951E-7	-6.3035E-7	-1.7019E-6	-4.9068E-7	-8.3956E-7	-4.2925E-7	-3.4506E-7	6.3420E-8	1.6122E-7	1.3078E-8	-8.0748E-7	-7.3739E-7	-2.1783E-7	-4.6387E-7	-2.1955E-7	-6.5196E-7	-8.7465E-8	-2.6500E-7	-1.4445E-7	-2.6733E-7	2.2983E-7	-3.8959E-7	-4.0056E-7	3.3045E-7	-8.6783E-7	-7.1106E-7	3.2100E-8	-1.1341E-7	-7.6073E-7	2.5520E-7	-2.3667E-7	3.9451E-7	1.5645E-7	-2.0329E-8	-5.3165E-8	1.8694E-7	-3.2146E-7	1.7904E-7	4.0616E-8	9.1940E-7	6.8234E-7	3.2865E-7	-4.0458E-7	3.3274E-7	6.7820E-7	2.5921E-7	1.1348E-7	8.3852E-7	2.3478E-7	7.6048E-8	3.0560E-7
1.7194E+1	-1.1110E-6	-8.0092E-9	-1.0674E-6	-5.7996E-7	-1.1942E-6	-6.3898E-8	-4.6227E-8	-5.8246E-7	-4.2523E-7	5.3744E-7	-4.7982E-7	-7.7551E-7	-4.4819E-8	-8.5514E-8	-1.9525E-7	2.2987E-7	6.5786E-7	-1.7594E-7	-1.1304E-6	5.4347E-7	8.2988E-8	-6.6847E-7	5.4215E-8	-8.7918E-8	-3.7893E-7	3.1763E-7	2.8423E-7	-9.7421E-7	6.3782E-7	-6.6174E-7	-2.2353E-7	-1.2815E-7	2.7826E-7	-1.0335E-6	-1.8123E-7	1.0508E-7	5.5937E-7	1.5105E-7	2.4763E-7	-9.0628E-8	5.2471E-7	6.7057E-7	5.2731E-7	-4.1113E-7	6.1628E-7	1.0224E-7	5.8623E-7	3.1510E-7	7.1278E-7	-5.3063E-8	3.3328E-7	1.4293E-9	6.2862E-7	-1.6646E-7	-8.7067E-7	1.7588E-7
1.7232E+1	-7.1217E-7	-2.9167E-7	-3.3831E-7	-4.0042E-7	-3.4583E-7	-7.5365E-7	-4.9170E-7	-1.0632E-6	-8.9691E-7	-7.8627E-7	6.4420E-7	-2.9169E-7	-2.8861E-7	-4.2325E-7	-5.5101E-7	-1.6775E-6	-6.8996E-9	4.9043E-7	8.8085E-8	-8.1820E-7	-6.3982E-9	-7.0029E-8	-9.5437E-8	-2.7338E-7	4.3940E-8	-1.0858E-7	5.4625E-7	-7.2589E-7	5.3521E-8	1.1826E-7	3.6222E-8	1.1986E-7	4.3407E-7	-3.6679E-7	-2.5739E-7	-6.1547E-7	3.8691E-7	1.3400E-7	2.9194E-7	6.8701E-8	9.3164E-8	-7.6769E-8	9.0308E-7	4.2010E-7	3.5415E-7	4.4679E-7	1.5893E-7	6.9388E-8	1.9812E-7	1.1262E-6	9.9948E-8	4.7709E-7	7.9329E-7	1.1619E-6	-1.3048E-7	-3.5708E-7
1.7270E+1	-3.8025E-7	-4.2493E-7	-1.0387E-7	-7.0535E-7	-5.4199E-7	-1.9439E-7	-9.1189E-7	2.5659E-7	-5.1389E-7	-1.5194E-7	-1.1132E-6	4.1727E-7	4.2212E-7	-4.4235E-7	2.2267E-8	-4.7906E-7	-7.3093E-7	-3.1475E-7	-5.4610E-7	7.1730E-7	-3.0056E-7	-2.0432E-7	2.7971E-8	-7.0143E-7	-2.5799E-7	-2.2882E-9	-7.5791E-8	5.9970E-8	-5.8574E-7	-1.2437E-7	-3.0199E-7	3.0291E-8	3.3087E-7	1.8769E-7	-2.1446E-7	1.1879E-7	-2.7428E-8	1.6503E-7	-1.1022E-7	4.1864E-7	-4.7570E-8	1.1113E-6	-1.6545E-7	6.4538E-7	2.5736E-7	2.9782E-7	2.4157E-7	6.5199E-7	-1.4622E-7	-2.9590E-7	1.3781E-7	2.2539E-7	4.6102E-7	6.8373E-9	4.8909E-7	1.3713E-7
1.7307E+1	3.7512E-7	-4.3253E-7	-9.3995E-8	-5.3672E-7	-8.7929E-7	1.0816E-7	-1.2781E-6	-8.6634E-7	-6.2934E-7	-3.1029E-7	-9.6247E-7	-6.5877E-7	-1.7859E-7	-3.8867E-8	-1.9358E-7	-3.8734E-7	-4.5729E-7	3.3625E-7	-4.0242E-7	-1.0484E-6	5.3810E-7	-2.0132E-7	-9.9917E-8	-7.9669E-7	-5.1404E-7	7.7467E-8	-5.5524E-7	-4.1171E-8	-1.4398E-8	2.7930E-7	-2.1740E-7	-1.4035E-7	-1.6229E-7	1.9173E-7	3.2438E-7	-1.4485E-7	-4.2064E-7	5.6147E-8	3.7151E-7	5.2550E-7	-2.7376E-7	-8.9150E-8	9.3960E-7	6.3885E-8	4.1533E-7	4.2754E-8	1.4991E-7	2.5205E-8	4.0418E-7	-6.1736E-8	1.2000E-9	6.6593E-8	8.6587E-7	-7.7313E-8	-7.2104E-7	4.3670E-7
1.7345E+1	7.2865E-7	-8.9243E-8	-2.6996E-9	-4.0247E-7	-5.9335E-7	1.2508E-7	-1.8418E-7	-7.5595E-8	-9.5672E-7	2.9396E-7	-9.2420E-7	-1.4390E-7	-1.5547E-7	-6.1831E-7	5.6844E-7	-2.6969E-7	-3.5977E-7	-4.6350E-7	3.2384E-7	-5.5663E-7	-5.0012E-7	5.7620E-7	-7.2214E-8	-5.8325E-7	-6.6664E-7	-6.1860E-7	-3.7766E-7	-7.1207E-7	-7.5581E-7	-6.3511E-7	1.8638E-7	-4.5593E-7	2.1050E-7	-3.1957E-7	1.6657E-8	7.7977E-7	7.2513E-8	-6.4150E-7	3.6505E-7	5.2642E-7	9.4456E-7	2.1723E-7	2.5615E-7	5.7272E-7	2.8708E-7	4.8145E-7	3.4444E-7	2.8233E-8	3.9226E-7	-3.2462E-7	-1.6361E-7	-1.0384E-7	1.1476E-8	5.9910E-7	-3.9539E-7	-2.3156E-7
1.7383E+1	4.1843E-7	6.0529E-8	-1.4114E-7	-5.6261E-7	-4.3124E-7	-6.7349E-8	-3.1701E-7	2.7361E-8	-6.8596E-7	-8.8109E-7	-2.5460E-7	-5.1881E-7	-3.5316E-8	-4.5693E-7	1.9960E-7	8.5517E-7	-3.4241E-7	1.5990E-8	-3.0432E-7	-2.1009E-7	-6.8301E-7	-2.4330E-7	1.2416E-7	-3.9544E-7	2.5664E-7	-1.7183E-7	-2.9531E-8	9.7597E-8	1.3083E-7	-5.1459E-7	-4.6852E-7	2.1243E-7	-4.9296E-7	-4.0538E-8	-4.0840E-7	-5.6148E-7	5.6808E-8	-4.0144E-7	-6.9262E-8	1.5023E-7	-2.9119E-7	4.3576E-7	-7.3475E-8	6.4102E-7	-1.3772E-7	-2.6656E-8	3.4177E-7	1.6786E-7	8.1104E-8	7.8085E-7	1.2212E-7	6.2970E-7	-3.1432E-7	-2.8788E-8	-8.5347E-8	8.7583E-7
1.7421E+1	6.5023E-10	-6.7212E-8	-5.6100E-8	-3.9577E-7	-2.2139E-7	1.5434E-7	-5.2845E-7	1.4136E-7	5.8226E-8	-3.3469E-7	-1.1475E-6	6.8400E-8	-1.2879E-8	-1.9548E-7	-1.0604E-6	7.5574E-7	2.6629E-7	-2.7206E-7	-1.1416E-7	-3.8582E-7	-3.0099E-7	-3.4859E-7	-3.2735E-7	-4.9532E-7	-2.6631E-7	-6.0688E-7	-2.8910E-7	-1.6211E-7	-1.2226E-7	3.2062E-7	1.0053E-7	-2.5102E-7	1.0098E-6	-1.5718E-7	5.4043E-7	2.4099E-7	2.7100E-8	2.2732E-7	1.5216E-8	7.6853E-7	-1.5062E-7	2.3660E-7	-6.6323E-7	9.9224E-8	5.6693E-7	1.2176E-7	-3.5275E-7	2.5475E-7	-4.9518E-7	-7.1669E-8	-3.9551E-7	2.5877E-7	-1.8461E-8	-2.1646E-7	-3.6207E-7	-4.7680E-7
