0.0000E+0	1.4422E+1	1.4478E+1	1.4533E+1	1.4589E+1	1.4644E+1	1.4700E+1	1.4755E+1	1.4811E+1	1.4866E+1	1.4922E+1	1.4977E+1	1.5033E+1	1.5088E+1	1.5143E+1	1.5199E+1	1.5254E+1	1.5310E+1	1.5365E+1	1.5421E+1	1.5476E+1	1.5532E+1	1.5587E+1	1.5643E+1	1.5698E+1	1.5754E+1	1.5809E+1	1.5865E+1	1.5920E+1	1.5976E+1	1.6031E+1	1.6087E+1	1.6142E+1	1.6197E+1	1.6253E+1	1.6308E+1	1.6364E+1	1.6419E+1	1.6475E+1	1.6530E+1	1.6586E+1	1.6641E+1	1.6697E+1	1.6752E+1	1.6808E+1	1.6863E+1	1.6919E+1	1.6974E+1	1.7030E+1	1.7085E+1	1.7140E+1	1.7196E+1	1.7251E+1	1.7307E+1	1.7362E+1	1.7418E+1	1.7473E+1
1.4430E+1	6.2690E-8	5.2673E-8	9.7146E-8	9.1928E-8	7.0783E-8	6.2132E-8	8.4376E-8	2.4875E-8	3.0671E-8	-2.2093E-8	-4.1066E-8	1.1189E-8	4.2242E-8	-2.9552E-9	-1.0326E-8	-4.3546E-8	3.0603E-8	5.4273E-10	1.8123E-8	-3.0305E-8	-2.6224E-8	9.0181E-9	8.6861E-10	-2.4364E-8	1.2325E-10	-1.2529E-8	-1.8814E-8	-3.3610E-9	-5.9536E-8	-1.4235E-8	1.1911E-8	-3.6818E-9	-6.6874E-8	-5.2794E-8	-5.0321E-8	1.0385E-9	4.8167E-9	-2.0946E-8	-1.7634E-8	1.8121E-8	-1.0079E-8	-2.6635E-8	-1.0243E-8	3.1942E-9	-2.8438E-9	1.4137E-9	-2.0908E-8	-5.3167E-8	-2.0375E-10	-2.9855E-8	1.2449E-8	-7.9259E-9	-2.7006E-8	-3.3712E-8	7.3371E-10	-1.1750E-8
1.4468E+1	1.0970E-7	8.7866E-8	1.6338E-7	1.9879E-7	1.4343E-7	1.1425E-7	1.2482E-7	8.0392E-8	2.6660E-8	-2.4314E-8	-7.9158E-9	-2.7306E-8	-2.9386E-8	-4.9216E-9	2.5112E-8	-3.5261E-8	-2.1077E-8	1.9103E-8	2.3668E-8	-1.4907E-8	-2.0930E-8	2.5201E-8	-2.4122E-8	-3.6594E-8	-6.8792E-8	1.0098E-8	-1.1730E-8	-1.4113E-8	5.1076E-9	-4.1046E-8	-3.5616E-8	-1.2515E-9	-6.5417E-8	-5.3298E-8	-5.8286E-8	-4.7392E-8	-2.8852E-8	-7.3212E-8	-4.2419E-8	-3.0321E-8	-6.2905E-8	-9.1603E-10	-1.9893E-8	-1.4137E-8	4.1201E-9	-1.3699E-8	-2.3969E-8	-4.8989E-8	-7.7834E-8	-1.6085E-8	-4.1164E-8	2.6760E-8	-6.9977E-8	-2.8247E-8	3.1478E-9	-1.4651E-8
1.4505E+1	1.1399E-7	2.0349E-7	2.3929E-7	2.9168E-7	2.7144E-7	1.9955E-7	2.0601E-7	1.3229E-7	6.1750E-8	2.5037E-8	-2.2832E-8	2.1952E-9	-7.3403E-9	-3.7798E-8	1.4679E-8	2.8671E-8	-1.3116E-8	-1.5846E-8	4.4116E-8	-2.1147E-8	-2.4253E-8	1.9766E-9	-3.7056E-8	-2.7259E-8	-6.0153E-8	-6.9521E-8	-1.3189E-8	-3.1702E-8	-1.0442E-8	1.3009E-8	-5.5363E-8	-5.9168E-8	-6.1052E-8	-7.7219E-8	-8.1022E-8	-4.1606E-8	-6.2128E-8	-1.0477E-7	-2.1652E-8	-2.8244E-8	-9.5263E-8	-5.5102E-8	-5.3425E-9	-3.0848E-8	-2.0783E-8	-2.4681E-8	-1.1174E-7	-2.6370E-8	-5.9472E-8	-6.7782E-8	-2.0635E-8	-2.4521E-8	-3.1986E-8	-5.4272E-8	-1.9435E-8	-5.5323E-8
1.4543E+1	2.1354E-7	3.1311E-7	4.8595E-7	5.4090E-7	5.4752E-7	4.3341E-7	3.2362E-7	2.4508E-7	8.5904E-8	7.0772E-8	4.1479E-8	-8.4948E-8	1.9898E-8	1.0265E-9	2.6988E-8	5.9937E-8	6.2797E-8	-3.7478E-8	-1.6605E-8	-7.1601E-9	1.0762E-8	7.7397E-9	-3.9575E-8	-3.9909E-8	-1.2577E-8	3.6490E-11	-5.1179E-8	-1.0931E-8	-2.2036E-8	-4.3395E-8	-3.2438E-8	-1.1283E-7	-1.4188E-7	-6.5968E-8	-1.5499E-7	-1.2038E-7	-7.0320E-8	-1.3369E-7	-1.1107E-7	-1.0676E-7	-6.2470E-8	-1.0456E-7	-7.7365E-8	-6.5179E-8	-1.0360E-7	-8.9384E-8	-8.5540E-8	-1.3380E-7	-5.5985E-8	-1.0392E-7	-1.1474E-7	-1.2656E-8	-9.8613E-8	-2.7655E-8	-6.3773E-8	-4.2091E-8
1.4581E+1	2.2415E-7	3.7514E-7	6.8790E-7	8.8863E-7	9.8323E-7	9.0113E-7	6.9481E-7	4.1872E-7	2.7973E-7	1.2913E-7	1.1155E-7	3.7210E-8	2.8391E-8	8.7661E-8	7.3298E-8	1.0294E-7	1.6222E-7	1.3695E-7	-1.9253E-8	-4.0004E-8	-4.7130E-8	-3.9283E-8	-3.9493E-8	2.0180E-9	-6.9012E-8	1.8783E-8	4.9932E-8	8.9999E-8	6.5839E-8	-7.3027E-9	-6.2150E-9	-1.3903E-8	-1.6481E-7	-8.8552E-8	-1.0974E-7	-1.5862E-7	-1.3416E-7	-9.3461E-8	-1.0816E-7	-1.4172E-7	-9.3046E-8	-1.2596E-7	-7.5732E-8	-1.4564E-7	-1.7689E-7	-1.8476E-7	-1.2097E-7	-1.4042E-7	-1.3844E-7	-6.7326E-8	-1.5604E-7	-8.1958E-8	-7.1603E-8	-1.2569E-7	-9.3164E-8	-8.2986E-8
1.4619E+1	3.4863E-7	4.2262E-7	7.9302E-7	1.4305E-6	1.6449E-6	1.4528E-6	1.1212E-6	6.8221E-7	3.4383E-7	2.5380E-7	1.2661E-7	8.2032E-8	8.5595E-8	1.6010E-7	2.0377E-7	1.3735E-7	1.5003E-7	3.5380E-7	1.9579E-7	5.0544E-8	-1.4558E-8	-6.8969E-8	-1.2735E-7	-5.6844E-8	-3.1345E-8	-7.1135E-8	7.0648E-8	1.6968E-7	1.4621E-7	9.0185E-8	4.4040E-9	-3.8577E-8	-6.3916E-8	-1.2167E-7	-1.6778E-7	-1.6796E-7	-1.7414E-7	-2.0558E-7	-1.9623E-7	-1.5988E-7	-8.0702E-8	-2.1490E-7	-6.1974E-8	-1.2222E-7	-2.4460E-7	-1.9611E-7	-1.5151E-7	-2.1120E-7	-1.8774E-7	-1.7903E-7	-1.2384E-7	-1.1642E-7	-9.4007E-8	-6.7851E-8	-1.6751E-7	-1.3551E-7
1.4657E+1	2.9674E-7	4.4831E-7	5.7393E-7	1.5276E-6	2.8620E-6	2.6186E-6	1.9708E-6	1.1698E-6	7.4620E-7	3.4487E-7	3.9365E-7	2.4964E-7	1.8089E-7	2.1770E-7	3.6604E-7	3.8476E-7	2.2038E-7	4.6593E-7	5.8792E-7	3.3578E-7	1.2413E-7	5.2457E-8	4.1011E-9	-8.5715E-8	-2.4400E-8	-1.4188E-10	1.0966E-7	3.5775E-7	3.1790E-7	3.5743E-7	2.8807E-7	7.9802E-8	2.9400E-8	6.8618E-8	-9.5476E-8	-1.6056E-7	-1.5430E-7	-1.5050E-7	-2.2833E-7	-1.9786E-7	-1.9320E-7	-2.1394E-7	-1.5187E-7	-1.0445E-7	-2.7069E-7	-2.1773E-7	-1.8818E-7	-2.1748E-7	-2.5566E-7	-1.8611E-7	-2.7584E-7	-1.5415E-7	-1.6488E-7	-7.0129E-8	-1.3384E-7	-2.0161E-7
1.4695E+1	1.1112E-6	7.8695E-7	2.3231E-6	4.5366E-6	2.7607E-5	4.0044E-5	3.1170E-5	1.9950E-5	1.1726E-5	7.1051E-6	3.8440E-6	5.4760E-6	3.4446E-6	3.4254E-6	3.7821E-6	6.2180E-6	4.3693E-6	5.0340E-6	8.0229E-6	8.4674E-6	4.1376E-6	2.2782E-6	1.4737E-6	1.2947E-6	8.8497E-8	1.1477E-6	1.3440E-6	3.3892E-6	5.7374E-6	6.0893E-6	6.1445E-6	4.6585E-6	2.5617E-6	2.2784E-6	1.5964E-6	4.4005E-7	-3.9641E-7	-2.5645E-7	-5.1195E-7	7.4806E-9	-8.2840E-7	-1.2849E-6	-6.3395E-7	-3.3099E-7	-1.2490E-6	-1.6213E-6	-1.0595E-6	-1.3010E-6	-2.0306E-6	-1.8137E-6	-1.7172E-6	-2.6501E-6	-1.7338E-6	-6.8492E-7	-5.4201E-7	-1.6289E-6
1.4733E+1	-1.5159E-6	-1.8617E-6	-2.1902E-6	-1.7058E-6	9.9595E-6	4.4246E-5	4.7086E-5	3.2636E-5	2.0713E-5	1.1182E-5	6.2979E-6	5.1037E-6	6.1659E-6	4.1929E-6	4.2578E-6	6.1901E-6	7.1050E-6	5.3021E-6	7.7355E-6	1.0518E-5	8.6229E-6	4.2032E-6	3.1163E-6	2.2481E-6	1.5046E-6	1.0402E-6	2.8647E-6	2.1869E-6	5.9466E-6	8.5051E-6	8.8938E-6	8.2009E-6	5.8259E-6	4.4413E-6	3.8802E-6	2.6114E-6	1.7250E-6	1.0187E-6	7.0392E-7	2.0654E-7	4.3330E-7	4.3800E-7	3.9718E-7	-3.7925E-7	1.2840E-7	-9.9322E-7	-9.0227E-7	-1.2516E-7	-6.0843E-7	-9.9829E-7	-1.8699E-6	-1.5152E-6	-2.1342E-6	-9.6721E-7	5.1149E-7	-4.4480E-7
1.4770E+1	-5.2196E-6	-5.8861E-6	-7.9227E-6	-7.1367E-6	-5.3611E-6	2.4632E-5	6.3811E-5	5.0000E-5	3.3806E-5	1.7587E-5	9.2596E-6	6.8991E-6	7.8307E-6	7.4153E-6	4.9735E-6	6.1911E-6	8.3221E-6	7.8610E-6	7.2925E-6	1.0217E-5	1.2939E-5	8.5877E-6	5.4851E-6	3.6546E-6	2.9764E-6	1.9902E-6	2.4792E-6	2.9547E-6	4.5766E-6	9.2986E-6	1.1151E-5	1.1418E-5	9.0005E-6	5.9210E-6	6.7093E-6	5.4505E-6	5.2483E-6	3.6245E-6	3.5279E-6	1.9348E-6	1.2647E-6	1.6179E-6	2.4917E-6	1.4656E-6	5.2461E-7	5.9692E-7	-2.0261E-7	3.4835E-7	-6.4003E-8	9.7211E-8	-1.1494E-6	-1.8863E-6	-6.1818E-7	-1.7063E-6	2.7986E-7	9.6971E-7
1.4808E+1	-6.8894E-6	-1.0544E-5	-1.2199E-5	-1.5513E-5	-1.3534E-5	-4.1206E-6	5.2072E-5	7.9782E-5	5.1289E-5	3.1769E-5	1.2955E-5	9.6515E-6	7.4345E-6	1.0693E-5	6.8265E-6	6.4584E-6	7.2389E-6	9.6194E-6	7.9927E-6	7.5764E-6	1.3424E-5	1.3788E-5	9.4536E-6	5.5658E-6	3.3454E-6	4.0840E-6	2.5836E-6	4.0129E-6	3.7677E-6	8.0436E-6	1.3570E-5	1.3684E-5	1.3513E-5	9.6107E-6	7.6811E-6	7.2928E-6	7.1995E-6	6.0878E-6	5.0897E-6	4.3592E-6	3.1396E-6	3.5235E-6	2.6608E-6	3.8487E-6	1.9248E-6	1.3164E-6	1.2496E-6	1.2693E-6	1.2749E-6	7.2814E-7	3.5452E-7	-9.6878E-7	-5.9746E-7	-4.2726E-7	-4.4336E-7	9.1766E-7
1.4846E+1	-1.1234E-5	-1.3100E-5	-1.7814E-5	-2.1110E-5	-2.5562E-5	-2.0709E-5	5.3869E-6	7.8141E-5	7.9796E-5	4.8369E-5	2.6888E-5	1.3624E-5	1.0621E-5	1.1126E-5	1.1117E-5	7.3636E-6	7.3936E-6	9.3805E-6	9.7052E-6	6.7007E-6	1.0351E-5	1.4827E-5	1.3998E-5	9.2297E-6	5.1074E-6	4.8321E-6	3.8104E-6	3.9820E-6	4.5936E-6	5.3569E-6	1.1870E-5	1.5053E-5	1.4981E-5	1.4709E-5	1.2188E-5	9.8876E-6	9.8517E-6	8.6450E-6	7.3638E-6	6.5235E-6	5.1018E-6	5.9470E-6	5.4367E-6	5.4517E-6	4.5769E-6	3.1624E-6	3.4577E-6	2.0196E-6	2.4508E-6	2.1340E-6	2.2474E-6	1.0803E-6	2.6102E-7	-5.1131E-7	3.5409E-7	1.0624E-6
1.4884E+1	-1.3917E-5	-1.5694E-5	-2.0445E-5	-2.3968E-5	-3.1486E-5	-3.0295E-5	-2.2115E-5	2.7721E-5	9.4543E-5	7.0531E-5	4.1277E-5	1.9663E-5	1.3285E-5	1.1852E-5	1.2669E-5	9.7684E-6	7.0823E-6	8.9864E-6	9.7755E-6	7.5250E-6	7.9694E-6	1.0475E-5	1.5107E-5	1.1645E-5	8.0834E-6	5.7573E-6	5.4340E-6	4.5548E-6	4.6209E-6	5.9969E-6	8.8072E-6	1.3612E-5	1.5671E-5	1.4939E-5	1.4672E-5	1.1670E-5	1.0164E-5	1.0164E-5	8.8815E-6	8.3101E-6	7.4939E-6	6.0141E-6	6.4989E-6	6.5668E-6	6.7934E-6	4.7440E-6	5.6147E-6	4.0937E-6	3.5210E-6	3.6305E-6	3.8212E-6	3.0547E-6	2.3076E-6	5.0354E-7	7.4644E-8	1.6433E-6
1.4922E+1	-1.5376E-5	-1.9671E-5	-2.2310E-5	-3.0156E-5	-3.4680E-5	-4.1657E-5	-3.3946E-5	-1.6271E-5	5.9028E-5	1.0314E-4	6.0187E-5	3.5017E-5	1.6005E-5	1.5750E-5	1.2675E-5	1.3690E-5	8.4131E-6	9.4163E-6	9.7443E-6	9.3805E-6	7.5990E-6	7.8115E-6	1.1719E-5	1.4382E-5	9.5525E-6	7.7759E-6	5.2645E-6	6.5256E-6	4.9265E-6	6.7147E-6	7.5349E-6	1.2550E-5	1.5384E-5	1.7461E-5	1.6937E-5	1.5764E-5	1.1907E-5	1.1195E-5	1.0398E-5	9.5094E-6	9.9249E-6	8.5607E-6	7.3295E-6	6.7716E-6	7.7788E-6	7.2161E-6	5.9615E-6	6.0887E-6	4.4247E-6	4.6212E-6	5.1128E-6	3.8780E-6	3.7300E-6	2.1077E-6	1.4219E-6	9.1235E-7
1.4960E+1	-1.7757E-5	-2.0337E-5	-2.4782E-5	-3.0146E-5	-4.0220E-5	-4.4016E-5	-4.7850E-5	-3.4034E-5	-5.8974E-7	8.7371E-5	9.0523E-5	4.7432E-5	2.8562E-5	1.6020E-5	1.6100E-5	1.3037E-5	1.2945E-5	9.2017E-6	1.0529E-5	9.3940E-6	8.2924E-6	6.1023E-6	8.4528E-6	1.2173E-5	1.2097E-5	8.2946E-6	6.4022E-6	5.2116E-6	6.0913E-6	6.5548E-6	6.9538E-6	9.8937E-6	1.3555E-5	1.5063E-5	1.7487E-5	1.6697E-5	1.4907E-5	1.2325E-5	1.1989E-5	1.0889E-5	1.0585E-5	9.6507E-6	9.1460E-6	7.9881E-6	8.2628E-6	8.5164E-6	7.1524E-6	6.6502E-6	6.4998E-6	4.9867E-6	5.6021E-6	4.9788E-6	4.9021E-6	3.2922E-6	2.6093E-6	2.1381E-6
1.4998E+1	-1.6756E-5	-2.1117E-5	-2.5604E-5	-3.0895E-5	-3.8964E-5	-4.5509E-5	-4.8819E-5	-4.3351E-5	-2.5325E-5	2.8455E-5	9.5390E-5	6.6991E-5	3.8556E-5	2.3143E-5	1.6953E-5	1.4649E-5	1.3941E-5	1.2153E-5	1.0500E-5	9.9234E-6	8.9237E-6	6.1181E-6	6.3546E-6	8.5485E-6	1.1061E-5	9.3577E-6	7.4612E-6	6.2212E-6	5.6265E-6	6.9211E-6	7.6982E-6	9.4577E-6	1.1869E-5	1.3971E-5	1.6081E-5	1.6992E-5	1.5617E-5	1.3145E-5	1.1859E-5	1.1762E-5	1.1093E-5	1.0278E-5	8.9948E-6	8.6962E-6	9.1595E-6	9.2669E-6	7.9779E-6	6.7695E-6	6.7694E-6	5.9687E-6	5.4355E-6	5.0220E-6	5.9825E-6	4.4882E-6	3.4575E-6	2.0441E-6
1.5036E+1	-1.6317E-5	-1.9723E-5	-2.4218E-5	-3.1628E-5	-3.6935E-5	-4.4947E-5	-4.7693E-5	-4.7217E-5	-3.3467E-5	-9.1408E-6	5.1520E-5	8.1818E-5	4.6778E-5	3.1137E-5	1.8862E-5	1.6365E-5	1.3669E-5	1.4445E-5	1.0891E-5	1.0007E-5	8.8493E-6	7.5603E-6	4.8473E-6	6.1811E-6	6.8463E-6	8.7268E-6	6.0308E-6	6.9566E-6	5.1798E-6	6.2413E-6	7.4564E-6	9.4681E-6	1.0305E-5	1.2083E-5	1.4253E-5	1.6132E-5	1.6023E-5	1.4401E-5	1.2106E-5	1.1851E-5	1.0098E-5	1.0728E-5	9.1619E-6	8.4886E-6	8.2351E-6	9.0400E-6	8.8992E-6	7.8609E-6	7.5019E-6	6.2033E-6	6.1063E-6	5.3790E-6	5.9162E-6	5.6424E-6	4.7987E-6	2.4527E-6
1.5073E+1	-1.6339E-5	-1.8688E-5	-2.3281E-5	-2.9348E-5	-3.5416E-5	-4.1012E-5	-4.5807E-5	-4.4510E-5	-3.7471E-5	-1.9073E-5	9.9636E-6	6.0388E-5	6.0702E-5	3.4612E-5	2.4079E-5	1.6424E-5	1.4391E-5	1.3650E-5	1.2255E-5	9.9385E-6	9.2409E-6	7.5869E-6	5.6654E-6	5.2928E-6	5.0597E-6	6.6355E-6	6.1105E-6	5.4616E-6	5.9621E-6	4.7015E-6	7.6916E-6	8.6063E-6	1.0192E-5	1.0883E-5	1.2830E-5	1.4053E-5	1.4897E-5	1.3761E-5	1.2934E-5	1.1837E-5	1.0293E-5	9.9351E-6	9.3211E-6	8.8610E-6	8.1239E-6	7.2036E-6	7.7823E-6	7.1734E-6	7.5400E-6	6.7682E-6	5.9895E-6	5.7973E-6	5.1589E-6	5.4825E-6	5.1311E-6	3.7515E-6
1.5111E+1	-1.5292E-5	-1.7241E-5	-2.1518E-5	-2.7809E-5	-3.3537E-5	-3.8099E-5	-4.2129E-5	-4.2055E-5	-3.6027E-5	-2.3844E-5	-4.8216E-6	2.4048E-5	5.5206E-5	4.3439E-5	2.6991E-5	1.9513E-5	1.4374E-5	1.3284E-5	1.0965E-5	1.0285E-5	9.2439E-6	6.7802E-6	5.0044E-6	4.5838E-6	3.9672E-6	4.5350E-6	5.5125E-6	5.0524E-6	5.6360E-6	5.2215E-6	7.0396E-6	8.5264E-6	9.0069E-6	9.8437E-6	1.2054E-5	1.2370E-5	1.3752E-5	1.2943E-5	1.2264E-5	1.2055E-5	9.5842E-6	1.0129E-5	8.6661E-6	9.0926E-6	8.0203E-6	8.1255E-6	7.5361E-6	7.2390E-6	6.4369E-6	6.9360E-6	6.2648E-6	6.1103E-6	5.0965E-6	5.5525E-6	5.1122E-6	3.5996E-6
1.5149E+1	-1.5430E-5	-1.6844E-5	-1.9535E-5	-2.5071E-5	-3.1402E-5	-3.6782E-5	-3.7606E-5	-3.8929E-5	-3.2951E-5	-2.4039E-5	-9.8236E-6	6.1317E-6	3.0240E-5	4.6146E-5	3.1283E-5	2.1933E-5	1.5335E-5	1.3302E-5	1.0616E-5	9.8176E-6	9.0809E-6	6.9717E-6	4.8319E-6	4.5095E-6	2.8031E-6	2.9915E-6	3.3973E-6	4.5959E-6	4.2064E-6	4.8496E-6	6.9583E-6	8.5318E-6	9.3250E-6	8.8606E-6	1.0827E-5	1.1249E-5	1.1610E-5	1.2497E-5	1.0726E-5	1.1866E-5	9.6376E-6	9.1349E-6	8.1831E-6	8.4021E-6	7.2479E-6	7.0567E-6	7.0701E-6	6.6671E-6	6.2970E-6	6.1224E-6	5.6086E-6	4.8434E-6	4.9033E-6	5.1529E-6	5.8690E-6	3.7380E-6
1.5187E+1	-1.4751E-5	-1.5612E-5	-1.8558E-5	-2.2420E-5	-2.8343E-5	-3.4193E-5	-3.6450E-5	-3.4281E-5	-3.1563E-5	-2.1815E-5	-1.2323E-5	3.8995E-7	1.2520E-5	3.3661E-5	3.7653E-5	2.4378E-5	1.7638E-5	1.2799E-5	1.1111E-5	9.4189E-6	8.4107E-6	6.2110E-6	5.5642E-6	4.4090E-6	3.0317E-6	1.7623E-6	2.0218E-6	3.3243E-6	4.0192E-6	3.9543E-6	5.9204E-6	7.1873E-6	9.2078E-6	9.1973E-6	9.8072E-6	1.0407E-5	1.0606E-5	1.1464E-5	1.0635E-5	1.0397E-5	9.7211E-6	8.8131E-6	8.0734E-6	7.7546E-6	7.2028E-6	7.4198E-6	6.9425E-6	6.1649E-6	5.4159E-6	6.3004E-6	5.6565E-6	4.1617E-6	4.1350E-6	4.4691E-6	4.2852E-6	4.5790E-6
1.5225E+1	-1.3821E-5	-1.5300E-5	-1.6769E-5	-2.0737E-5	-2.5119E-5	-3.0080E-5	-3.3447E-5	-3.1920E-5	-2.7328E-5	-2.0626E-5	-1.1305E-5	-3.6652E-6	5.8614E-6	1.7288E-5	3.3948E-5	2.9587E-5	1.9853E-5	1.4580E-5	1.1426E-5	9.8715E-6	8.7023E-6	6.3322E-6	5.7127E-6	4.8187E-6	3.1442E-6	1.7098E-6	6.9512E-7	2.0885E-6	2.8248E-6	4.2398E-6	5.8829E-6	6.4838E-6	7.4476E-6	9.0700E-6	9.5605E-6	9.7915E-6	9.9907E-6	9.9453E-6	9.9992E-6	1.0332E-5	8.8760E-6	7.9062E-6	7.2914E-6	7.0620E-6	6.1842E-6	6.1745E-6	6.5280E-6	6.2696E-6	5.0420E-6	4.8485E-6	5.3052E-6	4.3567E-6	5.0607E-6	4.4551E-6	3.5232E-6	3.0939E-6
1.5263E+1	-1.2204E-5	-1.4654E-5	-1.6714E-5	-1.9571E-5	-2.3509E-5	-2.6548E-5	-3.0197E-5	-2.9981E-5	-2.4856E-5	-1.8387E-5	-1.0114E-5	-4.4041E-6	1.8631E-6	9.5210E-6	2.1883E-5	3.1252E-5	2.3020E-5	1.6917E-5	1.2062E-5	9.8367E-6	8.1323E-6	6.8102E-6	5.7279E-6	4.0881E-6	3.2476E-6	2.4578E-6	5.2237E-7	1.2197E-6	2.0644E-6	3.4353E-6	4.9726E-6	7.0927E-6	7.0899E-6	7.5874E-6	8.6947E-6	9.3635E-6	1.0111E-5	9.6007E-6	9.0688E-6	9.6003E-6	8.8455E-6	8.0259E-6	6.6931E-6	6.3921E-6	6.4538E-6	5.9369E-6	5.1592E-6	5.4713E-6	5.0451E-6	4.3900E-6	4.2571E-6	3.3907E-6	4.3780E-6	4.4997E-6	2.9733E-6	2.9350E-6
1.5301E+1	-1.0638E-5	-1.2564E-5	-1.5758E-5	-1.8402E-5	-2.2467E-5	-2.4721E-5	-2.6402E-5	-2.7230E-5	-2.3883E-5	-1.7084E-5	-1.0329E-5	-3.7629E-6	-9.3081E-7	4.9442E-6	1.2461E-5	2.4352E-5	2.7311E-5	2.0148E-5	1.5309E-5	1.1122E-5	9.3529E-6	6.6517E-6	6.7237E-6	3.6936E-6	2.2416E-6	2.1085E-6	1.1918E-6	7.3212E-7	1.6852E-6	3.3431E-6	4.4076E-6	5.9929E-6	8.0703E-6	7.9827E-6	8.4266E-6	8.6745E-6	9.3123E-6	8.9796E-6	8.9139E-6	8.9319E-6	7.7668E-6	7.4578E-6	6.9528E-6	6.1359E-6	6.1164E-6	5.5794E-6	5.7079E-6	4.6668E-6	5.1061E-6	3.8192E-6	5.0901E-6	4.2201E-6	3.6956E-6	3.4153E-6	2.9365E-6	3.2118E-6
1.5338E+1	-1.0344E-5	-1.2032E-5	-1.4603E-5	-1.6896E-5	-2.0703E-5	-2.4133E-5	-2.4933E-5	-2.3364E-5	-2.2198E-5	-1.6520E-5	-9.6302E-6	-5.0216E-6	-7.4189E-7	1.0892E-6	7.3547E-6	1.3703E-5	2.4281E-5	2.3473E-5	1.7013E-5	1.3124E-5	1.0179E-5	7.7021E-6	6.4649E-6	4.7592E-6	3.2071E-6	1.9506E-6	1.3561E-6	1.1082E-6	1.5514E-6	2.1119E-6	4.1745E-6	5.3522E-6	6.5328E-6	7.7703E-6	8.4134E-6	9.0828E-6	9.0172E-6	8.5419E-6	8.5814E-6	8.5634E-6	8.0767E-6	6.3806E-6	6.4372E-6	6.4543E-6	6.6657E-6	4.9374E-6	5.4006E-6	4.6019E-6	4.5485E-6	3.8431E-6	4.2557E-6	5.1159E-6	3.5585E-6	2.9851E-6	2.2880E-6	2.9038E-6
1.5376E+1	-9.9749E-6	-1.1925E-5	-1.4441E-5	-1.6215E-5	-1.8823E-5	-2.2906E-5	-2.3835E-5	-2.2245E-5	-1.9987E-5	-1.6986E-5	-9.2849E-6	-5.5576E-6	-1.8926E-6	5.2204E-7	3.7743E-6	8.5544E-6	1.5811E-5	2.4800E-5	2.0248E-5	1.5183E-5	1.1042E-5	8.8154E-6	6.5381E-6	4.4177E-6	3.4319E-6	3.0803E-6	1.7913E-6	1.8013E-6	1.9680E-6	2.7084E-6	3.8089E-6	6.0564E-6	6.3860E-6	7.6364E-6	7.7895E-6	8.3391E-6	8.4891E-6	7.4887E-6	8.0992E-6	7.7798E-6	7.7858E-6	6.8667E-6	5.9360E-6	6.4726E-6	6.2827E-6	5.3294E-6	5.2639E-6	5.1489E-6	4.0056E-6	3.9614E-6	4.0693E-6	4.9610E-6	3.6953E-6	3.0568E-6	3.1389E-6	2.8000E-6
1.5414E+1	-9.6196E-6	-1.1109E-5	-1.3466E-5	-1.6160E-5	-1.8026E-5	-2.0972E-5	-2.3016E-5	-2.0507E-5	-1.8804E-5	-1.5264E-5	-1.0365E-5	-5.7213E-6	-4.2519E-6	-7.9878E-7	1.2829E-6	5.0470E-6	8.8904E-6	1.8381E-5	2.2699E-5	1.7127E-5	1.2325E-5	9.5727E-6	7.4669E-6	5.5224E-6	3.3159E-6	2.9851E-6	2.4489E-6	1.9625E-6	1.3452E-6	1.8851E-6	4.5735E-6	5.2142E-6	6.7180E-6	7.3432E-6	8.9347E-6	8.1596E-6	9.2220E-6	8.0679E-6	7.9399E-6	7.3661E-6	7.4814E-6	6.6335E-6	6.5707E-6	6.4843E-6	6.2666E-6	5.0537E-6	5.1070E-6	5.1730E-6	4.8627E-6	4.0142E-6	4.1669E-6	3.6133E-6	3.9977E-6	3.2254E-6	3.7113E-6	2.7321E-6
1.5452E+1	-9.5642E-6	-1.1144E-5	-1.2248E-5	-1.5470E-5	-1.8254E-5	-1.9642E-5	-2.1277E-5	-2.0922E-5	-1.7539E-5	-1.4250E-5	-9.1981E-6	-5.5375E-6	-3.9127E-6	-2.7486E-6	-1.1059E-7	2.6596E-6	5.9482E-6	1.1208E-5	2.0202E-5	1.9424E-5	1.3251E-5	1.0236E-5	7.2788E-6	6.1434E-6	3.8236E-6	2.7621E-6	2.4631E-6	2.2209E-6	2.1235E-6	1.2092E-6	4.2597E-6	4.7659E-6	5.8817E-6	6.6468E-6	7.6081E-6	7.8139E-6	7.9442E-6	7.8283E-6	8.4975E-6	7.4438E-6	7.1197E-6	6.8970E-6	6.4594E-6	6.5203E-6	5.6995E-6	5.3484E-6	5.2382E-6	4.1250E-6	4.5958E-6	4.1652E-6	4.6279E-6	3.5618E-6	3.1277E-6	4.0523E-6	3.8130E-6	3.1340E-6
1.5490E+1	-9.2914E-6	-1.0531E-5	-1.1888E-5	-1.4540E-5	-1.7384E-5	-1.9083E-5	-1.9040E-5	-1.9506E-5	-1.7931E-5	-1.3607E-5	-1.0136E-5	-6.0783E-6	-4.4722E-6	-2.5386E-6	-1.7083E-6	4.5862E-7	3.1542E-6	6.6550E-6	1.2673E-5	1.9437E-5	1.5932E-5	1.1313E-5	8.5446E-6	6.4143E-6	4.2024E-6	3.2337E-6	2.1926E-6	1.0672E-6	1.9588E-6	2.3640E-6	3.6093E-6	4.3147E-6	5.7525E-6	6.4285E-6	7.4312E-6	7.6123E-6	8.5206E-6	7.1905E-6	7.5486E-6	7.6247E-6	6.6181E-6	6.4641E-6	6.6636E-6	6.0041E-6	5.6542E-6	5.1046E-6	5.3038E-6	4.4558E-6	4.2338E-6	3.4965E-6	3.3921E-6	3.8710E-6	3.1056E-6	3.6220E-6	3.7637E-6	3.1863E-6
1.5528E+1	-8.3490E-6	-9.8349E-6	-1.1232E-5	-1.4519E-5	-1.6901E-5	-1.8276E-5	-1.7490E-5	-1.7047E-5	-1.6178E-5	-1.2849E-5	-9.1930E-6	-6.4740E-6	-5.1137E-6	-3.6854E-6	-1.7447E-6	-9.8637E-7	1.4698E-6	4.3647E-6	7.2380E-6	1.2146E-5	1.7130E-5	1.2215E-5	9.1085E-6	6.6785E-6	4.3103E-6	3.4274E-6	2.8838E-6	9.2046E-7	1.4619E-6	2.3321E-6	3.5396E-6	3.3044E-6	5.1687E-6	5.9031E-6	6.7175E-6	7.2849E-6	7.4365E-6	7.5087E-6	7.5734E-6	7.5126E-6	7.1098E-6	6.2490E-6	6.0494E-6	5.6370E-6	5.0899E-6	5.9242E-6	4.7974E-6	3.8850E-6	5.0480E-6	3.8847E-6	3.1576E-6	2.8865E-6	3.4662E-6	3.1706E-6	2.9796E-6	2.9693E-6
1.5566E+1	-7.6439E-6	-8.6947E-6	-1.0424E-5	-1.3580E-5	-1.6360E-5	-1.8897E-5	-1.7401E-5	-1.5909E-5	-1.4355E-5	-1.2526E-5	-8.3736E-6	-6.3339E-6	-4.5863E-6	-3.7747E-6	-2.6466E-6	-2.6822E-6	-2.1348E-7	2.2089E-6	5.5739E-6	8.0564E-6	1.3706E-5	1.5157E-5	9.7223E-6	6.4722E-6	4.1573E-6	3.1659E-6	2.0673E-6	1.2063E-6	9.9231E-7	2.0902E-6	2.2093E-6	3.6726E-6	3.8624E-6	5.4671E-6	5.7204E-6	7.6069E-6	7.4626E-6	6.1982E-6	6.4282E-6	6.9882E-6	6.6445E-6	6.6199E-6	6.0759E-6	5.3070E-6	4.6234E-6	5.4926E-6	5.2615E-6	4.1032E-6	4.4114E-6	4.1818E-6	3.8343E-6	3.3089E-6	3.0091E-6	3.3984E-6	2.5586E-6	3.0003E-6
1.5604E+1	-7.3675E-6	-7.7309E-6	-9.6807E-6	-1.2687E-5	-1.4555E-5	-1.7688E-5	-1.8295E-5	-1.5965E-5	-1.2757E-5	-1.1678E-5	-8.5224E-6	-5.9716E-6	-5.2556E-6	-3.7357E-6	-2.6818E-6	-3.0005E-6	-2.2278E-6	-3.1635E-7	1.6817E-6	5.1055E-6	8.3769E-6	1.4451E-5	1.3445E-5	7.7451E-6	5.0842E-6	3.7926E-6	1.7133E-6	1.7554E-6	1.4570E-6	1.6167E-6	1.5042E-6	3.3274E-6	3.9630E-6	4.3477E-6	4.9409E-6	5.2079E-6	7.1083E-6	6.6676E-6	5.9803E-6	6.0038E-6	6.0590E-6	5.3319E-6	5.7037E-6	5.2894E-6	4.9072E-6	4.7822E-6	4.0459E-6	4.2429E-6	4.7542E-6	3.2836E-6	3.8983E-6	3.1470E-6	3.4676E-6	2.4233E-6	3.1644E-6	2.4318E-6
1.5641E+1	-6.5317E-6	-7.3882E-6	-8.1197E-6	-1.1681E-5	-1.3746E-5	-1.5925E-5	-1.7816E-5	-1.6386E-5	-1.2026E-5	-9.8652E-6	-7.7701E-6	-5.9179E-6	-4.5098E-6	-4.0479E-6	-3.2704E-6	-3.1495E-6	-1.6008E-6	-1.0044E-6	4.2907E-7	2.4435E-6	4.7446E-6	7.8029E-6	1.2904E-5	9.2802E-6	5.9811E-6	4.4424E-6	2.1661E-6	1.2719E-6	2.0883E-6	1.1195E-6	1.8418E-6	3.1321E-6	4.5425E-6	4.2589E-6	5.4516E-6	5.2119E-6	5.3898E-6	5.9606E-6	5.9150E-6	5.7228E-6	5.9061E-6	5.2784E-6	5.1578E-6	4.4468E-6	4.9577E-6	4.9424E-6	3.9613E-6	4.0201E-6	4.1878E-6	3.4371E-6	3.6857E-6	2.7710E-6	3.1151E-6	2.1740E-6	2.0032E-6	2.5280E-6
1.5679E+1	-5.4780E-6	-6.8208E-6	-7.7024E-6	-9.6015E-6	-1.2600E-5	-1.4938E-5	-1.7101E-5	-1.6737E-5	-1.2251E-5	-8.6552E-6	-6.2870E-6	-5.4746E-6	-4.7090E-6	-3.7787E-6	-3.3289E-6	-3.5877E-6	-2.4295E-6	-1.3200E-6	5.3883E-7	1.4416E-6	3.4603E-6	5.2239E-6	9.1149E-6	1.0449E-5	6.2304E-6	4.6283E-6	2.4844E-6	1.7104E-6	1.7229E-6	9.2795E-7	1.1277E-6	3.1637E-6	3.8322E-6	4.1420E-6	3.9324E-6	5.1427E-6	5.1969E-6	5.5286E-6	5.2821E-6	5.5238E-6	4.9863E-6	5.2262E-6	5.1161E-6	5.2322E-6	3.9943E-6	4.5654E-6	3.6236E-6	4.3820E-6	4.1463E-6	3.2777E-6	3.5554E-6	2.9624E-6	2.7985E-6	2.7002E-6	2.0387E-6	1.2243E-6
1.5717E+1	-5.3202E-6	-5.6987E-6	-6.8670E-6	-8.4225E-6	-1.0938E-5	-1.3631E-5	-1.5829E-5	-1.6005E-5	-1.3702E-5	-8.5927E-6	-5.4592E-6	-4.1417E-6	-4.2294E-6	-3.4911E-6	-3.7153E-6	-3.3107E-6	-2.5690E-6	-2.3585E-6	-5.4402E-7	1.3939E-6	1.2009E-6	2.6669E-6	5.6993E-6	9.1237E-6	8.0389E-6	4.8084E-6	3.0627E-6	1.5363E-6	1.4840E-6	1.5708E-6	1.4045E-6	2.6138E-6	4.0164E-6	4.1005E-6	4.0662E-6	4.0712E-6	4.6539E-6	4.7248E-6	4.5697E-6	5.2717E-6	4.3760E-6	4.2675E-6	4.0494E-6	4.5770E-6	5.0529E-6	3.6977E-6	3.8929E-6	3.4145E-6	3.6650E-6	3.8497E-6	3.3610E-6	3.2726E-6	2.4991E-6	2.1828E-6	2.4771E-6	1.7554E-6
1.5755E+1	-4.9911E-6	-5.6128E-6	-6.1340E-6	-7.1099E-6	-9.3308E-6	-1.2247E-5	-1.3997E-5	-1.4709E-5	-1.2921E-5	-9.4880E-6	-5.2110E-6	-3.7718E-6	-3.4696E-6	-3.3305E-6	-2.8335E-6	-3.2737E-6	-2.0436E-6	-2.1995E-6	-1.0498E-6	5.5549E-8	1.9248E-6	1.1163E-6	3.2878E-6	5.4502E-6	7.6277E-6	5.4655E-6	3.5392E-6	2.5573E-6	9.0025E-7	1.1295E-6	1.9280E-6	2.0281E-6	2.6013E-6	3.5725E-6	3.8727E-6	4.1462E-6	4.5582E-6	4.5826E-6	4.3167E-6	4.4865E-6	4.7285E-6	3.8816E-6	4.2005E-6	3.2243E-6	4.1833E-6	4.0662E-6	3.4543E-6	3.3889E-6	2.5103E-6	3.4330E-6	2.8815E-6	3.3550E-6	2.9520E-6	2.4466E-6	1.6025E-6	1.3091E-6
1.5793E+1	-4.4053E-6	-4.8479E-6	-5.5725E-6	-7.1556E-6	-8.2609E-6	-1.0815E-5	-1.2148E-5	-1.3526E-5	-1.2804E-5	-9.4319E-6	-5.6716E-6	-3.1325E-6	-2.5571E-6	-2.7665E-6	-3.0434E-6	-2.6700E-6	-2.1136E-6	-1.6020E-6	-1.0496E-6	-3.8179E-7	1.5858E-7	1.4071E-6	1.7870E-6	3.3687E-6	5.2929E-6	5.7383E-6	3.2633E-6	2.5048E-6	1.8671E-6	1.9904E-6	1.5383E-6	2.8013E-6	1.9820E-6	2.5977E-6	3.4674E-6	3.4864E-6	3.6650E-6	3.7905E-6	4.0227E-6	3.6347E-6	3.7194E-6	3.1975E-6	3.8368E-6	3.8858E-6	3.0655E-6	3.6732E-6	3.4323E-6	3.3861E-6	2.0697E-6	3.2376E-6	2.5631E-6	2.7058E-6	2.3698E-6	2.3959E-6	2.3524E-6	1.4629E-6
1.5831E+1	-2.8470E-6	-4.3256E-6	-4.2190E-6	-5.6157E-6	-7.9436E-6	-8.9904E-6	-1.0602E-5	-1.1398E-5	-1.1340E-5	-9.4228E-6	-6.1176E-6	-3.4250E-6	-2.2477E-6	-1.9004E-6	-1.7917E-6	-1.6692E-6	-1.8848E-6	-1.2199E-6	-7.1108E-7	-1.8405E-7	5.7792E-7	1.5941E-7	1.9163E-6	1.6137E-6	3.5309E-6	4.8211E-6	4.8150E-6	2.1080E-6	1.3531E-6	2.5160E-6	2.2409E-6	2.2743E-6	2.3789E-6	2.5202E-6	3.6761E-6	4.0291E-6	3.6832E-6	3.5813E-6	4.0512E-6	3.3016E-6	3.7293E-6	2.6573E-6	3.1895E-6	3.4721E-6	2.9465E-6	2.8626E-6	2.7519E-6	2.9719E-6	2.1655E-6	2.1129E-6	2.9268E-6	2.3170E-6	2.4768E-6	1.4163E-6	1.4250E-6	1.3411E-6
1.5869E+1	-3.3152E-6	-3.7065E-6	-4.7479E-6	-4.9070E-6	-6.4014E-6	-8.3735E-6	-8.8186E-6	-1.1027E-5	-1.0317E-5	-8.7670E-6	-6.1845E-6	-3.5138E-6	-1.8961E-6	-1.9379E-6	-1.5570E-6	-1.2009E-6	-1.1658E-6	-8.2441E-7	-6.6277E-7	-6.6076E-7	6.2737E-7	3.9892E-7	7.0333E-7	1.5422E-6	1.8038E-6	2.5704E-6	4.8343E-6	3.7152E-6	2.4071E-6	2.3315E-6	2.6725E-6	3.1808E-6	2.3009E-6	2.9028E-6	3.1269E-6	3.6514E-6	3.5775E-6	3.5060E-6	3.5419E-6	3.2586E-6	3.2146E-6	3.2928E-6	3.4790E-6	4.0105E-6	2.9308E-6	3.1778E-6	3.0648E-6	2.9225E-6	2.1603E-6	2.1999E-6	2.6440E-6	2.8723E-6	2.3085E-6	2.3560E-6	1.2839E-6	8.9762E-7
1.5906E+1	-2.5236E-6	-4.4026E-6	-3.7618E-6	-5.3722E-6	-4.4959E-6	-6.5972E-6	-7.3929E-6	-8.5208E-6	-9.4582E-6	-7.5729E-6	-6.1218E-6	-3.7031E-6	-2.4358E-6	-1.0745E-6	-3.8071E-7	-5.3628E-7	-1.4905E-6	-2.0568E-8	-5.4122E-7	-4.5281E-7	-2.6087E-7	7.7822E-8	8.1896E-7	4.2499E-7	2.0848E-6	8.3292E-7	2.7974E-6	3.2310E-6	2.9763E-6	2.7666E-6	2.3403E-6	2.9442E-6	2.7518E-6	3.4250E-6	3.6321E-6	3.2896E-6	3.0875E-6	3.7745E-6	2.8499E-6	2.5870E-6	2.2612E-6	2.4971E-6	2.6814E-6	3.3483E-6	2.6453E-6	2.4026E-6	2.8071E-6	2.8673E-6	1.7964E-6	1.5918E-6	1.6374E-6	2.5723E-6	2.0212E-6	1.8705E-6	1.4499E-6	4.0991E-7
1.5944E+1	-2.3685E-6	-4.2167E-6	-4.8642E-6	-5.3505E-6	-4.9714E-6	-4.8538E-6	-6.2896E-6	-7.1053E-6	-8.1492E-6	-6.1142E-6	-4.9868E-6	-2.5336E-6	-1.5767E-6	-1.2207E-6	2.2489E-7	5.8422E-7	-1.1049E-7	3.7158E-7	5.4367E-7	2.1284E-7	1.0267E-6	-7.4388E-9	7.0819E-7	6.9267E-7	1.6726E-6	1.8189E-6	1.9783E-6	3.6441E-6	3.6319E-6	3.2805E-6	3.8191E-6	3.2510E-6	3.1475E-6	3.1219E-6	3.3354E-6	3.6465E-6	3.1390E-6	3.7750E-6	3.1433E-6	3.1335E-6	2.5807E-6	2.5658E-6	2.4315E-6	2.8826E-6	2.5401E-6	2.6220E-6	2.6555E-6	2.8575E-6	1.8641E-6	2.2434E-6	1.3093E-6	1.8088E-6	1.6881E-6	1.5996E-6	1.2281E-6	2.6484E-7
1.5982E+1	-3.1522E-6	-3.2623E-6	-4.3601E-6	-5.6617E-6	-5.0623E-6	-4.8331E-6	-5.3187E-6	-5.7852E-6	-7.1661E-6	-5.8204E-6	-5.2469E-6	-3.6734E-6	-1.4529E-6	-5.7320E-7	1.2484E-7	1.1934E-7	2.4245E-7	2.3700E-7	4.5636E-7	4.8726E-7	4.4441E-7	1.1353E-6	8.4868E-7	9.1064E-7	1.2903E-6	1.5329E-6	1.5857E-6	2.4771E-6	4.2214E-6	3.2632E-6	4.3829E-6	3.8203E-6	4.0553E-6	4.2444E-6	3.0373E-6	3.3233E-6	3.6952E-6	3.6203E-6	3.1221E-6	2.8750E-6	3.1483E-6	2.9121E-6	2.1048E-6	2.2648E-6	2.3281E-6	2.0541E-6	2.7851E-6	2.2849E-6	1.7985E-6	1.8722E-6	2.2217E-6	2.1828E-6	1.6946E-6	1.7439E-6	1.6365E-6	9.6166E-7
1.6020E+1	-3.5779E-6	-3.9068E-6	-3.8835E-6	-5.2324E-6	-5.5891E-6	-4.2870E-6	-3.9636E-6	-4.9033E-6	-4.8208E-6	-4.0355E-6	-3.4875E-6	-3.0489E-6	-1.6240E-6	-7.4021E-7	6.8641E-7	3.0842E-7	9.8477E-7	3.7619E-7	7.2898E-7	8.6670E-7	8.3770E-7	5.0060E-7	6.0742E-7	8.9625E-7	1.3322E-6	1.3238E-6	2.1354E-6	2.0947E-6	3.2547E-6	4.0857E-6	4.7956E-6	4.2115E-6	4.0599E-6	4.1534E-6	4.0383E-6	3.1670E-6	3.8037E-6	3.5653E-6	3.2000E-6	3.1151E-6	3.0077E-6	2.8830E-6	2.8060E-6	1.9670E-6	2.6278E-6	2.1820E-6	2.1490E-6	1.8809E-6	1.4184E-6	1.5821E-6	1.1588E-6	2.0197E-6	1.9447E-6	1.6407E-6	1.9285E-6	1.4760E-6
1.6058E+1	-3.5316E-6	-4.1094E-6	-4.4828E-6	-5.1785E-6	-5.9794E-6	-6.4987E-6	-3.6277E-6	-3.8933E-6	-4.4637E-6	-3.6989E-6	-3.2304E-6	-2.7533E-6	-1.5940E-6	-1.0312E-6	3.8183E-7	9.1062E-7	1.1488E-6	6.4060E-7	9.8630E-7	1.0689E-6	1.0088E-6	1.7370E-6	9.1949E-7	3.9421E-7	6.2298E-7	8.6037E-7	1.2683E-6	2.2473E-6	2.5746E-6	3.2214E-6	5.0704E-6	4.6497E-6	5.0919E-6	4.6432E-6	4.3832E-6	4.4428E-6	4.3209E-6	4.0702E-6	3.7486E-6	2.9832E-6	3.5201E-6	2.1469E-6	2.4714E-6	2.5936E-6	1.9955E-6	2.2900E-6	2.6422E-6	1.5642E-6	1.4381E-6	1.2185E-6	1.8244E-6	8.0730E-7	1.6927E-6	1.3164E-6	1.7248E-6	1.6022E-6
1.6096E+1	-3.8925E-6	-3.7978E-6	-4.7991E-6	-5.1957E-6	-5.6743E-6	-6.3159E-6	-5.0497E-6	-2.6050E-6	-2.2499E-6	-2.8983E-6	-2.5597E-6	-1.9255E-6	-1.5357E-6	-1.2343E-6	-3.4985E-7	3.8344E-7	1.5407E-6	9.6369E-7	1.7468E-6	9.6763E-7	1.3205E-6	1.1337E-6	1.3249E-6	8.1139E-7	-1.3089E-7	5.6447E-7	1.0872E-6	1.0945E-6	2.4942E-6	3.3235E-6	4.3325E-6	4.8006E-6	4.8504E-6	4.7204E-6	4.7270E-6	4.2839E-6	4.8051E-6	4.3277E-6	4.3971E-6	3.8055E-6	3.9839E-6	3.2230E-6	2.5189E-6	3.4438E-6	2.8234E-6	1.6984E-6	2.0243E-6	2.2736E-6	2.1209E-6	1.3998E-6	1.4419E-6	1.6218E-6	1.1266E-6	1.6648E-6	8.0565E-7	1.2971E-6
1.6134E+1	-3.9820E-6	-4.2469E-6	-5.3582E-6	-6.0875E-6	-6.6718E-6	-7.4616E-6	-5.8364E-6	-4.3307E-6	-1.5476E-6	-2.0379E-6	-2.5552E-6	-1.8353E-6	-1.3812E-6	-9.2861E-7	4.5359E-7	-7.5130E-8	5.0959E-7	7.6609E-7	1.9484E-6	1.4115E-6	1.2178E-6	2.3100E-6	1.1338E-6	9.9582E-7	7.3793E-8	-1.6325E-7	4.2781E-7	7.8441E-7	1.0035E-6	2.6646E-6	4.1486E-6	4.6547E-6	5.4200E-6	4.6218E-6	4.7240E-6	4.6894E-6	4.2776E-6	4.1731E-6	3.9386E-6	3.2687E-6	3.4424E-6	2.9799E-6	2.5626E-6	3.5260E-6	3.3894E-6	3.1651E-6	2.0925E-6	1.7617E-6	2.5043E-6	2.6042E-6	2.0422E-6	1.6201E-6	1.6775E-6	1.8939E-6	1.4740E-6	1.0865E-6
1.6171E+1	-2.7664E-6	-3.6116E-6	-4.4972E-6	-5.5178E-6	-6.7239E-6	-7.1450E-6	-6.4757E-6	-4.5596E-6	-2.3553E-6	-1.0949E-6	-2.0644E-6	-1.2495E-6	-1.3720E-6	-1.2415E-6	9.5780E-8	7.7077E-7	6.2723E-7	5.8666E-7	1.4093E-6	9.6803E-7	1.0157E-6	1.1849E-6	1.7205E-6	6.2028E-7	6.9561E-7	5.9264E-7	3.0929E-7	8.1023E-7	1.0482E-6	2.1051E-6	3.4502E-6	4.2402E-6	5.0989E-6	5.0075E-6	4.6184E-6	4.6806E-6	4.7124E-6	4.1363E-6	3.8458E-6	3.6510E-6	3.2849E-6	2.8732E-6	2.1164E-6	2.3440E-6	1.8944E-6	2.7432E-6	2.6720E-6	2.2997E-6	2.0148E-6	2.3822E-6	2.0274E-6	2.2320E-6	1.6271E-6	1.8838E-6	1.1067E-6	6.5872E-7
1.6209E+1	-3.4989E-6	-3.6431E-6	-4.9362E-6	-4.8608E-6	-6.8134E-6	-7.2917E-6	-6.9654E-6	-5.5572E-6	-3.1126E-6	-1.3032E-6	-1.2003E-6	-1.7857E-6	-7.2807E-7	-5.3034E-7	3.0105E-7	4.0101E-8	1.3157E-6	6.7860E-7	1.7523E-6	8.5995E-7	1.1185E-6	1.0620E-6	9.1619E-7	9.5072E-7	1.6969E-7	6.0500E-7	-3.4621E-7	9.2975E-7	5.4989E-7	1.7438E-6	3.1875E-6	3.4960E-6	4.0604E-6	5.0260E-6	4.8437E-6	4.9145E-6	4.4250E-6	4.4119E-6	3.8947E-6	3.5279E-6	3.4075E-6	3.2699E-6	3.1388E-6	2.9966E-6	1.7245E-6	1.9487E-6	2.1307E-6	2.4370E-6	2.0522E-6	2.8754E-6	1.7042E-6	1.9273E-6	2.5372E-6	1.9149E-6	1.7845E-6	1.0491E-6
1.6247E+1	-3.1772E-6	-3.7790E-6	-4.3626E-6	-5.2429E-6	-6.1792E-6	-6.5827E-6	-6.7843E-6	-6.2542E-6	-3.8782E-6	-2.5922E-6	-5.6987E-7	-9.5133E-7	-1.5291E-6	-6.1315E-7	3.9812E-7	6.5284E-7	9.7791E-7	1.0567E-6	1.1059E-6	1.2194E-6	1.1957E-6	8.3924E-7	5.7137E-7	9.8924E-7	7.6500E-7	1.2597E-6	-9.0904E-8	3.3908E-7	5.5612E-7	1.5068E-6	2.4240E-6	3.6179E-6	3.1418E-6	3.6873E-6	4.7942E-6	4.8216E-6	4.7097E-6	3.9899E-6	4.0996E-6	3.8716E-6	3.4394E-6	2.9154E-6	2.8488E-6	2.4809E-6	2.1691E-6	2.2987E-6	1.7736E-6	2.3573E-6	1.9081E-6	1.9968E-6	2.3178E-6	1.2148E-6	2.1909E-6	2.0346E-6	7.7775E-7	2.1456E-6
1.6285E+1	-3.7781E-6	-4.3669E-6	-4.8179E-6	-4.8586E-6	-6.3431E-6	-6.8288E-6	-6.5556E-6	-6.4532E-6	-4.5444E-6	-2.8193E-6	-2.0773E-6	-5.1067E-7	-1.2875E-6	-1.0310E-6	-3.6321E-7	4.5690E-7	1.1693E-6	8.5005E-7	1.4645E-6	8.3717E-7	1.1878E-6	8.3876E-7	3.7785E-7	8.4181E-7	5.2546E-8	3.6339E-7	6.1111E-7	6.6590E-7	6.7364E-8	1.1457E-6	1.8524E-6	2.1364E-6	3.7142E-6	3.0658E-6	4.0462E-6	4.4623E-6	4.4386E-6	4.2071E-6	4.2625E-6	3.8729E-6	3.6947E-6	3.7870E-6	3.6259E-6	3.0551E-6	2.1104E-6	2.2797E-6	2.3577E-6	1.9999E-6	2.1720E-6	1.8590E-6	1.6037E-6	1.8349E-6	1.5259E-6	2.1988E-6	9.8270E-7	5.7517E-7
1.6323E+1	-2.8348E-6	-3.8315E-6	-4.7370E-6	-5.8089E-6	-5.8264E-6	-6.6706E-6	-6.7081E-6	-5.9458E-6	-5.3762E-6	-3.2027E-6	-1.8022E-6	-8.8006E-7	-5.9030E-7	-1.1176E-6	-4.5017E-7	-4.3406E-8	3.9585E-7	4.8033E-7	9.2547E-7	1.6960E-6	1.2288E-6	1.7260E-7	4.7115E-7	3.7320E-7	4.0873E-7	-7.9371E-7	-3.2874E-7	2.9953E-7	3.5546E-7	1.0653E-6	1.8439E-6	1.9133E-6	2.5375E-6	3.3175E-6	3.8864E-6	4.3690E-6	3.9165E-6	3.7594E-6	3.8347E-6	3.9870E-6	3.2511E-6	3.3394E-6	3.0850E-6	2.9859E-6	3.0625E-6	2.4528E-6	2.3541E-6	2.7193E-6	2.3770E-6	2.0985E-6	2.0430E-6	1.1740E-6	1.7808E-6	9.9932E-7	2.1240E-6	1.0442E-6
1.6361E+1	-3.3443E-6	-3.3306E-6	-3.6167E-6	-4.7562E-6	-5.9127E-6	-6.7818E-6	-6.9761E-6	-5.4542E-6	-5.4258E-6	-4.2326E-6	-2.3011E-6	-1.4884E-6	-6.1802E-7	-5.2238E-7	-5.9490E-7	4.5009E-7	1.4964E-7	6.2213E-7	8.2294E-7	6.3755E-7	2.0512E-6	6.2186E-7	8.1658E-7	5.0144E-7	-2.4163E-7	-7.7831E-7	-6.5966E-7	-5.8362E-7	-8.3337E-7	3.8054E-7	7.0419E-7	1.9673E-6	2.6499E-6	2.4824E-6	3.0980E-6	4.2827E-6	4.4342E-6	4.0905E-6	4.1244E-6	3.6486E-6	3.6574E-6	3.6932E-6	3.4920E-6	2.8236E-6	2.5188E-6	2.5810E-6	2.4020E-6	1.8236E-6	2.3911E-6	2.2876E-6	2.5309E-6	1.9914E-6	1.7498E-6	1.3774E-6	1.3794E-6	1.5939E-6
1.6399E+1	-3.4575E-6	-3.8344E-6	-4.1636E-6	-5.1376E-6	-5.0846E-6	-6.0407E-6	-6.7055E-6	-5.2714E-6	-4.4755E-6	-4.6464E-6	-2.3415E-6	-1.8026E-6	-1.2469E-6	-5.9575E-7	-7.3581E-7	-3.4674E-7	-2.3332E-7	-8.6579E-8	1.4483E-6	6.7811E-7	7.7782E-7	3.9235E-7	6.5295E-7	3.9072E-7	-1.5653E-7	-9.8740E-7	-4.7935E-7	1.8784E-7	-6.8058E-7	3.9276E-7	1.5779E-7	1.3364E-6	2.5256E-6	3.2175E-6	2.8164E-6	3.0217E-6	4.0845E-6	3.7757E-6	3.5971E-6	3.7397E-6	3.3089E-6	2.9127E-6	2.9241E-6	3.4967E-6	3.0836E-6	2.4668E-6	2.5584E-6	2.2635E-6	1.4462E-6	1.8625E-6	1.8107E-6	1.8072E-6	1.5698E-6	1.2151E-6	2.0123E-6	5.3866E-7
1.6437E+1	-2.3478E-6	-2.8600E-6	-3.0257E-6	-4.7321E-6	-5.7744E-6	-6.6020E-6	-6.2817E-6	-5.7127E-6	-4.4585E-6	-3.7707E-6	-2.4734E-6	-1.9378E-6	-1.4045E-6	-7.0628E-7	-3.2490E-7	-2.9212E-7	-1.1775E-7	-2.0419E-7	5.4557E-7	9.8332E-7	1.3140E-6	5.1532E-7	1.6650E-7	2.0370E-7	-1.1301E-6	-1.0914E-6	-1.6062E-6	-5.9145E-7	-7.7717E-7	-3.2453E-8	-7.3025E-9	9.6531E-7	1.6034E-6	2.4124E-6	3.0205E-6	2.8818E-6	4.0698E-6	4.5328E-6	3.9664E-6	3.5503E-6	3.8002E-6	2.9633E-6	2.7477E-6	2.4799E-6	2.8072E-6	2.7286E-6	2.5269E-6	2.1588E-6	1.9406E-6	2.1407E-6	1.2937E-6	1.6796E-6	1.9121E-6	1.0619E-6	1.9581E-6	1.5928E-6
1.6474E+1	-2.5968E-6	-2.9979E-6	-3.1353E-6	-3.7840E-6	-4.4772E-6	-6.0207E-6	-6.2066E-6	-5.7493E-6	-5.0603E-6	-4.0074E-6	-1.8357E-6	-1.9347E-6	-1.3898E-6	-1.1504E-6	-4.8094E-7	-3.4032E-7	-3.7015E-7	-5.5610E-8	2.4488E-7	1.2306E-7	9.5603E-7	1.2603E-6	6.0554E-7	-5.5609E-8	-2.6530E-7	-4.9443E-7	-3.7366E-7	-6.7621E-7	-7.1627E-7	-8.4222E-8	3.0368E-7	9.9705E-7	1.6088E-6	2.1674E-6	2.1929E-6	1.9968E-6	2.9722E-6	3.2095E-6	3.6928E-6	3.7084E-6	3.6916E-6	2.4465E-6	3.0732E-6	3.2089E-6	2.2985E-6	2.0864E-6	2.4213E-6	2.4586E-6	1.8006E-6	2.3666E-6	1.2932E-6	8.1467E-7	1.4034E-6	1.3793E-6	1.3775E-6	8.1756E-7
1.6512E+1	-2.0545E-6	-2.5151E-6	-3.3627E-6	-3.9115E-6	-4.7948E-6	-5.5543E-6	-5.4450E-6	-5.8923E-6	-5.3687E-6	-4.0902E-6	-2.2250E-6	-2.1062E-6	-1.6186E-6	-1.3436E-6	-8.3876E-7	-8.7059E-8	1.0693E-7	1.3292E-7	3.3932E-7	-6.2847E-8	2.0538E-7	3.9417E-7	6.3902E-7	-3.9896E-7	-1.2491E-6	-8.8360E-7	-7.3908E-7	-9.3457E-8	-7.5561E-7	-3.7637E-7	1.6017E-7	1.1843E-6	1.2120E-6	2.1467E-6	2.5283E-6	2.3519E-6	3.3827E-6	3.4912E-6	3.1069E-6	3.4072E-6	3.3242E-6	2.9360E-6	1.9900E-6	2.9208E-6	2.7030E-6	2.1176E-6	1.6024E-6	1.7877E-6	2.3244E-6	2.4624E-6	1.5629E-6	1.7985E-6	1.0297E-6	1.2421E-6	1.4575E-6	1.3949E-6
1.6550E+1	-2.1229E-6	-1.9549E-6	-3.4477E-6	-3.3455E-6	-4.6077E-6	-5.3988E-6	-5.2371E-6	-5.5108E-6	-5.1738E-6	-4.3239E-6	-2.3391E-6	-1.8742E-6	-1.7070E-6	-1.8101E-6	-1.4608E-6	-9.6226E-7	-6.6319E-7	2.4384E-7	1.3946E-7	5.6660E-7	6.5503E-7	4.6856E-7	3.8244E-7	-1.4829E-7	-2.9060E-7	-4.8809E-7	-1.1852E-6	-4.4409E-7	-6.8344E-7	-2.5700E-7	1.8243E-8	7.9152E-7	1.0964E-6	1.1311E-6	1.6518E-6	2.1729E-6	2.0152E-6	3.1056E-6	2.9523E-6	3.5219E-6	2.6679E-6	3.1190E-6	3.0105E-6	2.4597E-6	2.4516E-6	2.2808E-6	2.3318E-6	1.5042E-6	1.4289E-6	2.2208E-6	1.2609E-6	1.4515E-6	1.2151E-6	1.0749E-6	5.1889E-7	1.3079E-6
1.6588E+1	-2.2993E-6	-1.5564E-6	-2.6105E-6	-3.3562E-6	-3.7947E-6	-5.1889E-6	-4.7349E-6	-5.6823E-6	-4.9197E-6	-3.8984E-6	-2.8252E-6	-2.2921E-6	-1.4880E-6	-1.6106E-6	-1.4545E-6	-8.4725E-7	-1.2536E-6	1.9380E-8	1.0897E-8	-4.0484E-7	1.3645E-7	1.0804E-7	1.6225E-7	-3.8202E-7	-8.5131E-7	-1.7215E-7	-7.4433E-7	-8.6427E-7	-9.4527E-7	-5.6761E-7	2.0874E-7	6.1817E-7	1.2247E-6	7.9939E-7	1.1476E-6	2.2519E-6	2.5172E-6	1.8089E-6	2.6666E-6	2.4865E-6	2.6633E-6	2.0936E-6	2.4042E-6	2.7170E-6	2.3203E-6	2.2634E-6	2.1499E-6	2.3989E-6	1.7804E-6	1.3153E-6	2.0989E-6	1.3862E-6	1.6077E-6	1.1709E-6	1.0741E-6	7.3661E-7
1.6626E+1	-2.1560E-6	-2.5387E-6	-2.0265E-6	-3.1551E-6	-3.6509E-6	-4.0787E-6	-4.5556E-6	-4.7419E-6	-4.1688E-6	-3.8589E-6	-2.6945E-6	-2.1560E-6	-1.7994E-6	-1.7678E-6	-1.6204E-6	-8.1415E-7	-1.3868E-6	-4.8580E-7	7.3560E-7	6.0846E-7	7.2204E-8	1.6868E-7	-7.1785E-8	1.9948E-7	2.3467E-7	-8.1182E-7	-4.9006E-7	-6.5456E-7	-5.8393E-7	-1.0103E-6	1.4499E-7	9.2850E-8	1.0988E-6	2.7194E-7	1.1139E-6	1.2927E-6	2.4059E-6	2.1163E-6	2.0883E-6	2.2468E-6	2.3576E-6	2.9995E-6	1.7820E-6	2.2425E-6	1.7627E-6	2.2451E-6	2.4169E-6	1.6590E-6	2.3450E-6	5.9818E-7	1.6138E-6	9.4057E-7	1.0257E-6	1.5651E-6	8.9706E-7	1.7308E-6
1.6664E+1	-8.2914E-7	-1.8355E-6	-1.9931E-6	-2.5391E-6	-3.4117E-6	-3.9237E-6	-4.0818E-6	-4.8595E-6	-3.7261E-6	-2.8216E-6	-2.7910E-6	-2.6441E-6	-1.6017E-6	-1.6294E-6	-2.1064E-6	-1.1463E-6	-1.1176E-6	-7.0370E-7	-3.1565E-7	3.1507E-7	-1.6216E-7	4.3454E-7	4.7380E-10	-1.9652E-7	5.7534E-7	-8.7250E-8	-4.7618E-7	-9.2019E-7	1.2976E-7	-9.4858E-8	-3.1564E-7	5.5038E-7	5.7410E-7	4.0194E-7	8.2145E-7	1.4875E-6	1.2446E-6	1.7156E-6	2.2233E-6	2.1440E-6	2.1421E-6	2.4583E-6	2.2586E-6	2.5115E-6	1.8539E-6	1.6096E-6	2.5520E-6	2.2677E-6	1.6863E-6	1.6138E-6	1.6526E-6	1.8038E-6	5.8900E-7	1.2848E-6	1.0299E-6	1.2964E-6
1.6702E+1	-1.5053E-6	-1.1364E-6	-2.0633E-6	-2.5921E-6	-3.2015E-6	-3.3127E-6	-4.2005E-6	-3.4434E-6	-3.7124E-6	-3.1753E-6	-1.7331E-6	-1.9199E-6	-2.3048E-6	-9.4593E-7	-1.5385E-6	-1.0250E-6	-1.6026E-6	-4.7357E-7	-1.3493E-7	1.0212E-7	-5.8016E-7	-1.5735E-7	6.8462E-7	1.8577E-7	-1.5040E-7	-6.3239E-7	-3.2216E-7	-3.7922E-7	-9.2249E-7	7.2618E-7	2.3422E-7	-1.2359E-7	3.1853E-7	3.9794E-7	1.1663E-6	1.3451E-6	1.3707E-6	8.0651E-7	1.2531E-6	1.7224E-6	2.4232E-6	2.4497E-6	1.5429E-6	1.9012E-6	2.0777E-6	1.5515E-6	1.5800E-6	1.9370E-6	1.4584E-6	7.6677E-7	1.5708E-6	1.4396E-6	1.2215E-6	1.2579E-6	1.2708E-6	1.2621E-6
1.6739E+1	-1.0883E-6	-4.3618E-7	-1.2956E-6	-2.1712E-6	-2.6492E-6	-3.3514E-6	-4.2343E-6	-3.9552E-6	-3.0147E-6	-3.2222E-6	-2.6470E-6	-1.5809E-6	-1.8199E-6	-1.4034E-6	-1.1319E-6	-3.2362E-7	-3.5632E-7	-9.5537E-7	6.8755E-8	-2.2686E-7	-2.0130E-7	-4.0209E-7	9.5065E-8	9.0230E-7	3.8345E-7	-7.8840E-7	-1.2171E-6	-2.1622E-7	-2.7725E-7	-3.7232E-7	8.6140E-7	6.1357E-7	-1.2933E-7	5.7623E-7	7.0315E-7	1.0954E-6	9.9251E-7	9.6256E-7	1.5552E-6	1.7015E-6	1.7061E-6	1.6307E-6	2.4299E-6	1.4535E-6	1.7258E-6	1.4407E-6	1.6011E-6	1.3736E-6	1.1060E-6	1.2829E-6	1.2740E-6	1.7248E-6	6.5529E-7	6.7029E-7	1.6928E-6	5.0805E-7
1.6777E+1	-1.4261E-6	-8.9887E-7	-1.3601E-6	-2.0091E-6	-1.7525E-6	-2.1053E-6	-3.5102E-6	-2.7338E-6	-3.1439E-6	-2.9387E-6	-2.0890E-6	-1.9669E-6	-1.6790E-6	-1.2721E-6	-9.8133E-7	-1.1046E-6	-8.4055E-9	-4.4961E-7	5.6760E-8	-9.7464E-8	-5.2745E-7	-1.5020E-7	5.0416E-7	5.2468E-8	8.9531E-9	-9.9329E-8	-1.0976E-6	-5.2732E-7	-7.1320E-7	-2.5525E-7	-3.4356E-7	1.6295E-7	1.6244E-7	1.1114E-6	1.2800E-6	1.0552E-6	4.0416E-7	4.7479E-7	4.8940E-7	1.8291E-6	2.2973E-6	1.2418E-6	1.3077E-6	2.2190E-6	1.5721E-6	1.3867E-6	1.2444E-6	1.3256E-6	7.6642E-7	6.7118E-7	1.2018E-6	1.3286E-6	1.5871E-6	1.0390E-7	1.6994E-6	7.3308E-7
1.6815E+1	-1.2206E-6	-5.0758E-7	-1.6916E-6	-2.0479E-6	-2.0715E-6	-2.1062E-6	-3.0822E-6	-2.9707E-6	-2.0888E-6	-2.4519E-6	-1.8701E-6	-1.8273E-6	-1.0388E-6	-1.1879E-6	-5.4714E-7	-8.9673E-7	-6.2307E-7	-4.3774E-7	2.5538E-7	2.2854E-7	-1.4665E-7	-5.5689E-7	9.0356E-8	1.0065E-6	-3.1589E-7	-2.7480E-7	-7.0628E-7	-3.5222E-7	-2.6516E-7	-7.7875E-7	-7.9641E-8	-1.7662E-7	-2.7803E-7	8.2396E-7	5.4394E-7	1.5060E-6	5.4469E-7	9.4265E-7	3.5290E-7	7.2225E-7	9.6510E-7	1.3857E-6	1.0894E-6	1.3195E-6	1.8967E-6	7.9409E-7	1.6583E-6	8.5195E-7	1.8429E-6	9.9581E-7	1.1562E-6	9.9814E-7	1.0868E-6	6.5271E-9	9.9897E-7	5.3845E-7
1.6853E+1	-1.5161E-6	-8.8356E-7	-1.0737E-6	-1.7505E-6	-1.5088E-6	-1.7918E-6	-2.7993E-6	-2.2145E-6	-3.0594E-6	-1.6292E-6	-1.3043E-6	-1.7396E-6	-1.4400E-6	-8.6370E-7	-8.7218E-7	-7.8736E-7	-7.8635E-7	-9.2791E-7	-3.1402E-7	3.0316E-7	-1.9191E-7	-8.2886E-8	-1.7488E-7	-4.4926E-7	3.1461E-7	-1.8276E-7	-1.8466E-7	-8.3763E-7	-4.6947E-7	-3.0288E-7	-8.7287E-7	-1.7505E-7	2.2495E-7	1.2344E-6	6.3727E-7	1.0195E-6	5.3638E-7	1.7210E-6	7.6685E-7	1.0303E-6	7.1880E-7	9.6800E-7	1.3971E-6	9.4994E-7	1.4332E-6	5.8018E-7	9.9156E-7	5.1453E-7	1.0164E-6	1.4122E-6	9.1646E-7	1.3710E-6	1.4020E-6	7.2558E-7	7.0309E-7	4.7077E-7
1.6891E+1	-1.1159E-6	-8.3488E-7	-1.4838E-6	-7.2939E-7	-2.0202E-6	-8.8861E-7	-2.8520E-6	-2.0708E-6	-2.3527E-6	-1.6749E-6	-1.4497E-6	-1.3323E-6	-1.0769E-6	-1.0176E-6	-8.9197E-7	-9.5328E-7	-9.1276E-7	-6.8612E-7	-3.7689E-7	-5.1081E-9	2.3445E-7	-5.4147E-7	1.2309E-7	-7.5593E-7	-7.0076E-7	-3.1604E-7	4.0418E-7	2.9748E-8	-1.4311E-6	-1.3616E-7	-6.8759E-7	-2.0239E-7	-2.2401E-7	7.1634E-7	5.3815E-8	1.1701E-6	2.2698E-8	7.6303E-7	8.7429E-7	8.2524E-7	2.5007E-7	4.2363E-7	1.5937E-6	1.7401E-6	7.1682E-7	1.1456E-6	9.6363E-7	1.5175E-6	9.7916E-7	1.1096E-6	2.9152E-7	7.6829E-7	2.1052E-7	6.7191E-7	6.9204E-7	2.5466E-7
1.6929E+1	-7.3091E-7	-7.7519E-7	-1.2841E-6	-8.6326E-7	-1.4680E-6	-1.4316E-6	-1.7044E-6	-1.6726E-6	-2.5617E-6	-9.3605E-7	-1.3537E-6	-1.8621E-6	-1.6535E-6	-1.4312E-6	-9.5855E-7	-8.1220E-7	-6.9402E-7	-1.0828E-6	-2.4544E-7	-5.3238E-7	-1.8345E-7	-2.8637E-8	1.7793E-7	-5.3819E-7	-1.0529E-6	-7.3765E-7	-1.0737E-6	9.0659E-7	-9.7200E-7	-1.6188E-7	-3.7188E-7	-1.0098E-7	7.6454E-7	6.6749E-7	6.0548E-7	4.9414E-7	1.1970E-6	9.6833E-7	3.7845E-7	9.3861E-7	6.7126E-7	5.8061E-7	3.4896E-7	1.6136E-6	7.3901E-7	1.3300E-7	3.8602E-7	1.1158E-6	1.8560E-6	1.4227E-6	8.6299E-7	1.1024E-6	7.3303E-7	5.3398E-7	7.9835E-7	5.8372E-7
1.6967E+1	-3.2778E-7	-1.9260E-7	-6.1351E-7	-5.2359E-7	-1.7219E-6	-1.2167E-6	-2.1282E-6	-1.0933E-6	-1.3343E-6	-1.1684E-6	-5.4663E-7	-1.0244E-6	-1.3063E-6	-1.8758E-6	-1.0759E-6	-8.5107E-7	-4.3476E-7	-6.0438E-7	-8.3778E-8	-5.7056E-10	-3.1832E-7	-8.0084E-7	-3.2370E-7	1.5176E-8	-9.9487E-7	-1.3502E-7	-1.1301E-6	-1.1118E-6	-9.3448E-7	-7.4686E-7	2.9766E-7	-6.0198E-7	5.2377E-7	-2.4459E-7	2.6644E-7	2.1896E-7	-4.5870E-7	6.9157E-7	3.2905E-7	2.2995E-7	6.7636E-7	6.9992E-7	1.5189E-6	9.8144E-7	1.5698E-6	1.0622E-6	-2.9954E-9	8.2443E-7	5.7188E-7	1.2651E-6	6.8247E-7	8.9559E-7	1.7326E-7	7.7187E-7	5.1259E-7	7.4209E-7
1.7005E+1	-7.9781E-7	-9.9753E-7	-1.9581E-7	-3.3838E-7	-7.7701E-7	-1.9657E-6	-1.1706E-6	-2.1438E-6	-1.3696E-6	-1.0422E-6	-1.0196E-6	-8.5121E-7	-7.3663E-7	-1.8022E-6	-7.8295E-7	-4.3808E-7	2.4097E-7	-3.6766E-7	-8.6048E-8	-3.8742E-7	5.2411E-7	1.3718E-7	-5.2993E-7	-1.3704E-7	-4.6444E-7	-2.5976E-7	-1.4345E-8	-1.1970E-7	-9.4868E-7	-7.7954E-7	7.2844E-7	-9.7458E-8	5.1770E-7	3.3706E-7	9.6431E-8	5.1913E-7	-2.3300E-8	-6.3132E-8	6.3128E-7	-7.0005E-7	1.4241E-7	-3.8019E-7	6.5485E-8	1.1153E-6	5.4207E-7	1.3427E-6	2.1051E-7	9.7852E-7	7.4453E-7	2.5061E-7	1.1969E-6	1.2421E-6	8.8295E-7	1.0065E-6	6.4409E-7	7.1017E-7
1.7042E+1	-6.6202E-7	-8.4402E-7	-1.3386E-6	-7.4477E-7	-6.9048E-7	-1.3417E-6	-1.2684E-6	-7.4505E-7	-1.9149E-6	-1.1598E-6	-7.7057E-7	-1.0750E-6	-9.1157E-7	-1.1187E-6	-1.3722E-6	-9.0177E-7	-5.4459E-7	2.9872E-7	4.2309E-7	-4.7461E-7	-6.5499E-7	-3.9385E-8	-4.2205E-7	-5.6319E-7	-5.1870E-7	-2.2968E-7	-6.6790E-7	-5.8130E-7	-6.8506E-8	-8.9616E-7	5.3321E-7	5.4974E-7	8.4873E-8	-2.6135E-7	4.2626E-7	9.1450E-9	-6.2781E-8	-8.6975E-8	1.1971E-6	4.7786E-7	3.5218E-7	1.1520E-7	-5.7559E-7	5.6538E-7	8.0055E-7	8.0754E-7	3.7916E-7	1.3862E-7	8.7760E-7	4.4826E-8	-2.5636E-7	6.2141E-7	4.7229E-7	1.1580E-6	9.9889E-7	6.5713E-7
1.7080E+1	-5.7954E-7	-1.3513E-7	-6.5608E-7	-1.4222E-6	-3.1826E-7	-1.3560E-6	-1.5202E-6	-8.1380E-7	-1.4838E-6	-1.8325E-6	-9.7607E-7	-3.8971E-7	-9.2431E-7	-6.9031E-7	-1.2967E-7	-9.4837E-7	-3.1215E-7	-1.1800E-6	2.8754E-7	-3.8030E-8	8.3430E-8	-6.5805E-7	1.5550E-8	-3.0620E-7	-4.7901E-7	-6.3833E-7	-5.4047E-7	-9.3220E-7	-7.4002E-7	-2.2079E-7	2.4008E-7	4.1372E-8	6.3811E-7	-4.6179E-7	-1.1643E-8	-1.5801E-7	1.1675E-7	-8.4675E-8	2.3461E-7	3.3992E-7	5.3676E-7	6.3665E-7	-1.3850E-7	4.1271E-7	5.3734E-8	4.8983E-7	3.8002E-7	2.7219E-7	2.9881E-7	1.4313E-6	3.8750E-7	1.6648E-7	7.2509E-7	7.2543E-7	9.9987E-7	4.6745E-7
1.7118E+1	-5.3432E-7	6.6226E-8	-2.5785E-7	-7.0467E-7	-8.2306E-7	3.3893E-7	-1.2309E-6	-3.4146E-7	-7.8350E-7	-1.1562E-6	-1.2875E-6	-1.2973E-6	-7.6317E-7	-9.0911E-7	1.0018E-7	-9.6794E-7	-5.2374E-7	-4.4209E-7	-5.3609E-7	-4.9012E-7	-5.2144E-7	-4.8333E-7	-8.5877E-7	-2.2731E-7	-2.6821E-8	7.6891E-8	-5.9863E-7	-6.9466E-7	-7.0590E-7	-1.3799E-6	2.1839E-7	-1.9814E-7	9.9235E-8	-1.1281E-7	-8.7526E-8	-5.3586E-7	-2.7914E-7	5.1908E-7	3.6132E-7	1.6697E-7	3.2300E-7	1.4705E-7	3.5938E-7	1.5487E-6	1.8564E-7	2.0437E-7	1.5796E-7	1.2501E-7	-1.5979E-7	2.6379E-7	1.2289E-6	-2.2517E-8	5.4586E-7	7.6910E-7	1.0453E-6	3.3813E-7
1.7156E+1	-4.6104E-7	-3.5652E-7	-4.3980E-7	-5.0421E-7	-2.3839E-7	-4.1137E-7	-3.6862E-7	-1.2037E-6	-6.0416E-7	-3.3597E-7	4.8238E-8	-5.2467E-7	-6.6736E-7	-1.0023E-6	-1.2533E-7	-4.0700E-7	-5.5012E-7	-8.8841E-7	-4.6967E-7	-1.4065E-7	-1.0013E-7	-5.6869E-7	-2.5938E-7	-9.9679E-7	-6.0262E-7	-8.3283E-7	8.9061E-8	-5.3263E-7	1.1710E-7	-4.4363E-7	-6.6303E-7	-6.2378E-7	2.8929E-8	-4.3242E-7	-5.1068E-7	-8.2057E-7	-2.0996E-7	-3.5893E-7	5.1001E-7	-1.5301E-7	1.7231E-7	-1.2999E-7	-2.5889E-7	6.8955E-7	5.8056E-7	3.3200E-8	3.8512E-7	6.6360E-8	6.7824E-7	-3.0874E-8	6.2548E-7	5.1379E-7	6.1776E-8	4.2355E-7	8.3659E-7	5.2964E-7
1.7194E+1	-3.1594E-7	-4.6066E-8	-9.5571E-7	-7.9849E-7	-1.0784E-6	1.7481E-7	-6.1089E-7	-2.4110E-8	-1.6667E-6	-2.7215E-7	-3.8764E-7	-3.2868E-7	5.4185E-8	1.9173E-7	-7.1698E-7	-3.5583E-7	-5.2274E-7	-6.0111E-8	-7.4591E-7	-9.2351E-7	-5.4925E-7	2.7105E-7	-4.2001E-7	6.3156E-8	-3.4985E-7	-5.1221E-7	-9.3881E-7	9.5036E-9	-5.0625E-7	1.3389E-8	9.0946E-8	-6.2033E-7	1.1823E-7	6.8477E-7	5.4818E-8	-4.7800E-7	-2.4166E-7	-7.2722E-8	2.1409E-7	5.6658E-7	3.7306E-7	-9.1890E-8	8.9155E-8	2.6762E-7	-1.4917E-7	4.0356E-7	1.5676E-7	9.3433E-8	3.0207E-7	6.5206E-7	2.3915E-7	5.5862E-7	-6.6931E-8	3.0875E-7	5.7786E-8	6.1619E-7
1.7232E+1	-4.6474E-8	4.2238E-7	-2.8066E-7	-3.6211E-8	-5.9038E-7	-6.2478E-7	-1.0591E-6	-6.3690E-7	-8.6390E-7	-6.8221E-7	-2.1275E-7	-7.6200E-7	-9.4470E-7	7.3679E-9	-4.3959E-7	-4.4480E-8	-3.8050E-7	-1.7443E-7	-5.6554E-8	-1.5714E-7	-1.3123E-6	8.4530E-8	-2.7295E-7	-8.4493E-7	-1.4433E-7	-9.1200E-7	-3.9460E-7	-5.2205E-8	-4.3049E-8	-5.4280E-7	-1.8538E-7	-6.8482E-7	-6.7727E-7	-1.8818E-7	-1.6529E-7	-8.1785E-9	4.1034E-8	-7.4888E-7	5.8381E-7	-2.2060E-8	6.3953E-7	5.1329E-7	3.8469E-7	-1.3453E-7	7.7131E-8	-6.1624E-8	6.3770E-7	1.4304E-7	6.6980E-7	2.7414E-7	5.6070E-7	7.0186E-7	1.9154E-7	5.2155E-7	6.8962E-7	-1.2250E-7
1.7270E+1	-1.1058E-7	-3.7128E-7	-3.4360E-7	-2.8977E-7	-5.2195E-7	-8.5524E-8	9.5035E-8	-5.3728E-7	-7.7992E-7	-9.6505E-8	-1.7083E-7	-4.2954E-7	-5.3187E-7	-3.7805E-7	-1.0321E-6	-6.0186E-7	-1.5410E-7	-3.0812E-7	-2.4532E-8	-4.4482E-7	-3.4836E-7	-2.2678E-7	3.5130E-7	-8.3313E-7	1.2002E-7	-5.8491E-7	-1.1710E-6	2.1672E-7	2.9176E-7	-2.8930E-9	-9.8435E-8	-4.3912E-7	3.0059E-8	1.7685E-7	-2.0390E-7	-2.8970E-7	6.0363E-7	-1.1354E-6	-4.7578E-8	8.6469E-8	-1.0501E-7	-1.4015E-8	6.6637E-7	-4.6945E-7	1.5522E-7	-3.3445E-7	9.5846E-8	2.8526E-7	5.0664E-7	5.3006E-7	3.9369E-8	3.4777E-7	5.9941E-7	2.7675E-7	6.0822E-7	8.6708E-7
1.7307E+1	3.7458E-7	8.5058E-8	-6.6143E-7	5.9232E-8	-1.1429E-7	-1.0880E-6	-7.0621E-7	-7.1559E-8	-8.9896E-7	-3.0046E-7	-1.9891E-7	-3.6743E-7	-6.5977E-7	-3.3178E-7	-3.5551E-7	-5.9676E-7	-3.7032E-7	-2.2431E-7	-3.4610E-7	-2.7249E-7	-7.9541E-7	-2.4164E-9	-2.6397E-7	-7.0615E-7	-4.6554E-7	-7.5785E-8	-7.1902E-7	-2.4666E-7	-3.8738E-7	1.8189E-7	-8.3349E-8	-2.9036E-7	-5.9102E-7	6.4529E-9	-4.0916E-7	-3.9514E-8	4.5884E-7	2.8473E-7	-2.6119E-7	3.7647E-8	-2.6728E-7	7.9430E-10	3.0056E-7	-1.7697E-7	-1.2091E-7	1.1099E-7	-6.6692E-7	1.9773E-8	1.9631E-7	2.6778E-7	2.9294E-7	-3.7584E-7	9.9779E-8	8.7962E-7	2.2488E-7	8.4318E-7
1.7345E+1	-4.8211E-7	2.8699E-7	-5.8053E-7	-2.3717E-7	-2.3143E-7	5.3734E-7	-3.3649E-7	-1.0904E-7	-3.5044E-8	2.7159E-8	-7.6923E-8	-6.5730E-7	-2.1695E-7	-6.2058E-7	-4.0312E-7	-2.3058E-7	-4.7261E-7	-5.5060E-7	1.1947E-7	-3.7725E-7	1.7680E-8	-1.5614E-7	-1.9406E-8	-4.6235E-7	-2.7461E-7	-5.0164E-7	-6.7085E-7	4.2271E-7	-1.8038E-7	-3.5494E-7	-2.1645E-7	-3.3293E-7	9.9143E-8	6.0926E-7	-2.3128E-7	-3.4461E-7	-1.6776E-7	-3.1124E-7	3.2340E-7	-2.0979E-7	2.1263E-7	-2.7309E-7	2.1845E-7	4.0852E-7	1.2593E-7	-1.2637E-7	1.8589E-7	-9.5727E-8	7.5612E-7	-1.5779E-7	4.5124E-7	-1.0899E-7	1.2221E-7	-2.6191E-7	-1.3721E-7	5.6278E-7
1.7383E+1	-6.8848E-7	2.5893E-8	-8.0336E-7	-4.2811E-7	-3.8645E-7	-6.2858E-7	-2.5790E-7	-6.4607E-7	-1.9101E-7	-1.9771E-7	3.4438E-7	-1.3955E-7	-2.7178E-7	-5.0394E-7	-1.3290E-8	-2.5737E-7	-6.0512E-9	-6.0081E-7	-8.6353E-7	-2.4836E-7	-7.9402E-8	3.5131E-7	-3.3214E-7	-1.4022E-7	1.5403E-7	-3.0542E-8	-7.0583E-7	3.6515E-8	-1.9104E-7	2.2762E-7	5.0464E-8	-2.2419E-7	-8.6861E-7	1.4846E-7	1.9469E-7	3.8882E-7	-8.6600E-8	1.4480E-7	-5.6088E-7	-3.1843E-7	-7.8272E-7	3.4951E-7	-5.3113E-7	5.1132E-7	1.7471E-7	8.2291E-10	-3.4307E-7	-1.3644E-7	7.8324E-7	7.1476E-7	1.0825E-7	2.6938E-7	2.7198E-7	1.0880E-6	-9.2038E-7	5.8257E-7
1.7421E+1	-7.1499E-8	-1.5422E-7	4.8343E-7	-6.7541E-7	-3.3839E-7	-6.8009E-8	-5.8825E-8	-6.9601E-7	-5.2689E-7	-1.3055E-7	-6.6019E-7	-2.5587E-7	1.7158E-7	-2.9800E-7	-1.6005E-7	1.7539E-7	-5.0098E-7	-2.5224E-7	-3.3199E-7	-7.8985E-7	-2.4488E-7	-1.9284E-7	-3.2011E-7	-2.5103E-7	-1.4834E-7	2.1463E-7	-5.5432E-7	3.0949E-7	-1.5468E-7	-4.9901E-7	3.0336E-9	4.7878E-7	1.3831E-7	2.9828E-7	-1.9162E-7	7.0889E-7	-5.4846E-8	5.2534E-7	3.7318E-7	-1.9521E-7	-1.5698E-7	-2.6537E-7	7.1807E-8	-2.5462E-7	1.0011E-7	-3.8467E-7	4.7503E-7	-5.3715E-7	2.0039E-7	4.9911E-7	3.5213E-7	4.0343E-7	4.9623E-7	1.6412E-7	3.5350E-7	9.5308E-8
