0.0000E+0	1.4422E+1	1.4478E+1	1.4533E+1	1.4589E+1	1.4644E+1	1.4700E+1	1.4755E+1	1.4811E+1	1.4866E+1	1.4922E+1	1.4977E+1	1.5033E+1	1.5088E+1	1.5143E+1	1.5199E+1	1.5254E+1	1.5310E+1	1.5365E+1	1.5421E+1	1.5476E+1	1.5532E+1	1.5587E+1	1.5643E+1	1.5698E+1	1.5754E+1	1.5809E+1	1.5865E+1	1.5920E+1	1.5976E+1	1.6031E+1	1.6087E+1	1.6142E+1	1.6197E+1	1.6253E+1	1.6308E+1	1.6364E+1	1.6419E+1	1.6475E+1	1.6530E+1	1.6586E+1	1.6641E+1	1.6697E+1	1.6752E+1	1.6808E+1	1.6863E+1	1.6919E+1	1.6974E+1	1.7030E+1	1.7085E+1	1.7140E+1	1.7196E+1	1.7251E+1	1.7307E+1	1.7362E+1	1.7418E+1	1.7473E+1
1.4430E+1	7.0787E-8	7.7266E-8	6.9663E-8	5.1109E-8	6.2810E-8	1.3759E-7	3.9674E-8	4.8234E-8	1.1132E-8	-6.7632E-9	-7.4103E-8	-8.0354E-8	-3.0744E-8	-1.1084E-8	1.7239E-8	1.2798E-8	2.4282E-8	1.1164E-8	6.3189E-8	8.2938E-8	7.1469E-8	7.0647E-8	7.6714E-8	3.1028E-8	3.5892E-8	4.1392E-8	2.7363E-8	4.0787E-8	3.7568E-10	-5.3309E-9	-2.8601E-8	-3.6634E-8	-3.9309E-8	-3.1711E-9	-8.0809E-9	9.7256E-9	5.1466E-9	-1.4014E-8	-2.5094E-8	-3.2481E-8	5.8987E-10	-3.0775E-8	-6.3161E-9	-9.3327E-9	1.0715E-8	3.0036E-8	-1.3099E-8	1.0891E-8	-2.3654E-8	2.9123E-8	-8.8468E-9	2.6399E-9	-2.6882E-8	-4.6547E-8	-3.1789E-8	-4.0122E-8
1.4468E+1	9.5816E-8	9.9258E-8	1.4063E-7	1.4620E-7	1.4844E-7	2.1093E-7	1.3061E-7	6.5505E-8	-1.5173E-8	-1.7323E-8	-4.1706E-8	-9.7870E-8	-7.0938E-8	-6.6626E-8	-7.2447E-9	4.4477E-8	2.0786E-8	4.7900E-8	1.8199E-8	1.1569E-7	8.8695E-8	8.0712E-8	7.3160E-8	9.9530E-8	4.5598E-8	2.7227E-8	2.1762E-9	1.4562E-8	7.5284E-9	3.1752E-8	-3.4894E-9	-5.8743E-8	-5.9353E-8	-1.5144E-8	-4.6123E-8	-5.4057E-8	-2.6951E-8	-5.2286E-8	-3.3948E-8	-3.7470E-9	-2.3291E-8	-3.9980E-8	-2.7351E-8	-3.0644E-8	-6.6195E-8	-5.2462E-8	-4.7783E-8	-2.0604E-8	-3.2276E-8	-3.3600E-8	-2.8238E-8	-2.9887E-8	-9.9710E-10	-6.7019E-8	-5.0573E-8	1.1333E-8
1.4505E+1	1.2986E-7	1.5530E-7	2.3892E-7	3.1605E-7	2.8300E-7	3.1979E-7	1.9327E-7	1.8514E-7	5.5165E-9	2.7424E-8	-6.0668E-9	-5.0530E-8	-5.9998E-8	-1.1984E-7	-5.9685E-8	8.1949E-8	3.6077E-8	8.9781E-8	5.7796E-8	1.0593E-7	9.6586E-8	1.1917E-7	3.5940E-8	4.2070E-8	2.3921E-8	2.8310E-8	3.3258E-8	-1.9447E-8	-5.2854E-8	-4.6488E-8	1.7841E-8	-2.8397E-8	-7.3942E-8	-3.4541E-8	-4.1321E-8	-8.7750E-8	-7.6150E-8	-3.6504E-8	-8.9754E-8	-8.3881E-9	-5.8266E-8	-4.3757E-8	7.9184E-9	-3.1880E-8	-6.1984E-8	-6.3634E-8	-5.6919E-8	-3.4739E-8	-8.1772E-8	-2.1417E-9	-5.9023E-8	-5.0801E-8	-4.8014E-8	-4.4405E-8	-1.3657E-7	-6.9757E-9
1.4543E+1	2.1201E-7	2.9937E-7	4.4319E-7	5.8653E-7	5.8799E-7	5.5964E-7	3.9223E-7	2.8494E-7	1.6583E-7	2.7016E-8	6.2129E-8	-3.1489E-8	-3.8555E-8	-1.0084E-7	-1.1069E-7	8.3380E-8	1.0833E-7	1.4890E-7	1.3406E-7	1.1545E-7	1.3744E-7	1.2411E-7	8.8703E-8	9.8579E-8	-3.6091E-9	-2.7711E-8	5.2354E-8	2.1932E-8	1.9076E-8	-7.2414E-8	-3.2111E-8	-1.7367E-8	-3.7731E-8	-1.4728E-7	-1.2438E-7	-1.4408E-7	-1.6321E-7	-1.2568E-7	-8.9802E-8	-9.5349E-8	-1.2799E-7	-1.3906E-7	-4.2670E-8	-1.0781E-7	-1.1784E-7	-8.5508E-8	-1.0145E-7	-5.4293E-8	-7.4968E-8	-8.0326E-8	-6.1180E-8	-5.0711E-8	-6.0754E-8	-5.4224E-8	-5.1722E-8	-9.6777E-8
1.4581E+1	3.1766E-7	3.6767E-7	7.1869E-7	1.0080E-6	1.0279E-6	9.3429E-7	7.0635E-7	5.4477E-7	3.9955E-7	2.1786E-7	1.2010E-7	7.3954E-8	-3.9046E-8	-5.7287E-8	-1.4270E-8	4.4284E-8	2.5167E-7	2.7070E-7	3.0789E-7	1.3457E-7	1.4254E-7	1.4807E-7	5.1828E-8	8.7501E-8	7.7067E-8	2.9388E-8	7.8484E-8	7.6885E-8	9.7436E-8	7.6722E-8	2.2347E-8	-1.7211E-8	4.6452E-8	-9.2468E-8	-1.3629E-7	-1.6554E-7	-1.6998E-7	-1.8359E-7	-1.4999E-7	-1.1292E-7	-1.3260E-7	-1.5960E-7	-9.6959E-8	-1.6395E-7	-1.6025E-7	-1.0752E-7	-1.1467E-7	-1.1560E-7	-1.5243E-7	-1.4475E-7	-1.2338E-7	-7.8800E-8	-9.6625E-8	-1.0204E-7	-2.3516E-8	-2.8283E-8
1.4619E+1	3.9349E-7	4.5671E-7	7.5972E-7	1.6446E-6	1.8095E-6	1.6181E-6	1.0947E-6	7.1519E-7	4.8506E-7	2.8049E-7	2.8277E-7	7.0762E-8	3.7874E-8	-7.9962E-8	6.1686E-8	9.5049E-8	3.2541E-7	5.6871E-7	4.9759E-7	3.9973E-7	1.4060E-7	1.4836E-7	7.9372E-8	1.6691E-8	4.5558E-8	1.0075E-7	1.4366E-7	2.2973E-7	1.6073E-7	2.0257E-7	1.5883E-7	6.4282E-8	2.1955E-8	-6.5687E-8	-1.4777E-7	-1.3238E-7	-2.1162E-7	-2.1055E-7	-1.8568E-7	-2.4135E-7	-1.9956E-7	-1.5276E-7	-1.5337E-7	-2.0565E-7	-1.7295E-7	-1.5086E-7	-1.7591E-7	-6.3993E-8	-1.4942E-7	-2.5716E-7	-1.6787E-7	-1.3147E-7	-1.5165E-7	-1.5891E-7	-1.2787E-7	-6.2285E-8
1.4657E+1	3.9584E-7	4.6193E-7	5.5083E-7	1.6370E-6	2.9774E-6	2.8099E-6	2.1144E-6	1.3126E-6	7.9764E-7	4.4334E-7	5.0409E-7	2.7839E-7	1.2270E-7	4.2140E-8	7.9232E-8	2.1821E-7	3.2622E-7	7.9224E-7	9.3315E-7	7.4372E-7	4.5406E-7	1.8321E-7	2.1515E-7	2.4700E-8	8.6894E-8	1.6679E-7	2.4599E-7	4.4375E-7	4.5224E-7	4.0048E-7	3.3373E-7	2.7680E-7	1.8537E-7	9.6737E-8	6.1511E-9	-2.9772E-8	-7.2705E-8	-1.7101E-7	-1.3204E-7	-1.7680E-7	-2.1106E-7	-2.1587E-7	-1.3049E-7	-2.3937E-7	-1.6522E-7	-2.0756E-7	-1.9570E-7	-1.5235E-7	-6.7686E-8	-2.0299E-7	-1.9848E-7	-1.5621E-7	-1.8613E-7	-2.1606E-7	-2.5407E-7	-2.4585E-7
1.4695E+1	2.0136E-6	1.1993E-6	2.3979E-6	5.7941E-6	2.8405E-5	4.1370E-5	3.1862E-5	2.2379E-5	1.2281E-5	7.7115E-6	7.1817E-6	5.4263E-6	3.8211E-6	1.5990E-6	1.4443E-6	3.4603E-6	4.6579E-6	7.0009E-6	1.2485E-5	1.2999E-5	8.1494E-6	4.6412E-6	3.2615E-6	2.2508E-6	1.0634E-6	2.2071E-6	3.0305E-6	5.2491E-6	7.4474E-6	7.5627E-6	6.2774E-6	4.5481E-6	3.4920E-6	2.6937E-6	2.3893E-6	2.0394E-6	7.6095E-7	6.3644E-7	-6.0181E-7	-1.0147E-6	-2.7858E-7	-8.9388E-7	-2.3391E-7	-1.1264E-6	-9.0658E-7	-1.9115E-6	-1.3830E-6	-7.4931E-7	-1.1608E-7	2.3124E-7	-9.7878E-7	-7.4022E-7	-8.1482E-7	-1.4611E-6	-1.7920E-6	-1.5819E-6
1.4733E+1	-1.0537E-6	-1.9240E-6	-2.5923E-6	-1.8017E-6	1.0380E-5	4.5140E-5	4.7862E-5	3.5213E-5	2.2011E-5	1.1527E-5	9.0325E-6	7.5388E-6	6.3850E-6	3.4709E-6	1.1301E-6	2.2974E-6	5.7967E-6	6.1619E-6	1.0237E-5	1.7076E-5	1.2975E-5	8.7782E-6	4.9627E-6	3.7917E-6	2.4309E-6	2.0301E-6	3.9702E-6	4.5818E-6	8.3117E-6	1.0259E-5	1.0375E-5	7.8253E-6	5.6394E-6	5.0556E-6	4.2813E-6	4.1519E-6	2.7582E-6	2.6027E-6	1.1299E-6	8.7077E-9	-5.0680E-7	-6.0554E-7	7.2314E-7	-7.5085E-8	-5.0170E-7	-1.4583E-6	-1.3464E-6	-1.0434E-6	-1.5193E-7	1.1555E-6	2.9663E-7	-3.5487E-7	-6.6402E-7	-1.5751E-6	-2.2342E-6	-1.3828E-6
1.4770E+1	-5.4999E-6	-4.5149E-6	-7.7856E-6	-7.9540E-6	-6.4613E-6	2.4487E-5	6.3175E-5	5.2262E-5	3.5693E-5	1.9219E-5	1.1174E-5	9.2256E-6	1.0428E-5	6.6600E-6	4.0763E-6	1.0527E-6	5.1774E-6	6.6053E-6	7.4666E-6	1.4985E-5	1.8028E-5	1.3405E-5	8.0211E-6	5.4788E-6	4.2362E-6	2.2285E-6	4.6392E-6	4.8654E-6	7.2121E-6	1.1470E-5	1.4018E-5	1.2061E-5	9.4242E-6	7.2296E-6	7.7838E-6	6.7531E-6	5.6676E-6	5.2543E-6	3.3405E-6	2.9363E-6	2.0639E-6	5.4950E-7	1.1987E-6	1.5751E-6	1.4326E-6	-2.1314E-7	1.7238E-9	-1.4333E-7	5.8982E-7	1.4026E-6	1.4821E-6	9.1999E-7	2.6547E-7	-8.4591E-7	-1.4038E-6	-1.4884E-6
1.4808E+1	-7.7483E-6	-1.0295E-5	-1.0419E-5	-1.5732E-5	-1.4011E-5	-5.2891E-6	5.1128E-5	8.0553E-5	5.3196E-5	3.3038E-5	1.4700E-5	1.0665E-5	1.1005E-5	1.1301E-5	6.6200E-6	3.3377E-6	2.8011E-6	6.0381E-6	6.6641E-6	9.9699E-6	1.7674E-5	1.9583E-5	1.1041E-5	7.2854E-6	4.6833E-6	4.0726E-6	3.6870E-6	5.9745E-6	6.2112E-6	9.8410E-6	1.5319E-5	1.5566E-5	1.3708E-5	1.0401E-5	9.3162E-6	1.0078E-5	8.8246E-6	8.3348E-6	6.2915E-6	5.2545E-6	3.5962E-6	2.5514E-6	2.1308E-6	1.9090E-6	3.2864E-6	1.9417E-6	5.8694E-7	6.0662E-7	1.3724E-6	2.3008E-6	3.1395E-6	2.2963E-6	1.3125E-6	5.7732E-7	-1.4889E-7	-7.7599E-7
1.4846E+1	-1.1601E-5	-1.4001E-5	-1.7169E-5	-2.0471E-5	-2.5421E-5	-2.1338E-5	4.4288E-6	7.7662E-5	8.1173E-5	4.9947E-5	2.7743E-5	1.4422E-5	1.3024E-5	1.2708E-5	1.2154E-5	6.3867E-6	4.6799E-6	4.2429E-6	7.1266E-6	7.1548E-6	1.2040E-5	2.0037E-5	1.6946E-5	1.0432E-5	6.3106E-6	5.2529E-6	4.4183E-6	4.9480E-6	7.1571E-6	7.8980E-6	1.3628E-5	1.7064E-5	1.6103E-5	1.3696E-5	1.1709E-5	1.1033E-5	1.1659E-5	1.0788E-5	1.0143E-5	9.4664E-6	6.9293E-6	4.6698E-6	3.7668E-6	3.6582E-6	4.2738E-6	4.5477E-6	2.1781E-6	1.7949E-6	1.5300E-6	2.2776E-6	3.8348E-6	4.4452E-6	3.0146E-6	2.4397E-6	1.5158E-6	9.7986E-7
1.4884E+1	-1.2848E-5	-1.7109E-5	-2.0574E-5	-2.4186E-5	-3.0847E-5	-3.1733E-5	-2.2142E-5	2.6907E-5	9.3829E-5	7.2124E-5	4.1978E-5	2.1639E-5	1.5688E-5	1.2943E-5	1.3612E-5	1.0169E-5	6.0013E-6	4.3512E-6	5.7538E-6	6.9579E-6	8.3053E-6	1.3902E-5	1.8518E-5	1.3525E-5	8.6647E-6	6.2087E-6	5.4811E-6	5.0602E-6	6.3766E-6	7.6981E-6	1.0701E-5	1.6186E-5	1.7509E-5	1.4999E-5	1.4083E-5	1.2265E-5	1.1891E-5	1.2212E-5	1.1394E-5	1.0934E-5	9.5438E-6	7.4747E-6	5.3406E-6	4.7804E-6	4.9605E-6	5.4971E-6	4.0738E-6	2.8897E-6	2.4488E-6	2.9557E-6	3.9699E-6	4.5210E-6	4.5751E-6	3.5015E-6	2.0764E-6	1.4236E-6
1.4922E+1	-1.4631E-5	-2.0148E-5	-2.3670E-5	-3.0218E-5	-3.4514E-5	-4.2525E-5	-3.5479E-5	-1.6732E-5	5.7632E-5	1.0290E-4	6.1047E-5	3.6849E-5	1.9015E-5	1.8091E-5	1.4950E-5	1.4809E-5	9.0214E-6	7.3237E-6	4.8374E-6	6.9617E-6	6.8953E-6	9.5374E-6	1.5100E-5	1.7111E-5	1.1249E-5	7.5807E-6	5.4202E-6	6.4009E-6	5.8872E-6	7.9433E-6	9.3261E-6	1.3792E-5	1.7468E-5	1.7254E-5	1.5293E-5	1.4746E-5	1.2705E-5	1.3346E-5	1.3494E-5	1.2560E-5	1.1317E-5	1.0371E-5	7.8006E-6	7.0222E-6	5.8699E-6	6.2984E-6	5.5338E-6	4.6649E-6	2.6087E-6	3.3486E-6	4.4449E-6	5.6891E-6	5.5928E-6	5.5157E-6	3.4950E-6	2.8690E-6
1.4960E+1	-1.7211E-5	-2.0188E-5	-2.5918E-5	-3.2298E-5	-3.9786E-5	-4.5364E-5	-4.8346E-5	-3.5373E-5	-6.4480E-7	8.5881E-5	9.0761E-5	4.9093E-5	2.9795E-5	1.7593E-5	1.8431E-5	1.5209E-5	1.3166E-5	9.2486E-6	7.6709E-6	6.3325E-6	7.6499E-6	7.0976E-6	1.0289E-5	1.4159E-5	1.4534E-5	8.3927E-6	5.9828E-6	6.0733E-6	6.3135E-6	7.0797E-6	9.9140E-6	1.1501E-5	1.5271E-5	1.7322E-5	1.6654E-5	1.4841E-5	1.4284E-5	1.3123E-5	1.3609E-5	1.2901E-5	1.2682E-5	1.1493E-5	9.6122E-6	7.9356E-6	7.4701E-6	6.7178E-6	6.6860E-6	6.1058E-6	4.4135E-6	3.4876E-6	3.5864E-6	5.1332E-6	5.8584E-6	6.4524E-6	5.1204E-6	4.4938E-6
1.4998E+1	-1.8094E-5	-2.1137E-5	-2.5381E-5	-3.3069E-5	-4.0665E-5	-4.6347E-5	-5.0729E-5	-4.3863E-5	-2.4985E-5	2.8843E-5	9.4726E-5	6.8745E-5	3.9748E-5	2.4763E-5	1.8380E-5	1.6654E-5	1.4672E-5	1.1725E-5	8.8802E-6	7.5298E-6	6.8991E-6	7.5304E-6	8.2211E-6	1.0464E-5	1.2668E-5	9.8109E-6	5.9966E-6	5.3884E-6	6.3594E-6	6.1849E-6	9.4142E-6	1.1598E-5	1.3285E-5	1.5572E-5	1.6904E-5	1.4922E-5	1.4185E-5	1.3705E-5	1.3869E-5	1.2906E-5	1.3709E-5	1.2585E-5	1.0770E-5	9.0837E-6	7.6241E-6	6.8492E-6	6.6216E-6	6.5890E-6	4.9827E-6	4.8665E-6	3.7426E-6	4.2707E-6	4.8224E-6	6.0387E-6	6.3727E-6	4.7301E-6
1.5036E+1	-1.8094E-5	-2.1323E-5	-2.4813E-5	-3.2133E-5	-3.8974E-5	-4.6332E-5	-4.8461E-5	-4.8159E-5	-3.3764E-5	-8.1133E-6	5.1569E-5	8.1910E-5	4.7915E-5	3.2534E-5	2.0592E-5	1.7800E-5	1.4114E-5	1.4114E-5	1.0446E-5	9.5427E-6	6.6695E-6	6.6662E-6	6.3960E-6	7.9484E-6	9.0860E-6	9.4472E-6	6.8190E-6	5.1759E-6	5.4030E-6	6.5005E-6	7.8757E-6	1.1208E-5	1.2239E-5	1.3753E-5	1.5026E-5	1.5178E-5	1.3317E-5	1.2755E-5	1.2586E-5	1.2447E-5	1.2488E-5	1.3455E-5	1.1556E-5	1.0704E-5	8.4840E-6	7.1120E-6	6.1416E-6	7.2107E-6	4.9987E-6	5.2732E-6	4.1885E-6	3.9587E-6	4.3711E-6	5.6957E-6	6.2508E-6	5.7850E-6
1.5073E+1	-1.7490E-5	-2.0042E-5	-2.4657E-5	-3.0127E-5	-3.6863E-5	-4.2694E-5	-4.6228E-5	-4.3042E-5	-3.7529E-5	-1.7851E-5	1.1574E-5	6.0377E-5	6.2064E-5	3.6144E-5	2.5891E-5	1.8034E-5	1.5655E-5	1.2316E-5	1.2240E-5	9.2876E-6	8.8247E-6	5.9843E-6	6.5078E-6	5.7777E-6	5.8927E-6	6.7360E-6	6.3749E-6	5.2608E-6	5.1477E-6	5.2930E-6	8.1496E-6	1.0015E-5	1.1866E-5	1.2594E-5	1.3555E-5	1.4145E-5	1.3459E-5	1.2613E-5	1.2639E-5	1.1503E-5	1.1497E-5	1.1143E-5	1.2125E-5	1.0735E-5	9.4822E-6	7.3101E-6	5.9162E-6	6.3490E-6	5.7736E-6	5.1606E-6	4.9373E-6	3.2615E-6	4.1488E-6	5.2083E-6	5.9170E-6	5.6663E-6
1.5111E+1	-1.6297E-5	-1.9062E-5	-2.2786E-5	-2.8698E-5	-3.5484E-5	-4.0975E-5	-4.3697E-5	-4.1287E-5	-3.5470E-5	-2.3142E-5	-2.3364E-6	2.5082E-5	5.7260E-5	4.5409E-5	2.9480E-5	2.0672E-5	1.6199E-5	1.3586E-5	1.2483E-5	9.7746E-6	7.7823E-6	6.4551E-6	5.4801E-6	5.8974E-6	4.3148E-6	5.0131E-6	4.9591E-6	4.5708E-6	5.0037E-6	4.6643E-6	6.9116E-6	9.5047E-6	1.0615E-5	1.1538E-5	1.2459E-5	1.3213E-5	1.2578E-5	1.1639E-5	1.2811E-5	1.0920E-5	1.1450E-5	1.0363E-5	1.0628E-5	9.9777E-6	9.2208E-6	8.0311E-6	6.4376E-6	5.7199E-6	5.3382E-6	5.1817E-6	5.0091E-6	3.6990E-6	4.1374E-6	5.1161E-6	4.4416E-6	5.4413E-6
1.5149E+1	-1.5842E-5	-1.7771E-5	-2.0714E-5	-2.5342E-5	-3.2568E-5	-3.8965E-5	-4.0607E-5	-3.9423E-5	-3.2222E-5	-2.3854E-5	-8.5443E-6	7.5606E-6	3.2543E-5	4.9086E-5	3.4190E-5	2.4046E-5	1.6687E-5	1.3355E-5	1.1898E-5	1.1259E-5	8.2355E-6	6.1601E-6	5.0732E-6	4.5828E-6	3.5961E-6	3.2829E-6	3.6790E-6	4.1418E-6	4.0067E-6	4.2968E-6	6.3370E-6	8.2343E-6	1.0117E-5	1.0601E-5	1.1300E-5	1.2368E-5	1.2307E-5	1.1141E-5	1.1829E-5	1.0845E-5	9.7665E-6	1.0692E-5	9.6835E-6	9.0031E-6	8.0776E-6	7.3237E-6	6.1939E-6	5.9368E-6	4.7560E-6	4.8112E-6	4.0450E-6	3.7786E-6	3.7613E-6	5.1033E-6	3.8990E-6	4.2337E-6
1.5187E+1	-1.5226E-5	-1.7219E-5	-1.9428E-5	-2.3618E-5	-2.9527E-5	-3.6539E-5	-3.8391E-5	-3.7069E-5	-3.0777E-5	-2.0248E-5	-1.1194E-5	1.1847E-6	1.3699E-5	3.6460E-5	4.1006E-5	2.6964E-5	2.0527E-5	1.4448E-5	1.1517E-5	9.3029E-6	9.7696E-6	6.8338E-6	5.7667E-6	4.3396E-6	3.7756E-6	2.1199E-6	2.0900E-6	3.1500E-6	3.7035E-6	3.6787E-6	6.1649E-6	7.4508E-6	8.8233E-6	1.0141E-5	1.0751E-5	1.1458E-5	1.1370E-5	1.1245E-5	1.0557E-5	1.0729E-5	9.5656E-6	9.4927E-6	8.8848E-6	7.9630E-6	8.5476E-6	7.2207E-6	5.8802E-6	5.3471E-6	4.7214E-6	4.2199E-6	3.8068E-6	3.3979E-6	3.6593E-6	3.2996E-6	3.3298E-6	3.6625E-6
1.5225E+1	-1.4052E-5	-1.5849E-5	-1.7794E-5	-2.1972E-5	-2.6420E-5	-3.2412E-5	-3.5992E-5	-3.4294E-5	-2.9243E-5	-1.9605E-5	-9.7461E-6	-2.0648E-6	5.6727E-6	1.8914E-5	3.6287E-5	3.2549E-5	2.1927E-5	1.7044E-5	1.3171E-5	9.4584E-6	8.4317E-6	7.3443E-6	5.8444E-6	4.5296E-6	3.7162E-6	2.5276E-6	1.3880E-6	2.2175E-6	2.6117E-6	3.8251E-6	5.8978E-6	7.5218E-6	8.5610E-6	9.4750E-6	1.0023E-5	1.0719E-5	1.0610E-5	1.0601E-5	1.0455E-5	9.7279E-6	9.4653E-6	9.1907E-6	7.9395E-6	7.2171E-6	7.4195E-6	6.6742E-6	6.4203E-6	5.4098E-6	4.2742E-6	3.7621E-6	3.4578E-6	3.5782E-6	3.8266E-6	2.8511E-6	2.4485E-6	1.7722E-6
1.5263E+1	-1.3011E-5	-1.5019E-5	-1.6423E-5	-2.0749E-5	-2.4481E-5	-2.7843E-5	-3.1394E-5	-3.1490E-5	-2.6166E-5	-1.8357E-5	-9.5793E-6	-2.4265E-6	2.2916E-6	1.0219E-5	2.2985E-5	3.4097E-5	2.5692E-5	1.8773E-5	1.4410E-5	1.0737E-5	8.8462E-6	7.2982E-6	5.7073E-6	4.4556E-6	2.8694E-6	2.1705E-6	1.3362E-6	1.4897E-6	1.8068E-6	3.6400E-6	5.5694E-6	6.8533E-6	7.9765E-6	9.2790E-6	9.8163E-6	9.5280E-6	9.9969E-6	9.7243E-6	9.6126E-6	1.0083E-5	9.0370E-6	8.6045E-6	7.6176E-6	7.4003E-6	7.5245E-6	5.9671E-6	5.6397E-6	6.0142E-6	4.1695E-6	3.4571E-6	3.3306E-6	3.1286E-6	3.7864E-6	2.7685E-6	3.5064E-6	2.8202E-6
1.5301E+1	-1.2024E-5	-1.3772E-5	-1.5806E-5	-1.8980E-5	-2.3613E-5	-2.5450E-5	-2.7759E-5	-2.8199E-5	-2.5608E-5	-1.7014E-5	-9.4705E-6	-2.9644E-6	5.9178E-8	6.1935E-6	1.2888E-5	2.6163E-5	2.9787E-5	2.1699E-5	1.7638E-5	1.2106E-5	9.9329E-6	7.7601E-6	6.7197E-6	4.7918E-6	3.0554E-6	1.2533E-6	1.5667E-6	9.5730E-7	1.4666E-6	3.4030E-6	5.6574E-6	6.1742E-6	7.8528E-6	7.6122E-6	9.1761E-6	8.9360E-6	9.2417E-6	8.9412E-6	8.9734E-6	8.7296E-6	9.3365E-6	8.1362E-6	7.1588E-6	6.9151E-6	6.2946E-6	6.0897E-6	5.6875E-6	5.2661E-6	4.7100E-6	3.1837E-6	3.4178E-6	2.9361E-6	2.8416E-6	2.4235E-6	2.5859E-6	3.0084E-6
1.5338E+1	-1.1474E-5	-1.2804E-5	-1.4802E-5	-1.7482E-5	-2.1315E-5	-2.3440E-5	-2.4220E-5	-2.4541E-5	-2.3225E-5	-1.7708E-5	-9.2110E-6	-4.2010E-6	-7.7004E-7	2.9766E-6	8.6619E-6	1.5308E-5	2.6481E-5	2.5376E-5	1.9245E-5	1.4777E-5	1.0936E-5	9.2134E-6	7.0586E-6	5.7936E-6	3.8144E-6	1.8026E-6	9.7790E-7	1.2693E-6	1.4586E-6	3.3421E-6	5.4961E-6	5.9173E-6	7.7427E-6	7.6683E-6	7.9287E-6	8.8968E-6	9.5081E-6	8.6522E-6	8.7495E-6	8.5670E-6	7.6722E-6	8.5270E-6	7.3002E-6	6.7668E-6	5.8425E-6	5.1949E-6	5.5641E-6	4.9412E-6	4.0032E-6	3.5057E-6	3.1331E-6	3.0843E-6	2.7555E-6	2.4340E-6	3.2106E-6	2.2915E-6
1.5376E+1	-1.0697E-5	-1.2564E-5	-1.4161E-5	-1.6994E-5	-1.9668E-5	-2.2502E-5	-2.2296E-5	-2.1593E-5	-2.0264E-5	-1.6667E-5	-9.7142E-6	-4.7409E-6	-2.1248E-6	1.3087E-6	5.3449E-6	1.0598E-5	1.7451E-5	2.6566E-5	2.2271E-5	1.6713E-5	1.2044E-5	1.0445E-5	8.2298E-6	6.0041E-6	4.4488E-6	2.6960E-6	1.6546E-6	1.4142E-6	2.1119E-6	2.9119E-6	4.9948E-6	5.7804E-6	7.6702E-6	6.9161E-6	7.4664E-6	8.6045E-6	9.2567E-6	9.3094E-6	8.5042E-6	9.2378E-6	7.4314E-6	7.3885E-6	7.9327E-6	6.1648E-6	5.4015E-6	5.6246E-6	5.4513E-6	5.1914E-6	4.0312E-6	2.6867E-6	3.1207E-6	2.5722E-6	2.5071E-6	2.3091E-6	2.7927E-6	2.4849E-6
1.5414E+1	-1.0684E-5	-1.1785E-5	-1.4114E-5	-1.6516E-5	-1.8489E-5	-2.0725E-5	-2.2214E-5	-1.9658E-5	-1.8015E-5	-1.4665E-5	-1.0320E-5	-5.1862E-6	-3.3098E-6	2.9977E-7	2.1449E-6	6.9686E-6	1.0960E-5	1.9959E-5	2.4668E-5	1.9048E-5	1.4165E-5	1.1382E-5	8.8458E-6	6.4159E-6	4.9840E-6	3.0464E-6	1.8433E-6	2.2346E-6	2.4153E-6	3.3010E-6	4.2785E-6	5.8212E-6	7.7687E-6	7.6901E-6	6.8835E-6	9.2098E-6	8.7181E-6	9.3160E-6	8.3896E-6	9.1050E-6	8.1119E-6	7.2147E-6	7.8594E-6	6.6576E-6	5.4414E-6	5.0607E-6	5.1178E-6	5.2540E-6	4.9558E-6	3.1365E-6	3.2339E-6	2.5317E-6	2.5162E-6	2.6244E-6	2.9953E-6	1.9908E-6
1.5452E+1	-1.1044E-5	-1.0968E-5	-1.3881E-5	-1.6876E-5	-1.9058E-5	-1.9158E-5	-2.1138E-5	-1.9766E-5	-1.6828E-5	-1.2874E-5	-9.4656E-6	-5.9506E-6	-4.0038E-6	-9.4161E-7	9.8526E-7	4.2318E-6	7.4723E-6	1.2947E-5	2.0711E-5	2.2220E-5	1.5153E-5	1.2962E-5	9.2931E-6	6.7248E-6	4.6729E-6	3.9714E-6	2.0761E-6	2.6216E-6	2.4093E-6	2.7875E-6	3.5086E-6	5.6611E-6	6.7722E-6	7.3934E-6	7.3629E-6	8.7433E-6	8.7064E-6	8.9600E-6	8.5148E-6	8.5994E-6	7.9501E-6	7.1054E-6	7.5938E-6	6.5717E-6	5.9251E-6	5.6155E-6	4.8700E-6	4.7484E-6	4.6407E-6	3.6456E-6	4.0255E-6	3.2324E-6	2.4083E-6	2.9437E-6	2.4979E-6	3.2155E-6
1.5490E+1	-9.8332E-6	-1.0618E-5	-1.2323E-5	-1.5473E-5	-1.8870E-5	-1.9291E-5	-1.8606E-5	-1.8473E-5	-1.6479E-5	-1.2649E-5	-8.5860E-6	-6.1752E-6	-4.6898E-6	-2.7014E-6	-9.7461E-7	2.1789E-6	4.5902E-6	8.8361E-6	1.3445E-5	2.1294E-5	1.8356E-5	1.2975E-5	1.0060E-5	7.1153E-6	5.3188E-6	3.2633E-6	2.9490E-6	2.6821E-6	2.9848E-6	3.1808E-6	3.1639E-6	5.6794E-6	6.7376E-6	6.7500E-6	7.1564E-6	8.3524E-6	8.1642E-6	8.4300E-6	8.1551E-6	8.4907E-6	7.6920E-6	6.6338E-6	6.8904E-6	6.9077E-6	5.3492E-6	5.1741E-6	5.1686E-6	4.5516E-6	3.9757E-6	3.7888E-6	3.4695E-6	3.4314E-6	3.0435E-6	3.2444E-6	2.2242E-6	2.4095E-6
1.5528E+1	-9.0906E-6	-1.0350E-5	-1.2595E-5	-1.5140E-5	-1.8025E-5	-1.9855E-5	-1.8128E-5	-1.6201E-5	-1.4757E-5	-1.1882E-5	-8.3053E-6	-5.4541E-6	-4.7154E-6	-3.3785E-6	-2.5435E-6	1.6765E-7	2.1630E-6	5.9125E-6	8.4565E-6	1.5265E-5	1.8866E-5	1.4963E-5	1.0391E-5	7.1815E-6	5.4872E-6	3.6624E-6	2.4211E-6	2.5621E-6	2.1470E-6	3.0098E-6	3.3421E-6	5.1947E-6	6.2093E-6	6.6641E-6	7.1039E-6	7.4734E-6	7.8781E-6	7.6247E-6	7.8809E-6	7.7672E-6	7.8149E-6	6.6063E-6	6.0548E-6	6.4432E-6	6.0053E-6	4.4906E-6	5.4644E-6	4.4064E-6	3.6316E-6	3.9064E-6	3.9068E-6	2.8854E-6	2.8500E-6	3.2141E-6	2.9120E-6	2.3061E-6
1.5566E+1	-8.9213E-6	-9.4859E-6	-1.1445E-5	-1.4353E-5	-1.7338E-5	-1.9790E-5	-1.9129E-5	-1.5296E-5	-1.3785E-5	-1.0590E-5	-8.1172E-6	-5.5087E-6	-4.0558E-6	-3.5772E-6	-2.6747E-6	-1.5046E-6	1.1574E-7	3.4385E-6	5.6492E-6	9.5371E-6	1.4909E-5	1.6439E-5	1.1731E-5	8.2098E-6	5.9758E-6	3.5576E-6	2.8780E-6	2.2097E-6	2.1942E-6	2.3053E-6	3.5840E-6	4.9180E-6	5.6950E-6	6.0151E-6	6.9475E-6	7.1853E-6	7.8052E-6	6.8831E-6	7.4084E-6	7.1180E-6	7.1209E-6	6.4205E-6	6.3013E-6	5.6480E-6	5.2590E-6	4.6994E-6	4.4439E-6	4.1620E-6	3.4961E-6	4.0326E-6	2.9909E-6	3.4058E-6	2.9910E-6	2.3207E-6	2.9974E-6	1.9836E-6
1.5604E+1	-8.2279E-6	-9.1071E-6	-1.1478E-5	-1.3487E-5	-1.5690E-5	-1.8449E-5	-1.9800E-5	-1.4983E-5	-1.1903E-5	-1.0345E-5	-6.7574E-6	-5.9620E-6	-4.3466E-6	-3.5021E-6	-2.5496E-6	-1.4508E-6	-1.0182E-6	1.3759E-6	4.0988E-6	6.2999E-6	8.8380E-6	1.4954E-5	1.3289E-5	8.1471E-6	6.6614E-6	4.1126E-6	2.7324E-6	2.4786E-6	1.9280E-6	1.6596E-6	3.2688E-6	4.5772E-6	5.1115E-6	5.5494E-6	6.0783E-6	6.5956E-6	7.6684E-6	6.7176E-6	6.8439E-6	7.0127E-6	7.0858E-6	5.9322E-6	6.1109E-6	6.5685E-6	5.2363E-6	5.1180E-6	5.1831E-6	3.3845E-6	3.3576E-6	4.0442E-6	3.7187E-6	2.7762E-6	3.7301E-6	2.0442E-6	3.1098E-6	1.7750E-6
1.5641E+1	-7.5881E-6	-7.9511E-6	-1.0498E-5	-1.3724E-5	-1.5489E-5	-1.7604E-5	-1.9650E-5	-1.7031E-5	-1.0915E-5	-8.9501E-6	-6.6312E-6	-4.5972E-6	-5.0927E-6	-3.8876E-6	-3.1130E-6	-1.7319E-6	-1.4537E-6	1.5893E-7	2.3959E-6	4.5876E-6	5.5612E-6	9.8057E-6	1.3632E-5	9.6383E-6	5.9172E-6	4.2866E-6	2.7288E-6	1.9290E-6	2.4157E-6	1.6805E-6	2.5435E-6	4.2307E-6	4.8605E-6	4.9051E-6	5.2092E-6	5.7271E-6	6.5319E-6	6.4256E-6	6.0006E-6	5.6527E-6	6.6283E-6	5.5666E-6	5.0709E-6	4.8731E-6	5.2686E-6	4.5142E-6	4.9782E-6	4.1950E-6	3.8314E-6	2.9551E-6	3.1235E-6	3.4735E-6	3.4343E-6	2.7077E-6	2.8842E-6	2.4376E-6
1.5679E+1	-6.9844E-6	-7.1894E-6	-9.1452E-6	-1.1650E-5	-1.4158E-5	-1.6839E-5	-1.8074E-5	-1.7083E-5	-1.2956E-5	-7.9325E-6	-5.6908E-6	-4.1161E-6	-4.0147E-6	-3.8427E-6	-3.1275E-6	-1.7852E-6	-1.3135E-6	-5.5223E-7	1.5389E-6	2.9288E-6	3.9348E-6	5.8686E-6	9.1555E-6	1.0958E-5	6.5738E-6	4.4414E-6	3.0673E-6	1.8101E-6	1.0827E-6	2.2276E-6	2.1698E-6	3.8731E-6	4.7526E-6	5.0549E-6	4.2695E-6	5.5196E-6	4.9965E-6	5.9217E-6	6.0577E-6	5.7305E-6	5.6809E-6	5.9580E-6	5.3545E-6	4.5468E-6	3.8942E-6	4.2826E-6	3.7699E-6	3.6624E-6	3.6288E-6	3.3395E-6	2.3230E-6	3.2298E-6	2.4513E-6	2.8877E-6	2.5226E-6	2.4745E-6
1.5717E+1	-5.9835E-6	-6.4472E-6	-8.4954E-6	-1.0831E-5	-1.2208E-5	-1.5524E-5	-1.6711E-5	-1.5989E-5	-1.3160E-5	-8.8831E-6	-4.9171E-6	-3.5405E-6	-3.7831E-6	-3.0948E-6	-2.8049E-6	-1.8389E-6	-1.5204E-6	-2.5277E-7	4.2986E-7	1.9508E-6	2.7462E-6	4.1802E-6	5.1653E-6	8.7827E-6	7.8500E-6	4.4754E-6	3.3536E-6	2.0705E-6	1.3199E-6	1.8533E-6	2.2205E-6	3.1560E-6	4.5440E-6	5.1215E-6	4.1814E-6	4.9371E-6	4.8223E-6	4.4340E-6	4.8982E-6	4.8816E-6	5.3694E-6	4.8315E-6	4.9686E-6	4.2266E-6	4.2873E-6	3.4112E-6	3.6166E-6	3.6995E-6	3.4250E-6	2.0688E-6	2.1431E-6	2.7146E-6	2.4698E-6	2.0154E-6	2.9119E-6	1.3044E-6
1.5755E+1	-5.8601E-6	-5.5691E-6	-7.6797E-6	-9.6184E-6	-1.1326E-5	-1.4066E-5	-1.4981E-5	-1.4744E-5	-1.3471E-5	-8.6433E-6	-4.6445E-6	-2.8823E-6	-3.3608E-6	-2.7636E-6	-2.4640E-6	-1.2063E-6	-1.4021E-6	-5.6162E-7	3.8503E-7	9.0550E-7	1.5476E-6	2.4333E-6	3.4119E-6	5.2597E-6	7.7333E-6	5.7499E-6	3.9804E-6	2.1247E-6	1.2524E-6	2.0232E-6	2.8217E-6	3.0355E-6	3.5230E-6	4.5655E-6	4.4493E-6	4.3297E-6	4.9893E-6	4.6658E-6	5.1197E-6	4.5574E-6	4.9340E-6	5.2798E-6	4.4522E-6	4.0634E-6	3.7647E-6	3.3201E-6	2.8649E-6	2.7994E-6	3.1740E-6	2.4065E-6	2.3371E-6	2.2368E-6	1.9529E-6	1.8605E-6	2.2464E-6	1.7197E-6
1.5793E+1	-5.8759E-6	-5.5503E-6	-6.8690E-6	-8.3137E-6	-9.5967E-6	-1.2538E-5	-1.4341E-5	-1.3196E-5	-1.2282E-5	-9.7001E-6	-4.7436E-6	-1.9220E-6	-2.5834E-6	-2.0123E-6	-1.8359E-6	-1.4638E-6	-9.2583E-7	-4.5506E-7	8.4279E-9	7.1971E-7	9.7112E-7	1.6241E-6	2.6183E-6	3.3803E-6	4.9946E-6	5.9747E-6	4.4535E-6	3.1188E-6	2.4815E-6	1.8196E-6	2.7168E-6	3.5678E-6	3.5070E-6	3.6119E-6	3.8022E-6	3.8837E-6	4.3408E-6	3.5870E-6	3.6978E-6	4.4944E-6	3.8345E-6	4.4304E-6	4.1847E-6	4.2209E-6	4.4275E-6	3.3497E-6	3.2162E-6	2.9257E-6	2.1406E-6	1.5423E-6	2.0521E-6	2.7336E-6	2.1611E-6	2.1102E-6	1.9120E-6	1.9741E-6
1.5831E+1	-4.6701E-6	-5.2301E-6	-6.7878E-6	-7.2839E-6	-8.6279E-6	-1.0204E-5	-1.2391E-5	-1.3469E-5	-1.0583E-5	-8.4779E-6	-6.1807E-6	-2.4597E-6	-1.5841E-6	-1.8437E-6	-1.2493E-6	-7.1090E-7	-6.9014E-7	-4.3946E-7	4.0336E-7	9.6442E-7	2.9851E-7	1.2440E-6	2.2117E-6	2.9238E-6	3.1444E-6	4.5918E-6	5.2325E-6	2.8567E-6	3.3378E-6	2.9098E-6	2.9661E-6	3.3200E-6	3.3764E-6	4.0092E-6	3.4956E-6	3.8117E-6	4.5809E-6	4.1777E-6	3.7836E-6	3.5640E-6	4.0967E-6	3.3869E-6	3.4059E-6	2.8197E-6	3.5028E-6	3.0745E-6	2.8824E-6	2.2801E-6	2.2588E-6	2.0683E-6	1.9229E-6	1.4231E-6	1.6885E-6	1.5909E-6	1.9759E-6	1.3918E-6
1.5869E+1	-4.5333E-6	-4.4944E-6	-5.6852E-6	-6.7148E-6	-7.1149E-6	-9.1915E-6	-1.0295E-5	-1.1841E-5	-1.0687E-5	-7.4158E-6	-5.5984E-6	-3.0535E-6	-1.4287E-6	-1.1324E-6	-1.5228E-6	-9.0523E-7	-3.2184E-7	-2.4618E-7	1.3989E-7	1.7908E-6	6.9000E-7	1.4631E-6	2.0062E-6	2.7465E-6	2.4985E-6	2.5258E-6	4.5377E-6	4.3144E-6	3.1239E-6	3.2762E-6	3.1168E-6	3.7537E-6	3.3317E-6	3.3867E-6	2.9347E-6	3.5935E-6	3.8847E-6	2.5018E-6	4.2139E-6	3.4685E-6	3.7093E-6	3.5342E-6	4.3296E-6	3.0398E-6	3.1211E-6	2.3885E-6	3.0009E-6	2.4871E-6	1.2336E-6	1.6371E-6	2.1125E-6	1.4993E-6	1.3460E-6	1.2178E-6	1.4928E-6	2.2295E-6
1.5906E+1	-4.4906E-6	-4.9794E-6	-5.2781E-6	-6.1866E-6	-6.8810E-6	-6.8603E-6	-8.3008E-6	-9.5229E-6	-9.1997E-6	-6.8264E-6	-5.1865E-6	-3.0477E-6	-1.0284E-6	-9.4216E-7	-8.8233E-7	-7.0086E-7	-4.7559E-7	1.3373E-7	7.2952E-7	1.2577E-6	8.6652E-7	1.0660E-6	1.6686E-6	2.3799E-6	2.5035E-6	2.4186E-6	3.3217E-6	4.5333E-6	3.9849E-6	3.5799E-6	3.6528E-6	3.4868E-6	4.4161E-6	4.3230E-6	3.4925E-6	3.4012E-6	5.0612E-6	2.7307E-6	3.3860E-6	2.9032E-6	3.4362E-6	1.7965E-6	3.5329E-6	3.1210E-6	2.6977E-6	2.1619E-6	2.2337E-6	2.6350E-6	2.2618E-6	2.1435E-6	2.1199E-6	3.9823E-7	7.4319E-7	7.1022E-7	1.0748E-6	8.4576E-7
1.5944E+1	-3.7331E-6	-4.7217E-6	-4.8656E-6	-5.8274E-6	-6.6438E-6	-7.1217E-6	-6.4786E-6	-6.9046E-6	-7.3687E-6	-5.9946E-6	-3.7035E-6	-2.7672E-6	-6.3442E-7	-2.3336E-7	-1.4019E-7	-6.0987E-8	-2.1601E-8	-1.3811E-8	1.7537E-6	2.0057E-6	1.5540E-6	1.7988E-6	9.3255E-7	1.6158E-6	1.4579E-6	1.7763E-6	2.2887E-6	4.0369E-6	4.4021E-6	3.6678E-6	4.2526E-6	3.3559E-6	4.4377E-6	3.6621E-6	4.7185E-6	3.7927E-6	4.0792E-6	3.8436E-6	4.6524E-6	3.4591E-6	3.7237E-6	3.3831E-6	2.6843E-6	2.8710E-6	2.4249E-6	1.9549E-6	2.1281E-6	1.7620E-6	1.7899E-6	2.1422E-6	3.1188E-6	1.6285E-6	8.0959E-7	8.6852E-7	9.1191E-7	6.3721E-7
1.5982E+1	-3.4252E-6	-5.0368E-6	-5.2549E-6	-6.1233E-6	-6.3295E-6	-5.9137E-6	-6.0993E-6	-5.9496E-6	-5.5852E-6	-5.4475E-6	-3.3786E-6	-2.0008E-6	-7.4012E-7	-3.3936E-7	5.6430E-7	6.6795E-7	8.0820E-7	8.6189E-7	1.1734E-6	1.8871E-6	1.4070E-6	2.1686E-6	2.0319E-6	2.0241E-6	1.8592E-6	2.1586E-6	2.3691E-6	2.5011E-6	4.8409E-6	4.2311E-6	4.8936E-6	4.2116E-6	4.8973E-6	4.5896E-6	4.0865E-6	4.9732E-6	3.7813E-6	3.7346E-6	3.4750E-6	3.7826E-6	3.0550E-6	3.3652E-6	3.7932E-6	3.3222E-6	2.6085E-6	2.1142E-6	2.2718E-6	2.1281E-6	1.7348E-6	1.5398E-6	1.8941E-6	2.0583E-6	1.5026E-6	1.5904E-6	1.3878E-6	6.9077E-7
1.6020E+1	-3.3642E-6	-3.9331E-6	-5.4097E-6	-6.6460E-6	-7.4117E-6	-6.1739E-6	-4.1327E-6	-4.5627E-6	-4.7752E-6	-4.2588E-6	-3.2028E-6	-1.6751E-6	-6.9585E-7	-7.8768E-8	7.7609E-7	1.3938E-6	3.2882E-7	1.4641E-6	1.9797E-6	1.8828E-6	1.5970E-6	1.0622E-6	1.1449E-6	1.2761E-6	1.2371E-6	1.4546E-6	2.5783E-6	2.5623E-6	3.6995E-6	5.2362E-6	4.9746E-6	5.5332E-6	4.5093E-6	5.1869E-6	5.1392E-6	4.9505E-6	4.1635E-6	4.5450E-6	4.0765E-6	2.9373E-6	3.4530E-6	2.9049E-6	2.6337E-6	3.2326E-6	2.9528E-6	2.1928E-6	1.8189E-6	1.8644E-6	2.2695E-6	1.5784E-6	1.7238E-6	1.5527E-6	1.6730E-6	1.1964E-6	1.7836E-6	8.1994E-7
1.6058E+1	-4.1377E-6	-4.3577E-6	-4.7817E-6	-6.4740E-6	-7.3509E-6	-7.8322E-6	-4.7740E-6	-3.0350E-6	-3.9320E-6	-2.8662E-6	-2.2891E-6	-1.4634E-6	-6.0594E-7	-1.4647E-7	9.3367E-7	2.4840E-6	2.0268E-6	1.0919E-6	1.6416E-6	2.0633E-6	2.5181E-6	1.9344E-6	1.9538E-6	1.6547E-6	1.0280E-6	1.2640E-6	1.3920E-6	2.5866E-6	3.2200E-6	4.6911E-6	5.5589E-6	6.4839E-6	5.3242E-6	5.2638E-6	5.4718E-6	5.0558E-6	4.3918E-6	4.4342E-6	4.3666E-6	3.5589E-6	3.0849E-6	3.7680E-6	3.1734E-6	2.8652E-6	2.6580E-6	2.2296E-6	2.0043E-6	1.1533E-6	1.5121E-6	1.5555E-6	1.2935E-6	1.7143E-6	1.8402E-6	1.1295E-6	1.4019E-6	1.3861E-6
1.6096E+1	-4.3323E-6	-5.8183E-6	-5.8416E-6	-6.9220E-6	-7.4127E-6	-8.0343E-6	-7.0291E-6	-2.7081E-6	-3.3599E-6	-3.3581E-6	-1.2089E-6	-1.5313E-6	-8.8364E-7	3.4720E-8	4.0194E-7	1.2450E-6	1.8059E-6	2.2695E-6	1.6135E-6	1.7826E-6	1.8611E-6	2.0402E-6	1.2826E-6	2.1287E-6	7.5199E-7	1.2994E-6	1.2009E-6	2.3073E-6	3.1899E-6	4.1207E-6	5.3179E-6	6.9386E-6	6.0284E-6	5.6312E-6	5.8928E-6	5.4636E-6	4.7681E-6	4.6662E-6	4.3086E-6	4.1789E-6	3.6003E-6	3.1804E-6	3.5511E-6	2.9490E-6	3.2807E-6	2.0363E-6	2.0835E-6	2.4355E-6	1.3205E-6	1.4300E-6	1.3111E-6	8.4024E-7	1.3820E-6	8.9896E-7	1.0262E-6	1.3091E-6
1.6134E+1	-3.7071E-6	-4.9243E-6	-6.7065E-6	-7.1772E-6	-8.6851E-6	-7.9881E-6	-8.0374E-6	-4.6504E-6	-1.0719E-6	-2.1105E-6	-1.1847E-6	-5.5216E-7	-9.7440E-7	-4.9891E-8	8.5698E-7	1.3941E-6	1.2637E-6	1.5425E-6	1.5038E-6	2.2990E-6	1.6114E-6	2.1570E-6	1.5481E-6	1.6321E-6	7.1666E-7	6.9551E-7	1.0011E-6	1.6709E-6	2.4454E-6	2.7973E-6	4.7391E-6	6.3986E-6	6.5332E-6	6.4259E-6	5.8246E-6	5.0097E-6	5.5765E-6	4.8280E-6	4.4816E-6	4.0996E-6	4.3131E-6	3.2462E-6	3.5018E-6	2.8039E-6	2.2939E-6	2.7805E-6	1.7523E-6	2.3838E-6	1.9329E-6	1.8872E-6	2.0165E-6	1.7009E-6	1.3492E-6	8.1012E-7	7.6605E-7	1.1995E-6
1.6171E+1	-3.9082E-6	-4.8180E-6	-5.7660E-6	-7.0373E-6	-8.7093E-6	-9.5509E-6	-8.0239E-6	-7.0003E-6	-2.9385E-6	-7.7133E-7	-3.8949E-7	-1.0255E-6	-4.2702E-8	-3.6007E-7	9.4404E-7	6.2648E-7	1.3358E-6	2.0744E-6	1.3374E-6	2.1204E-6	1.7050E-6	2.0673E-6	1.2532E-6	1.9543E-6	4.7445E-7	5.9942E-7	8.4851E-7	2.0816E-6	2.0520E-6	2.2486E-6	3.5858E-6	5.0333E-6	6.0312E-6	5.7179E-6	6.9481E-6	4.9824E-6	5.3791E-6	5.1116E-6	4.4721E-6	4.7277E-6	3.8901E-6	4.1226E-6	2.7377E-6	3.2561E-6	2.0470E-6	1.8070E-6	2.5636E-6	2.3294E-6	1.4171E-6	1.6030E-6	1.8512E-6	1.1294E-6	1.5787E-6	1.3730E-6	1.2321E-6	8.8033E-7
1.6209E+1	-4.5281E-6	-5.0642E-6	-6.6145E-6	-6.6584E-6	-7.7749E-6	-9.5923E-6	-8.7784E-6	-6.7971E-6	-3.9395E-6	-1.2986E-6	-5.3700E-9	-6.3780E-7	-2.6772E-7	-1.5050E-8	9.2712E-7	1.1758E-6	4.6285E-7	1.5278E-6	1.4478E-6	2.2688E-6	5.6061E-7	2.3747E-6	1.0914E-6	1.5365E-6	7.9863E-7	6.9268E-7	2.5325E-7	1.5154E-6	1.6231E-6	1.7744E-6	3.5346E-6	4.2135E-6	5.8853E-6	5.6591E-6	6.2514E-6	5.3697E-6	5.3572E-6	5.5688E-6	4.0967E-6	4.4975E-6	3.6089E-6	3.7464E-6	3.4326E-6	2.7049E-6	2.6570E-6	1.7239E-6	1.9057E-6	2.5887E-6	1.5769E-6	1.4216E-6	1.6373E-6	1.2656E-6	8.6177E-7	5.7517E-7	1.2358E-6	9.9266E-7
1.6247E+1	-3.9631E-6	-4.6081E-6	-5.6627E-6	-8.1945E-6	-7.8990E-6	-8.6551E-6	-9.6232E-6	-7.8652E-6	-4.7153E-6	-2.0105E-6	-2.8068E-7	-6.0279E-7	-1.1137E-7	-3.9623E-7	1.2454E-6	8.4736E-7	1.7228E-6	1.7800E-6	1.2626E-6	2.5744E-6	7.8396E-7	1.2376E-6	1.6833E-6	1.1156E-6	5.4076E-7	1.0842E-6	7.2054E-7	1.0592E-6	1.4615E-6	1.8176E-6	2.9125E-6	3.2808E-6	4.6189E-6	5.0333E-6	6.7278E-6	5.9705E-6	5.4292E-6	5.2524E-6	5.3237E-6	4.7163E-6	4.0209E-6	3.7354E-6	2.5827E-6	3.3440E-6	2.5849E-6	2.5650E-6	1.9547E-6	2.2401E-6	1.7533E-6	1.2673E-6	1.5264E-6	7.4755E-7	1.6867E-6	9.7984E-7	4.7249E-7	3.6565E-7
1.6285E+1	-3.8001E-6	-4.5451E-6	-4.6826E-6	-6.4110E-6	-8.6279E-6	-8.3597E-6	-8.9291E-6	-8.5150E-6	-5.4512E-6	-3.2611E-6	-1.0257E-6	-1.3317E-7	-3.8459E-7	-7.6016E-7	3.4845E-7	7.1613E-7	2.5183E-7	1.5866E-6	1.3833E-6	1.7421E-6	7.2340E-7	7.0365E-7	8.3516E-7	1.2388E-6	2.1415E-7	7.6630E-7	5.4883E-7	5.7539E-7	6.6547E-7	2.0061E-6	3.4431E-6	4.2302E-6	3.8279E-6	4.6305E-6	4.6300E-6	5.5771E-6	5.8238E-6	4.5979E-6	4.6537E-6	4.7619E-6	3.8451E-6	4.7628E-6	3.3000E-6	2.9543E-6	2.8081E-6	2.6596E-6	2.4264E-6	2.0409E-6	2.3310E-6	1.4135E-6	1.2364E-6	1.2634E-6	1.2047E-6	1.9751E-6	1.6576E-6	4.4288E-7
1.6323E+1	-3.7628E-6	-4.4539E-6	-5.0966E-6	-6.1186E-6	-7.1755E-6	-7.9404E-6	-8.5020E-6	-8.0150E-6	-6.4076E-6	-3.9114E-6	-2.2295E-6	-4.8144E-7	-2.0437E-7	-7.4140E-8	4.0404E-7	6.2680E-7	1.2773E-6	6.3721E-7	1.1686E-6	1.5046E-6	8.7631E-7	7.8835E-7	3.6071E-7	3.8080E-7	1.3978E-7	1.5681E-7	3.4959E-7	2.5355E-7	2.9815E-7	1.1744E-6	2.1235E-6	4.0456E-6	3.9759E-6	4.8725E-6	5.1530E-6	5.0075E-6	5.2331E-6	4.3734E-6	4.2670E-6	4.1417E-6	3.3410E-6	3.6317E-6	3.8650E-6	3.5645E-6	2.2701E-6	2.6492E-6	2.0883E-6	2.1408E-6	1.7363E-6	2.4488E-6	8.7446E-7	8.1199E-7	1.0677E-6	1.6303E-6	1.5830E-6	1.9046E-6
1.6361E+1	-3.8636E-6	-3.7459E-6	-5.0878E-6	-6.0884E-6	-7.2513E-6	-7.3393E-6	-7.6032E-6	-6.9680E-6	-5.7597E-6	-4.5210E-6	-1.7513E-6	-1.2734E-6	-1.0557E-6	-6.5701E-7	-2.1128E-7	1.9700E-7	7.9106E-7	1.2684E-6	9.6821E-7	1.0761E-6	8.0035E-7	9.4224E-7	7.9777E-7	2.7861E-7	1.3804E-7	-4.4231E-8	-4.9879E-8	-2.4882E-7	4.9489E-7	1.2219E-6	2.3255E-6	3.3458E-6	3.2499E-6	4.4891E-6	4.2340E-6	5.3165E-6	5.5451E-6	4.8704E-6	4.9813E-6	3.6643E-6	3.6692E-6	2.9856E-6	3.4046E-6	3.4197E-6	2.6881E-6	2.4703E-6	1.9744E-6	1.7618E-6	1.9567E-6	1.9494E-6	1.8964E-6	1.0453E-6	1.1038E-6	1.4097E-6	1.3748E-6	1.3884E-6
1.6399E+1	-3.9556E-6	-4.0145E-6	-4.7866E-6	-6.6624E-6	-7.0653E-6	-8.0938E-6	-7.8863E-6	-7.1531E-6	-5.2191E-6	-4.9741E-6	-1.9995E-6	-8.8055E-7	-9.5690E-7	-3.5957E-7	-6.8450E-7	-3.1333E-7	8.7272E-7	6.9008E-7	1.0305E-6	8.6285E-7	1.7485E-6	6.3258E-7	8.8244E-7	1.7632E-7	5.2824E-7	-9.4808E-7	5.1475E-8	-9.4957E-7	1.3568E-8	1.2236E-7	1.7695E-6	2.6604E-6	3.3471E-6	3.5923E-6	4.0320E-6	4.0243E-6	4.6085E-6	4.1354E-6	5.6073E-6	4.4864E-6	4.3743E-6	3.5010E-6	3.7504E-6	2.8638E-6	2.4255E-6	2.8894E-6	2.3585E-6	1.2987E-6	1.3453E-6	2.4377E-6	1.3106E-6	1.4906E-6	1.0958E-6	1.7701E-6	1.1804E-6	1.9439E-6
1.6437E+1	-3.1678E-6	-3.4323E-6	-3.9360E-6	-5.7147E-6	-6.8314E-6	-7.8194E-6	-8.0362E-6	-7.5398E-6	-5.5507E-6	-4.6132E-6	-3.2736E-6	-1.8794E-6	-1.3642E-6	-8.3871E-7	-1.1511E-6	-5.8715E-7	1.8645E-7	1.2968E-7	6.7709E-7	1.1942E-7	1.2733E-6	1.2638E-6	6.8787E-7	2.0757E-7	6.2388E-7	-1.3559E-8	-8.3500E-7	-3.4486E-7	-1.4689E-7	-1.5570E-7	1.0952E-6	2.0741E-6	2.2672E-6	3.1934E-6	3.1278E-6	3.8063E-6	3.9629E-6	4.0561E-6	3.9604E-6	3.8506E-6	3.7430E-6	3.7500E-6	3.6870E-6	3.3680E-6	2.3966E-6	2.6432E-6	2.7744E-6	2.6019E-6	5.1677E-7	2.1460E-6	9.5579E-7	1.1956E-6	9.6837E-7	1.2295E-6	1.3167E-6	1.4795E-6
1.6474E+1	-3.7649E-6	-3.6693E-6	-3.6685E-6	-4.7075E-6	-6.0422E-6	-6.8383E-6	-7.3072E-6	-7.1850E-6	-6.0103E-6	-4.0885E-6	-3.0107E-6	-2.4245E-6	-1.4038E-6	-5.8719E-7	-8.7916E-7	-6.5975E-7	9.3628E-7	-8.6460E-8	1.9392E-7	7.5617E-7	7.3917E-7	8.5022E-7	6.0655E-7	6.6987E-8	-3.3353E-7	-6.3371E-7	-3.0913E-7	-1.5795E-6	-1.4446E-9	-3.7516E-7	7.7213E-7	1.8003E-6	2.5275E-6	1.5998E-6	3.0609E-6	2.6549E-6	3.2375E-6	4.0344E-6	4.2646E-6	4.2341E-6	3.7527E-6	3.5031E-6	3.3504E-6	2.3066E-6	2.9122E-6	2.5328E-6	1.9773E-6	2.9259E-6	1.5564E-6	2.3441E-6	1.7126E-6	7.4885E-7	9.7610E-7	7.5917E-7	8.1845E-7	1.7895E-6
1.6512E+1	-3.1993E-6	-3.3539E-6	-3.9800E-6	-4.4338E-6	-5.5975E-6	-6.9614E-6	-6.4588E-6	-6.5412E-6	-6.2065E-6	-4.4953E-6	-3.2105E-6	-2.5227E-6	-1.8297E-6	-1.4460E-6	-7.1750E-7	-7.5786E-7	1.7720E-7	-1.8438E-7	6.1716E-8	4.8873E-7	1.3975E-6	4.7818E-7	8.7400E-7	-3.6119E-8	5.3847E-7	-8.3376E-7	-2.9249E-7	-9.5090E-7	-1.1851E-6	-3.3328E-7	2.9018E-7	1.5935E-6	2.3129E-6	1.9704E-6	2.4834E-6	2.5362E-6	2.2923E-6	3.4151E-6	3.3267E-6	3.5455E-6	3.4473E-6	3.6899E-6	3.6235E-6	2.6473E-6	2.2681E-6	2.6198E-6	2.1653E-6	2.1292E-6	1.0175E-6	1.4171E-6	2.1880E-6	1.4687E-6	1.3548E-6	8.2166E-7	9.1401E-7	8.8908E-7
1.6550E+1	-2.9291E-6	-3.0581E-6	-3.1808E-6	-4.5103E-6	-4.8445E-6	-6.1441E-6	-6.6363E-6	-5.8192E-6	-5.5000E-6	-4.0030E-6	-3.1675E-6	-2.3365E-6	-1.5703E-6	-8.1100E-7	-4.8550E-7	-6.6206E-7	2.9638E-7	-2.4836E-7	-4.0106E-7	1.5654E-7	7.5742E-7	8.3754E-7	1.5822E-7	4.8419E-8	-9.6081E-7	-6.9421E-7	-1.0379E-6	-5.8344E-7	-9.6195E-7	-2.9889E-7	1.0801E-7	1.0799E-6	1.9916E-6	1.3940E-6	2.9465E-6	2.6515E-6	2.3463E-6	2.8673E-6	3.4946E-6	4.1812E-6	3.1363E-6	3.0448E-6	2.9074E-6	2.8529E-6	3.1951E-6	1.7623E-6	2.2665E-6	2.3129E-6	1.6082E-6	6.5595E-7	1.4074E-6	1.3379E-6	1.6426E-6	1.3574E-6	9.2622E-7	1.0415E-6
1.6588E+1	-2.9248E-6	-2.9634E-6	-3.5630E-6	-4.1186E-6	-5.3482E-6	-5.2575E-6	-6.0843E-6	-6.1735E-6	-5.7895E-6	-3.7926E-6	-3.2913E-6	-1.9794E-6	-2.6862E-6	-1.4338E-6	-5.0335E-7	-2.0147E-7	-6.8382E-7	-9.3419E-8	2.1156E-7	5.9024E-7	3.5879E-7	6.6100E-7	6.7169E-7	3.8696E-7	5.1504E-7	-9.1280E-7	-1.0378E-6	-1.3101E-6	-9.5635E-7	-6.4247E-7	5.1881E-7	6.7692E-7	1.4112E-6	1.8595E-6	1.9898E-6	2.6041E-6	2.1482E-6	2.4757E-6	2.7627E-6	3.1788E-6	3.7309E-6	3.3782E-6	2.8507E-6	2.1964E-6	3.0215E-6	2.5021E-6	1.8952E-6	1.6571E-6	1.3553E-6	9.9193E-7	7.6592E-7	7.8187E-7	1.3465E-6	1.5548E-6	1.4094E-6	5.3152E-7
1.6626E+1	-2.1770E-6	-2.6341E-6	-2.9788E-6	-4.0210E-6	-5.0853E-6	-5.4128E-6	-5.3208E-6	-5.1076E-6	-4.9725E-6	-3.6646E-6	-2.8643E-6	-2.1761E-6	-1.7091E-6	-1.9468E-6	-1.3325E-6	-1.2161E-6	1.1925E-7	-1.0119E-6	-1.5756E-7	4.3725E-7	4.7344E-7	-2.5440E-7	-3.7076E-8	-3.7225E-7	-3.7058E-7	-1.5071E-7	-7.9544E-7	-7.7288E-7	-7.5881E-7	-2.9671E-7	7.5205E-8	8.5743E-7	5.1989E-7	1.8379E-6	2.3724E-6	1.9519E-6	2.2986E-6	1.7316E-6	3.0271E-6	3.1903E-6	2.5191E-6	3.5085E-6	2.9850E-6	3.0124E-6	2.5035E-6	2.3953E-6	2.5308E-6	1.9991E-6	1.5123E-6	8.2311E-7	1.2550E-6	4.6758E-7	1.0539E-6	1.1116E-6	9.3547E-7	8.8704E-7
1.6664E+1	-1.9661E-6	-2.4448E-6	-2.7840E-6	-2.9197E-6	-4.3265E-6	-4.7741E-6	-5.4614E-6	-5.3734E-6	-4.3675E-6	-3.9894E-6	-2.3644E-6	-2.3341E-6	-2.1804E-6	-1.2788E-6	-1.0216E-6	-1.1709E-6	-9.2117E-7	2.0391E-8	-5.1940E-8	1.1615E-6	6.4556E-7	4.9013E-7	-2.2317E-8	1.5441E-7	-5.8756E-7	-7.6445E-7	-1.0475E-6	-1.3340E-6	-4.7129E-7	-4.7700E-7	2.9846E-7	5.0152E-7	3.8511E-7	1.4140E-6	1.9017E-6	1.6078E-6	1.7049E-6	1.8653E-6	1.3359E-6	2.6478E-6	2.0999E-6	2.8070E-6	2.6033E-6	2.4477E-6	2.5046E-6	1.9687E-6	1.9815E-6	1.8597E-6	2.0682E-6	1.0210E-6	9.4109E-7	8.6123E-7	1.2383E-6	1.6091E-6	8.9466E-7	1.8553E-7
1.6702E+1	-1.8299E-6	-1.8916E-6	-2.9229E-6	-3.0379E-6	-3.6529E-6	-3.8209E-6	-3.9627E-6	-4.0554E-6	-3.2756E-6	-3.5682E-6	-2.7872E-6	-2.3251E-6	-2.4359E-6	-1.7491E-6	-1.3023E-6	-7.3244E-7	-2.4501E-7	-4.7482E-7	6.4599E-8	7.0303E-7	5.7361E-7	2.3514E-7	5.4709E-7	5.3709E-7	-4.1558E-8	-4.2324E-7	-6.1873E-8	-8.3442E-7	-5.1262E-7	1.8518E-7	-1.7584E-7	1.3654E-6	-6.2253E-8	1.3247E-6	1.6644E-6	1.3690E-6	1.6851E-6	2.3900E-6	1.8404E-6	2.2030E-6	1.4761E-6	1.9384E-6	2.4021E-6	2.6035E-6	2.2151E-6	1.9816E-6	1.2795E-6	1.4380E-6	1.8156E-6	1.3775E-6	7.1798E-7	5.9029E-7	5.4478E-7	9.9292E-7	9.5106E-7	1.3075E-6
1.6739E+1	-2.3654E-6	-1.8528E-6	-2.3873E-6	-3.0216E-6	-4.2152E-6	-4.4619E-6	-4.4226E-6	-4.4459E-6	-2.9444E-6	-3.3286E-6	-2.0788E-6	-2.3524E-6	-2.5680E-6	-2.1480E-6	-1.4345E-6	-9.9944E-7	-1.0118E-6	9.2577E-8	3.3819E-7	1.0901E-6	4.5039E-7	-3.4548E-7	-4.0562E-7	3.6141E-7	-1.4723E-7	-5.3409E-7	-7.0911E-7	-2.8725E-7	-3.4317E-7	-5.5763E-8	-1.9008E-7	1.1692E-6	1.1053E-6	8.5561E-7	1.7504E-6	6.1100E-7	9.5357E-7	2.2907E-6	1.6983E-6	2.5127E-6	2.4621E-6	1.9832E-6	1.4131E-6	1.9849E-6	2.0443E-6	2.5903E-6	1.5453E-6	1.3095E-6	1.5483E-6	1.7204E-6	1.0818E-6	9.1093E-7	1.1357E-6	7.9100E-7	5.3656E-8	4.4254E-7
1.6777E+1	-1.4107E-6	-1.3524E-6	-1.8747E-6	-1.9778E-6	-2.5561E-6	-4.0375E-6	-2.9902E-6	-3.7947E-6	-2.9117E-6	-3.1226E-6	-2.7063E-6	-1.6756E-6	-1.9956E-6	-1.5272E-6	-1.6825E-6	-5.3965E-7	-1.0702E-6	-9.4526E-7	1.8849E-7	3.0102E-7	7.3795E-7	7.2242E-7	-1.5219E-7	-7.4966E-8	-3.3919E-7	-3.9273E-7	-3.9737E-7	-8.1890E-7	-7.6246E-7	-1.8396E-7	-7.1836E-7	4.5821E-7	4.2912E-7	7.0505E-7	1.4119E-6	1.0292E-6	7.5761E-7	1.7984E-6	7.5738E-7	1.3928E-6	1.6416E-6	2.3315E-6	1.6906E-6	2.4317E-6	1.6508E-6	1.7693E-6	2.0406E-6	1.9689E-6	1.2608E-6	1.0359E-6	1.2722E-6	8.1590E-7	7.1121E-7	1.3778E-6	9.7339E-7	6.0549E-7
1.6815E+1	-1.8960E-6	-1.0643E-6	-2.1157E-6	-2.7127E-6	-2.8084E-6	-3.3523E-6	-3.6008E-6	-3.1300E-6	-3.2202E-6	-2.2641E-6	-2.4632E-6	-1.7124E-6	-2.0551E-6	-1.1074E-6	-6.6359E-7	-3.6567E-7	-1.0308E-6	-2.4287E-7	-1.4395E-7	4.4678E-7	-6.2299E-7	3.5320E-7	1.6425E-7	-6.9510E-8	-2.1578E-7	9.1917E-8	-2.7623E-7	4.1143E-7	-3.4175E-7	-7.8957E-7	1.7326E-7	1.2991E-7	4.4727E-7	4.8359E-7	8.2223E-7	3.6705E-7	6.3179E-7	2.1003E-6	1.3752E-6	1.0385E-6	1.5823E-6	1.4158E-6	4.3659E-7	1.3652E-6	2.2509E-6	1.8660E-6	1.2365E-6	1.9845E-6	1.7955E-6	1.3571E-6	8.6814E-7	1.4917E-6	3.6163E-7	6.6886E-7	7.3790E-7	7.6077E-7
1.6853E+1	-1.0107E-6	-1.0873E-6	-1.2686E-6	-1.5118E-6	-2.9968E-6	-2.8205E-6	-2.3378E-6	-2.9647E-6	-2.9126E-6	-2.7632E-6	-2.7235E-6	-1.9682E-6	-1.4659E-6	-1.5217E-6	-1.2933E-6	-1.1552E-7	-7.9318E-7	-5.4085E-7	1.5187E-7	4.4586E-8	5.7174E-7	-2.6928E-7	2.6434E-7	-6.8616E-7	-6.3841E-7	-5.7024E-7	-1.1488E-7	-7.0741E-7	2.5286E-7	-7.2556E-7	4.5888E-8	6.4883E-7	-3.8913E-7	4.8210E-7	8.3475E-7	5.8376E-7	4.2238E-7	3.2528E-7	9.7267E-7	7.0572E-7	1.2768E-6	2.3577E-6	1.5440E-6	1.4573E-6	1.1982E-6	1.8046E-6	2.1435E-6	1.5676E-6	9.2387E-7	1.4067E-6	6.3871E-7	1.2529E-6	8.7232E-7	6.3525E-7	9.7046E-7	6.4606E-7
1.6891E+1	-1.6723E-6	-9.9546E-7	-2.6100E-6	-1.4276E-6	-2.4836E-6	-2.9797E-6	-2.4072E-6	-2.6736E-6	-1.9998E-6	-1.6957E-6	-1.7188E-6	-2.4930E-6	-1.9198E-6	-9.1017E-7	-1.2100E-6	-1.1815E-6	-8.1844E-7	-5.3077E-7	-2.3286E-7	-2.3087E-7	-2.8238E-7	2.3334E-7	-3.7865E-8	-2.9441E-8	-2.6334E-7	-1.0910E-8	-6.1612E-7	8.0166E-8	-9.0486E-7	-6.2482E-7	-1.9758E-7	6.8532E-7	2.4256E-7	3.2559E-7	2.6319E-7	3.3641E-7	9.9522E-7	1.0607E-6	4.3575E-7	3.9866E-7	-2.2453E-7	7.0605E-7	6.4458E-7	1.6170E-6	1.5859E-6	1.2640E-6	1.2146E-6	2.3705E-6	1.0100E-6	1.6436E-6	1.0235E-6	8.4886E-7	5.7200E-7	7.7382E-7	6.3953E-7	9.1592E-7
1.6929E+1	-6.5660E-7	-5.5180E-7	-9.4292E-7	-1.6530E-6	-2.1084E-6	-2.6916E-6	-1.9351E-6	-2.8660E-6	-2.2981E-6	-1.9206E-6	-1.7062E-6	-9.8383E-7	-1.7797E-6	-7.3740E-7	-8.4741E-7	-5.4535E-7	-7.9039E-7	-4.0951E-7	-6.1179E-7	-4.0545E-8	-1.8099E-7	-5.8862E-7	-3.2404E-7	-6.9685E-7	-8.1325E-7	5.0365E-7	-5.6485E-7	-3.6093E-7	-1.7821E-7	-8.2464E-7	-5.6402E-7	5.7711E-8	-6.4287E-9	6.1451E-7	4.0344E-7	6.8487E-7	7.3835E-8	5.3610E-7	8.9806E-7	1.3310E-6	8.5176E-7	5.4586E-7	8.1952E-7	8.3245E-7	1.1768E-6	1.0201E-6	1.5739E-6	6.5262E-7	1.0875E-6	4.9415E-7	1.5746E-6	1.1403E-6	6.8973E-7	8.0741E-7	7.6160E-7	4.2662E-7
1.6967E+1	-1.5090E-6	-1.0498E-6	-1.2721E-6	-3.2339E-7	-1.5713E-6	-1.7403E-6	-2.5020E-6	-2.0784E-6	-2.0084E-6	-1.1119E-6	-2.0764E-6	-2.2158E-6	-1.5744E-6	-1.3965E-6	-7.0420E-7	-6.6109E-7	-4.1119E-7	2.4356E-7	-1.3180E-7	-3.3724E-7	-2.7176E-7	1.3838E-7	-5.8771E-7	7.0542E-8	-1.3854E-6	3.7317E-7	-4.3390E-7	-8.1954E-7	-4.4412E-7	-1.0469E-7	-2.7350E-7	-3.9324E-7	-1.1874E-7	5.4326E-7	2.9753E-8	8.5221E-7	9.3308E-7	5.1483E-7	-5.3917E-8	2.1752E-7	9.9453E-7	3.0130E-7	8.7324E-7	5.7282E-7	1.7630E-6	6.1900E-7	1.2962E-6	1.3285E-6	1.0159E-6	1.1738E-6	2.8292E-7	1.5937E-6	4.1528E-7	1.4718E-6	8.3248E-7	1.4116E-6
1.7005E+1	-3.5476E-7	-9.4070E-7	-1.1023E-6	-1.0463E-6	-1.0523E-6	-1.4620E-6	-1.4855E-6	-2.3856E-6	-1.8748E-6	-1.3549E-6	-1.8817E-7	-1.4441E-6	-1.3243E-6	-9.6435E-7	-1.8560E-6	-3.1156E-7	-1.2349E-6	-4.5413E-7	-1.8378E-7	2.3377E-7	-2.9868E-7	-1.0217E-7	1.8094E-7	-2.5788E-7	-5.3293E-7	-1.2949E-7	2.2361E-7	-1.2305E-6	-8.9282E-7	-5.3984E-7	-1.9320E-8	3.1751E-7	-4.9885E-7	-1.0076E-8	4.9953E-7	5.2396E-7	7.1431E-7	1.1912E-6	9.0611E-7	2.6837E-7	3.2667E-7	1.1475E-7	9.2094E-7	1.8186E-7	5.3966E-7	8.4539E-7	7.5259E-7	6.8748E-7	6.1394E-7	1.2557E-6	9.7691E-7	9.8087E-7	9.0843E-7	5.5012E-7	5.4212E-8	4.3108E-7
1.7042E+1	-1.0114E-6	-1.6982E-7	-5.3245E-7	-6.5053E-7	-8.1225E-7	-1.2012E-6	-1.7245E-6	-1.6360E-6	-1.6943E-6	-1.9165E-6	-8.5212E-7	-8.9570E-7	-1.3950E-6	-3.0551E-7	-1.0787E-6	-1.0978E-6	-3.6680E-7	-8.4413E-7	-1.6725E-7	-1.0522E-6	-8.9231E-8	-7.0312E-7	4.1151E-7	7.7003E-8	-2.0218E-7	3.7472E-8	-2.1301E-7	-5.3254E-7	-8.7130E-7	-5.2704E-7	-6.6515E-7	1.1410E-7	6.8091E-7	-2.9506E-7	2.1145E-7	6.0523E-7	7.7368E-7	1.2642E-6	5.8386E-7	1.4062E-6	5.6997E-7	1.3465E-7	8.5197E-7	8.4925E-7	1.0705E-6	5.6637E-7	4.1222E-7	7.6557E-7	4.8602E-7	3.6722E-7	7.5288E-7	1.3625E-6	6.9626E-7	1.9291E-6	3.6001E-7	2.0826E-7
1.7080E+1	-7.1199E-7	-9.9992E-7	-9.5655E-8	-4.8482E-7	-7.7627E-7	-1.3010E-6	-8.5439E-7	-1.4602E-6	-6.7733E-7	-1.3460E-6	-4.3382E-7	-2.9013E-7	-6.5390E-7	-5.4331E-7	-1.5666E-7	-8.1921E-7	-7.9805E-7	-8.5676E-7	-9.3692E-8	-3.2063E-7	-1.2085E-7	-6.4895E-7	-4.2819E-7	-2.7126E-7	1.7580E-7	3.4329E-7	-2.7288E-9	-5.1303E-7	-8.4119E-7	-5.1757E-7	-5.7809E-7	-1.9022E-7	-2.7246E-7	1.6271E-7	-5.4574E-9	5.3058E-7	8.5691E-8	1.1527E-6	2.1941E-7	7.6349E-7	5.2291E-7	1.3078E-7	8.8620E-7	7.8604E-7	6.4519E-7	1.3267E-6	8.4214E-7	7.2378E-7	1.0302E-6	4.2902E-7	2.7537E-7	8.6025E-7	3.3855E-7	1.5902E-7	7.9888E-7	3.2096E-7
1.7118E+1	-5.6738E-7	-2.7844E-7	-9.9071E-7	-3.4448E-7	-4.8147E-7	-1.4877E-6	-1.6741E-6	-1.2312E-6	-1.1885E-6	-1.2439E-6	-8.6523E-7	-7.7661E-7	-8.1786E-7	-5.4937E-7	-2.8709E-7	-4.0846E-8	6.9990E-8	-2.3501E-7	-6.9667E-8	-6.2698E-7	1.2785E-7	1.0232E-7	1.8135E-7	-6.6442E-7	2.2621E-8	1.2303E-7	-3.7357E-7	2.0334E-7	-2.5095E-7	4.2514E-10	-4.8056E-7	1.6020E-7	1.8680E-7	7.4857E-8	2.4769E-7	5.8949E-7	9.6840E-7	5.6218E-7	6.4213E-7	5.3333E-7	3.5845E-7	-2.3612E-7	1.8265E-7	1.0003E-6	9.5947E-7	4.9673E-7	7.7767E-7	4.5663E-7	1.0042E-6	6.3082E-7	6.4741E-7	9.0353E-7	4.3971E-7	-9.9264E-8	1.1536E-7	-2.7576E-7
1.7156E+1	-9.4073E-7	-2.9083E-7	-2.0628E-7	-6.6353E-7	-7.6964E-7	-7.5058E-7	-7.2842E-7	-7.7600E-7	-2.8140E-7	-8.5780E-7	-7.0567E-7	-5.7467E-7	-9.2466E-7	-1.0062E-6	-7.0480E-7	-1.4694E-6	-2.2942E-8	-4.1042E-7	-1.2063E-7	-2.6248E-7	-3.5446E-7	-5.6299E-7	1.4206E-7	1.4633E-7	-1.4455E-7	5.0818E-7	-2.8493E-7	-2.7646E-7	-6.3362E-7	-1.9583E-7	-1.1330E-7	5.8999E-8	-5.1306E-7	3.8405E-7	-2.5942E-7	2.9478E-7	9.4049E-7	7.1044E-7	9.9434E-7	5.2488E-7	2.0767E-7	4.6080E-7	-2.9915E-7	2.1217E-7	4.8683E-7	9.5986E-7	6.0641E-7	8.8348E-7	3.5313E-7	9.0560E-7	4.9246E-7	1.0561E-6	8.3728E-7	-1.4882E-7	-2.2979E-7	4.6227E-7
1.7194E+1	-3.9065E-7	-1.9992E-7	-4.4552E-7	-5.7963E-7	-9.0440E-7	-1.0715E-6	-7.0945E-7	-3.6213E-7	-6.2964E-7	1.3298E-7	-1.5724E-7	-7.0595E-7	-1.8551E-7	-6.3169E-7	3.1054E-9	-6.8202E-7	-7.4044E-7	4.4367E-7	-4.4474E-7	-9.9190E-8	-5.7737E-7	-2.2060E-7	-1.1678E-6	-1.2041E-7	-6.7927E-7	-2.7192E-7	-3.1469E-7	5.7135E-7	-1.6717E-7	-1.3878E-7	-4.3997E-7	7.1258E-7	-2.7358E-7	4.0598E-7	1.5281E-7	-4.3874E-7	5.1794E-7	-1.6126E-7	8.1576E-7	6.2386E-7	2.8054E-7	6.6265E-7	-9.8446E-8	1.2862E-7	-3.1979E-7	2.1193E-7	-1.4495E-7	3.2487E-7	1.0795E-7	2.6124E-7	3.0783E-7	2.1369E-7	6.9966E-7	6.1409E-7	3.4129E-8	-7.6792E-7
1.7232E+1	2.3692E-7	-2.4690E-7	4.1796E-7	-2.8485E-7	-1.1571E-6	-6.7054E-7	-6.7749E-7	3.5429E-7	-2.9808E-7	-5.9182E-7	-1.8565E-7	-3.3374E-7	-1.4845E-9	-1.2722E-8	-3.5595E-7	1.4353E-7	1.0012E-8	-1.7433E-7	-6.5031E-8	1.2080E-7	-2.3966E-7	-7.7902E-8	-5.4082E-8	2.8593E-10	-4.1423E-7	-4.8914E-7	-7.0513E-7	-4.2789E-7	-2.5715E-7	-3.8959E-7	-1.1019E-7	-2.4825E-8	7.3325E-10	1.6401E-7	6.1999E-7	6.0645E-7	2.5260E-7	2.5582E-7	4.0763E-7	-7.5040E-8	7.3763E-8	8.7662E-7	2.0912E-7	7.5334E-7	-1.7027E-7	-2.6101E-7	-7.6135E-8	-7.2642E-8	2.2029E-7	4.9299E-7	5.9182E-7	-1.4294E-7	1.6756E-7	4.5450E-7	8.8504E-7	4.8510E-7
1.7270E+1	-6.0643E-7	6.8396E-8	-4.6330E-7	-1.7783E-7	-7.0872E-7	-5.8734E-7	-9.6852E-7	-3.6179E-7	-8.3536E-8	1.3162E-7	-6.8497E-7	-1.1149E-6	-2.3212E-7	-5.0747E-8	-3.3980E-7	-4.0573E-7	5.7981E-8	4.4015E-7	-1.9169E-7	-1.0572E-7	-2.9300E-7	-1.6755E-7	-1.0722E-6	6.1294E-8	-1.9610E-7	-4.9186E-7	-4.0952E-7	4.4874E-7	-2.0693E-7	-4.4284E-7	-4.9188E-7	2.1806E-7	-7.0456E-7	4.5673E-7	-4.9940E-7	5.3593E-7	-1.2765E-8	-2.8034E-7	6.0333E-7	6.5965E-8	-6.9086E-8	4.1899E-7	-4.1681E-7	3.4948E-7	6.1579E-7	1.5202E-7	-1.4199E-7	-7.4373E-7	-6.8872E-7	1.9438E-7	2.6078E-7	4.5398E-7	-5.7800E-7	-1.3153E-7	2.3413E-7	7.6283E-8
1.7307E+1	-8.4437E-8	-7.4977E-7	6.6959E-7	-6.3348E-7	-5.0628E-7	-6.8024E-7	-1.8167E-7	-1.9512E-7	-2.8374E-7	-2.1242E-7	5.6246E-8	-3.9271E-7	9.0161E-8	-1.3994E-7	-1.0142E-7	-1.4605E-8	-1.9258E-7	-6.1098E-7	4.2961E-7	-3.9157E-7	-6.4634E-8	6.9832E-7	1.1075E-7	-1.0015E-6	3.5026E-8	-4.7260E-7	-9.7869E-7	-1.7631E-7	1.5227E-7	-2.9196E-7	-2.4368E-7	-1.2695E-8	-5.5666E-7	-2.3377E-7	8.0594E-7	9.4920E-8	8.3508E-7	-2.6866E-7	-5.5372E-7	-9.9606E-8	-3.2443E-7	2.2412E-7	2.6671E-7	-3.7665E-7	-7.2725E-7	-3.0797E-7	3.5188E-7	6.0691E-7	-2.9713E-7	2.9134E-8	4.7426E-7	5.6873E-7	5.5748E-7	-2.0314E-7	1.2286E-7	4.5475E-7
1.7345E+1	-3.9366E-7	-6.8635E-7	-2.8063E-7	-4.4197E-7	-6.2744E-8	-8.7208E-7	-1.1252E-6	-5.7271E-7	3.9304E-8	-1.3590E-7	-6.0789E-7	-4.2071E-7	1.7808E-7	-1.0071E-7	-4.8567E-7	-1.6314E-7	7.9397E-8	-3.4922E-7	2.4445E-8	1.8239E-7	-7.8056E-7	6.3107E-8	6.8182E-7	9.8811E-8	-2.3543E-7	1.3154E-7	-5.5112E-7	7.8837E-8	-1.4255E-7	9.6604E-8	-1.1199E-7	1.8173E-7	-5.4744E-7	-6.3151E-7	-5.2937E-7	2.5877E-7	2.7190E-7	1.3075E-6	-4.2622E-7	2.3852E-7	-2.1573E-7	-6.3818E-7	-1.6062E-7	6.8348E-7	-4.1969E-7	-3.1653E-7	-1.1539E-6	-5.2996E-7	2.7321E-8	-8.7089E-7	-4.9076E-7	5.4676E-7	-4.0619E-8	7.8612E-9	-1.9503E-8	1.9905E-7
1.7383E+1	-2.9221E-7	-4.4542E-7	-1.1262E-7	-2.8508E-7	-2.0184E-7	-5.4227E-7	-4.4810E-7	-8.6810E-7	-3.8250E-7	3.2452E-7	-3.1074E-7	3.9883E-7	3.6690E-8	2.8151E-7	-2.0556E-7	-5.0543E-8	-7.1351E-7	-2.3552E-7	3.7031E-9	-1.1995E-7	-4.5207E-8	1.4492E-8	3.9501E-7	4.7473E-7	5.1739E-7	2.1072E-8	-2.7221E-7	-2.1728E-7	-1.8663E-7	-7.5489E-8	5.0420E-7	5.3840E-7	2.0378E-7	2.7472E-7	4.4673E-7	-3.6834E-7	1.0412E-7	4.8928E-7	1.1295E-7	5.6775E-7	5.0186E-7	-1.9849E-7	2.6692E-7	7.1538E-8	-2.7202E-7	1.7280E-7	6.7041E-7	-3.5104E-7	1.0447E-6	1.5904E-7	-7.0319E-7	-2.0954E-7	4.4799E-7	-6.2696E-7	1.8988E-7	1.2126E-7
1.7421E+1	-7.8247E-7	-1.8580E-7	-4.1793E-7	-7.3922E-7	4.4159E-7	-1.1269E-6	-5.4590E-7	-7.1881E-7	-7.5331E-7	-2.6260E-7	-4.5925E-7	3.4291E-7	1.6439E-7	-1.4738E-7	7.6366E-8	-2.9875E-7	-3.6961E-7	-6.6656E-7	5.3694E-7	-1.9314E-7	-5.2139E-7	-5.0597E-7	6.5306E-8	-1.1286E-8	4.2606E-7	1.8849E-7	3.1983E-8	-1.1467E-7	-1.4956E-7	-5.9230E-7	-5.4421E-8	3.8752E-8	-3.9046E-7	-1.2373E-7	3.2739E-7	7.5622E-7	3.3491E-7	5.1489E-8	-2.1448E-7	1.9809E-7	4.9200E-7	-5.0933E-7	4.5175E-7	6.0492E-7	2.0372E-7	2.0356E-8	1.8697E-7	-2.5895E-7	1.3418E-7	1.1125E-6	2.4218E-7	1.8137E-7	3.5582E-7	1.2844E-8	-7.7594E-8	9.9417E-7
