0.0000E+0	1.4422E+1	1.4478E+1	1.4533E+1	1.4589E+1	1.4644E+1	1.4700E+1	1.4755E+1	1.4811E+1	1.4866E+1	1.4922E+1	1.4977E+1	1.5033E+1	1.5088E+1	1.5143E+1	1.5199E+1	1.5254E+1	1.5310E+1	1.5365E+1	1.5421E+1	1.5476E+1	1.5532E+1	1.5587E+1	1.5643E+1	1.5698E+1	1.5754E+1	1.5809E+1	1.5865E+1	1.5920E+1	1.5976E+1	1.6031E+1	1.6087E+1	1.6142E+1	1.6197E+1	1.6253E+1	1.6308E+1	1.6364E+1	1.6419E+1	1.6475E+1	1.6530E+1	1.6586E+1	1.6641E+1	1.6697E+1	1.6752E+1	1.6808E+1	1.6863E+1	1.6919E+1	1.6974E+1	1.7030E+1	1.7085E+1	1.7140E+1	1.7196E+1	1.7251E+1	1.7307E+1	1.7362E+1	1.7418E+1	1.7473E+1
1.4430E+1	3.6201E-8	7.6726E-8	9.3428E-8	1.0038E-7	8.4108E-8	5.9904E-8	4.5952E-8	1.8987E-8	1.2591E-8	-4.4279E-8	-4.4300E-8	-3.3395E-8	3.9151E-8	4.7830E-8	2.7950E-8	1.0398E-8	4.4334E-8	6.3371E-8	-1.9652E-8	1.1012E-8	-5.6717E-8	-2.2444E-9	-1.3450E-8	5.2467E-9	1.9876E-8	1.7116E-8	-1.7774E-9	-6.3511E-9	-1.9509E-9	-5.5663E-9	1.3414E-8	1.9833E-8	-6.2178E-11	1.2254E-9	-1.0370E-8	-6.6919E-9	-1.2837E-8	-1.5679E-8	-1.4807E-8	-5.4085E-8	1.6895E-8	-3.6335E-8	-6.1001E-8	-2.2729E-10	-3.9906E-8	1.2307E-8	-1.3276E-9	1.4826E-8	-1.5223E-8	-3.6872E-8	-2.9807E-8	-1.4938E-8	-3.2741E-8	-2.4531E-8	-2.9040E-8	-1.9587E-8
1.4468E+1	1.0618E-7	1.3348E-7	1.7508E-7	1.7219E-7	1.7865E-7	1.1225E-7	3.9759E-8	6.1923E-9	-5.4274E-8	-7.2109E-8	-8.8368E-8	-6.6232E-8	-3.0773E-8	4.2836E-8	1.1557E-9	5.2714E-9	7.4163E-9	1.2501E-8	-4.5263E-8	-1.5908E-8	-3.9838E-8	-4.5190E-9	-3.8843E-8	6.8316E-9	2.2628E-8	6.0498E-9	9.4524E-9	1.8831E-8	3.6425E-8	-2.3982E-8	4.3601E-9	2.9991E-8	1.2990E-8	-8.3928E-9	-1.4724E-8	-4.5617E-8	-3.7703E-8	-3.7944E-8	-5.1801E-8	-4.8579E-8	-5.5867E-8	2.1057E-8	-7.8433E-8	-4.2417E-8	-3.7840E-8	-2.9728E-8	-3.8679E-8	-5.3693E-8	-6.8136E-9	-4.7980E-9	-2.8330E-8	-7.3694E-9	-5.1320E-8	-2.5794E-8	-2.8848E-8	-1.6375E-9
1.4505E+1	1.4866E-7	2.2035E-7	3.2321E-7	3.0785E-7	2.7320E-7	2.8934E-7	1.0781E-7	2.9762E-8	-6.5508E-8	-9.0985E-8	-1.3547E-7	-6.2967E-8	-7.3900E-8	3.5427E-8	9.3098E-8	1.7579E-8	7.7653E-8	-8.2316E-9	-6.9586E-9	-4.8458E-8	-6.1815E-8	3.8071E-9	-7.0917E-8	-4.1567E-8	1.3718E-8	-2.7086E-8	-2.4156E-8	2.5848E-8	1.8647E-8	-2.6233E-8	2.0357E-9	3.7726E-8	-2.4624E-8	-2.5098E-8	-2.9677E-8	-5.2694E-8	-9.4267E-8	-6.0058E-8	-7.5821E-8	-6.1488E-8	-1.1544E-7	-5.6070E-8	-2.1275E-8	-5.1747E-8	-5.8142E-8	-5.9723E-8	-3.0044E-8	-9.7721E-8	-1.0275E-7	-5.3011E-8	-4.0007E-8	-4.5689E-9	-8.4298E-8	-5.6379E-8	-1.6488E-8	-1.9857E-8
1.4543E+1	2.1316E-7	3.0653E-7	5.0920E-7	5.9265E-7	5.5879E-7	4.9043E-7	3.1318E-7	7.6785E-8	-4.6244E-8	-1.7564E-7	-2.1986E-7	-1.6553E-7	-7.6922E-8	-5.0593E-8	6.7553E-8	1.2160E-7	8.3474E-8	-4.8762E-9	2.8735E-8	9.6384E-10	-1.9843E-9	-7.5573E-8	1.0891E-8	-5.1562E-8	-6.3586E-8	3.0425E-8	7.4147E-9	1.5630E-8	5.3682E-8	1.3804E-8	-2.7036E-8	7.8390E-9	-2.6814E-8	-5.0888E-8	-9.3905E-8	-1.0403E-7	-1.7143E-7	-1.5810E-7	-1.0101E-7	-1.0445E-7	-1.5188E-7	-1.0123E-7	-1.0911E-7	-4.0793E-8	-3.3795E-8	-6.3688E-8	-8.2269E-8	-8.5096E-8	-6.9568E-8	-3.9703E-8	-6.0470E-8	-1.0919E-7	-7.0552E-8	-7.0090E-8	-4.8212E-8	-1.4738E-9
1.4581E+1	3.1562E-7	3.6580E-7	7.3167E-7	9.7102E-7	1.0474E-6	9.2395E-7	6.8591E-7	3.7872E-7	1.0193E-7	-1.3796E-7	-2.5848E-7	-2.3968E-7	-1.3913E-7	6.4758E-8	2.3891E-8	1.1821E-7	1.4334E-7	8.7000E-8	7.0829E-8	-1.0210E-8	8.9419E-8	-1.0647E-7	-1.0470E-7	-3.0639E-8	-1.4821E-7	-3.8204E-8	1.0242E-7	8.8484E-8	5.1836E-8	1.4970E-7	1.0016E-7	2.7110E-8	-5.2618E-8	-5.0597E-9	-8.4843E-8	-1.2842E-7	-2.0263E-7	-2.5270E-7	-1.5022E-7	-1.6677E-7	-2.4744E-7	-1.4541E-7	-1.7277E-7	-1.8512E-7	-1.3043E-7	-9.8801E-8	-1.1695E-7	-1.3887E-7	-1.3620E-7	-7.3235E-8	-2.7107E-8	-1.3103E-7	-1.9208E-7	-7.5486E-8	-1.0221E-7	-1.1287E-7
1.4619E+1	3.8907E-7	4.0681E-7	7.7944E-7	1.5283E-6	1.8485E-6	1.6221E-6	1.0998E-6	6.2611E-7	2.0262E-7	-1.5053E-7	-3.0203E-7	-3.3651E-7	-2.5226E-7	6.4195E-8	2.2241E-7	2.0705E-7	9.7640E-8	2.4152E-7	2.8043E-7	1.0813E-7	1.6671E-7	6.0502E-8	-8.7868E-8	-1.5464E-7	-1.4952E-7	-1.3718E-7	4.3029E-8	1.6635E-7	1.9204E-7	2.1672E-7	1.7758E-7	1.5955E-7	3.9527E-8	-9.0877E-9	-2.5684E-8	-1.4427E-7	-1.8880E-7	-2.5935E-7	-1.6301E-7	-1.6507E-7	-2.3323E-7	-2.0073E-7	-1.8159E-7	-1.6111E-7	-1.8068E-7	-2.0273E-7	-1.9219E-7	-6.8297E-8	-1.2558E-7	-1.2475E-7	-1.6373E-7	-1.2118E-7	-1.7587E-7	-1.5717E-7	-7.8773E-8	-1.2218E-7
1.4657E+1	3.2856E-7	4.2461E-7	5.6728E-7	1.5807E-6	2.9453E-6	2.9771E-6	2.2567E-6	1.2488E-6	5.4267E-7	-1.6038E-8	-3.3022E-7	-4.0698E-7	-3.6031E-7	-6.4548E-8	2.6823E-7	3.4191E-7	1.6870E-7	2.6290E-7	4.9990E-7	3.4248E-7	2.4172E-7	2.1945E-7	9.7257E-8	-1.6433E-7	-1.3419E-7	-6.0557E-8	4.3636E-8	1.8790E-7	3.5312E-7	4.8305E-7	3.9392E-7	1.9445E-7	2.2301E-7	1.6661E-7	1.1210E-7	-6.9654E-8	-1.5024E-7	-2.6300E-7	-2.2255E-7	-2.6054E-7	-2.3369E-7	-2.3392E-7	-2.9552E-7	-2.2130E-7	-1.7109E-7	-2.0892E-7	-2.5391E-7	-1.4077E-7	-1.3705E-7	-9.9198E-8	-1.5347E-7	-1.9243E-7	-2.3030E-7	-2.4547E-7	-1.2914E-7	-1.0561E-7
1.4695E+1	1.7064E-6	1.2902E-6	2.2838E-6	6.8610E-6	2.9064E-5	4.2376E-5	3.5766E-5	2.4714E-5	1.2630E-5	5.3153E-6	-1.0227E-6	-3.4385E-6	-2.6842E-6	-1.6064E-6	3.4925E-6	5.1244E-6	3.2244E-6	2.7744E-6	5.4885E-6	7.0978E-6	4.8227E-6	3.5078E-6	3.3673E-6	-3.2929E-7	-2.2422E-6	-4.9072E-7	1.5287E-6	2.1786E-6	5.7240E-6	6.4268E-6	7.7327E-6	5.7622E-6	3.7778E-6	4.4488E-6	4.5129E-6	2.3117E-6	1.3099E-6	2.8646E-7	-1.1349E-6	-1.5612E-6	-1.9677E-6	-1.6572E-6	-2.5397E-6	-1.9940E-6	-1.3980E-6	-2.3806E-6	-1.4961E-6	-1.1441E-6	-1.5942E-6	-1.5532E-6	-1.4880E-6	-9.2611E-7	-1.4222E-6	-3.0441E-6	-2.0354E-6	-1.8380E-6
1.4733E+1	-1.3023E-7	-1.4216E-6	-2.1577E-6	-1.0577E-6	1.2471E-5	4.6555E-5	5.0925E-5	3.8013E-5	2.5526E-5	1.2137E-5	4.6371E-6	-2.2684E-6	-1.3463E-6	-2.0184E-6	7.0510E-7	6.0884E-6	6.3602E-6	3.9475E-6	3.9306E-6	7.0235E-6	8.3156E-6	4.9896E-6	5.1673E-6	3.2281E-6	-1.2469E-6	-2.3459E-6	9.5533E-7	1.3267E-6	4.7839E-6	8.4145E-6	8.0159E-6	9.0673E-6	6.5683E-6	5.9847E-6	6.7601E-6	5.2644E-6	3.4435E-6	2.8578E-6	1.2267E-6	1.7396E-7	-1.9203E-7	-1.1397E-6	-1.5075E-6	-1.8338E-6	-3.3610E-7	-1.1419E-6	-1.7353E-6	-5.2391E-7	-9.9556E-7	-8.2286E-7	-1.3925E-6	-1.3197E-6	-7.1024E-7	-1.4038E-6	-1.8825E-6	-2.0078E-6
1.4770E+1	-3.1000E-6	-3.9590E-6	-6.9987E-6	-5.8599E-6	-4.0541E-6	2.6620E-5	6.6039E-5	5.6508E-5	4.0192E-5	2.2182E-5	1.1234E-5	2.6007E-6	5.7754E-7	9.2265E-7	-4.8308E-7	3.7275E-6	8.5197E-6	6.8724E-6	4.7447E-6	5.5016E-6	9.6251E-6	8.0141E-6	6.3363E-6	6.2865E-6	2.4711E-6	-9.5991E-7	3.5568E-7	2.0971E-6	3.6602E-6	8.2796E-6	1.0691E-5	1.0777E-5	9.8636E-6	7.8234E-6	8.7874E-6	7.9851E-6	7.1553E-6	4.5673E-6	3.5699E-6	2.3977E-6	1.3560E-6	5.5648E-7	-3.0809E-9	1.9614E-7	-1.0108E-6	4.4916E-7	-1.7770E-7	-4.8681E-7	6.7670E-8	-4.2997E-7	-9.0847E-8	-8.1225E-7	1.0580E-7	-6.3488E-7	-8.8219E-7	-2.7713E-6
1.4808E+1	-4.5289E-6	-7.7032E-6	-9.8949E-6	-1.3805E-5	-1.1448E-5	-1.1359E-6	5.2696E-5	8.5089E-5	6.0761E-5	3.8195E-5	1.8591E-5	8.6510E-6	1.8200E-6	2.7780E-6	5.6107E-7	2.1470E-6	7.4505E-6	9.9806E-6	5.7273E-6	4.8550E-6	7.6116E-6	1.0437E-5	7.8523E-6	7.4912E-6	5.0652E-6	9.3678E-7	-7.4363E-7	1.6863E-6	3.1779E-6	6.4514E-6	1.1130E-5	1.3225E-5	1.2258E-5	1.0897E-5	9.8476E-6	1.0090E-5	9.6255E-6	8.5593E-6	5.8273E-6	5.5515E-6	2.8488E-6	2.3854E-6	7.0632E-7	2.0835E-6	9.8436E-7	-2.4094E-8	1.0591E-6	7.8704E-7	1.0456E-6	7.3858E-7	7.7671E-7	-2.1155E-7	9.0763E-7	1.4264E-6	7.2495E-7	-1.1147E-6
1.4846E+1	-9.8475E-6	-1.0174E-5	-1.4887E-5	-1.9104E-5	-2.3947E-5	-1.7796E-5	8.3758E-6	8.0578E-5	8.7818E-5	5.8459E-5	3.5199E-5	1.8109E-5	8.9868E-6	4.6757E-6	4.3997E-6	2.3050E-6	5.0915E-6	1.0659E-5	9.8324E-6	6.2050E-6	6.4309E-6	1.0141E-5	1.0817E-5	8.4609E-6	7.4129E-6	4.6862E-6	6.4009E-7	1.8999E-7	3.3872E-6	4.0410E-6	9.8521E-6	1.3274E-5	1.3340E-5	1.3437E-5	1.1957E-5	1.1617E-5	1.1244E-5	1.0122E-5	9.3698E-6	8.0606E-6	6.5638E-6	5.0605E-6	3.4042E-6	2.4220E-6	3.2237E-6	1.4008E-6	1.4782E-6	1.8672E-6	2.2553E-6	1.5320E-6	2.0494E-6	1.5325E-6	8.0805E-7	1.3141E-6	1.6295E-6	1.3939E-7
1.4884E+1	-1.2369E-5	-1.3147E-5	-1.7084E-5	-2.2498E-5	-2.9817E-5	-2.9211E-5	-1.9091E-5	3.2656E-5	9.7448E-5	7.9647E-5	5.0798E-5	2.7847E-5	1.6476E-5	8.5110E-6	7.4162E-6	5.4005E-6	4.5669E-6	7.5338E-6	1.0730E-5	8.6549E-6	6.8367E-6	8.2316E-6	1.1287E-5	9.5752E-6	7.3761E-6	5.5358E-6	4.4740E-6	4.1019E-7	2.6514E-6	3.8775E-6	7.8342E-6	1.2441E-5	1.3354E-5	1.4056E-5	1.3718E-5	1.2295E-5	1.2688E-5	1.1469E-5	1.0607E-5	9.8694E-6	8.3381E-6	7.7217E-6	6.1728E-6	4.3515E-6	4.0596E-6	3.5108E-6	2.7368E-6	2.4710E-6	2.7699E-6	2.7518E-6	2.4700E-6	3.0376E-6	2.3332E-6	1.8089E-6	2.1911E-6	1.5812E-6
1.4922E+1	-1.4260E-5	-1.7586E-5	-1.9354E-5	-2.7386E-5	-3.3658E-5	-4.0792E-5	-3.3150E-5	-1.1321E-5	6.3325E-5	1.0808E-4	7.1075E-5	4.4761E-5	2.4083E-5	1.7160E-5	1.0122E-5	9.1470E-6	6.2368E-6	8.3635E-6	9.5923E-6	1.1689E-5	8.6476E-6	9.0282E-6	9.7354E-6	1.1870E-5	8.5916E-6	6.1523E-6	4.8208E-6	3.8548E-6	1.8305E-6	3.9493E-6	7.0343E-6	1.1093E-5	1.3684E-5	1.4631E-5	1.4649E-5	1.4340E-5	1.2126E-5	1.3530E-5	1.2294E-5	1.2426E-5	1.0189E-5	9.4312E-6	7.9116E-6	7.1182E-6	4.9858E-6	5.1701E-6	4.9444E-6	4.0791E-6	3.4367E-6	3.7467E-6	3.6169E-6	3.8811E-6	2.7018E-6	3.1026E-6	2.6553E-6	3.1016E-6
1.4960E+1	-1.7340E-5	-1.9055E-5	-2.3314E-5	-2.8573E-5	-3.8458E-5	-4.4819E-5	-4.6539E-5	-3.2045E-5	5.1759E-6	9.0048E-5	9.7056E-5	5.7794E-5	3.6801E-5	2.2665E-5	1.7436E-5	1.1170E-5	8.9087E-6	7.8977E-6	9.6900E-6	1.0934E-5	1.1309E-5	9.2392E-6	9.2878E-6	1.0047E-5	1.0082E-5	6.8815E-6	5.7477E-6	4.2739E-6	3.8499E-6	3.3049E-6	7.1804E-6	9.1490E-6	1.2612E-5	1.4459E-5	1.4384E-5	1.4787E-5	1.3677E-5	1.2616E-5	1.3374E-5	1.3277E-5	1.1889E-5	1.0859E-5	9.1774E-6	8.3854E-6	6.8200E-6	5.1219E-6	5.5347E-6	4.8657E-6	4.4127E-6	4.2656E-6	4.4804E-6	4.7095E-6	4.1517E-6	3.7171E-6	4.2053E-6	4.2090E-6
1.4998E+1	-1.7771E-5	-2.0060E-5	-2.3867E-5	-2.9377E-5	-3.8310E-5	-4.6008E-5	-4.9294E-5	-4.1255E-5	-1.9802E-5	3.5968E-5	9.8485E-5	7.5317E-5	4.6253E-5	3.0312E-5	2.1165E-5	1.5944E-5	1.1300E-5	9.3989E-6	9.8547E-6	1.0514E-5	1.1447E-5	1.0443E-5	8.7444E-6	9.7380E-6	8.8306E-6	7.0587E-6	5.8531E-6	4.8302E-6	3.9948E-6	3.7887E-6	6.7065E-6	9.3469E-6	1.0925E-5	1.3115E-5	1.4251E-5	1.3306E-5	1.4126E-5	1.3695E-5	1.3124E-5	1.3816E-5	1.2063E-5	1.1494E-5	1.0224E-5	9.2791E-6	8.2531E-6	6.4857E-6	5.7734E-6	4.7281E-6	4.8125E-6	3.8970E-6	4.8811E-6	3.3979E-6	4.7204E-6	4.1955E-6	3.7587E-6	4.4896E-6
1.5036E+1	-1.8244E-5	-2.0424E-5	-2.3566E-5	-2.9797E-5	-3.6648E-5	-4.5263E-5	-4.9022E-5	-4.7042E-5	-3.0855E-5	-9.6362E-7	5.7486E-5	8.6882E-5	5.5349E-5	3.8745E-5	2.4925E-5	1.9764E-5	1.3393E-5	1.1543E-5	1.0051E-5	1.0733E-5	1.0122E-5	1.0813E-5	8.4050E-6	8.2714E-6	8.6213E-6	6.4560E-6	5.7273E-6	4.6563E-6	4.1544E-6	3.8661E-6	5.6467E-6	8.5645E-6	1.0153E-5	1.1770E-5	1.3071E-5	1.2797E-5	1.2719E-5	1.3429E-5	1.3080E-5	1.2861E-5	1.2420E-5	1.1745E-5	1.0787E-5	9.4086E-6	8.8609E-6	6.6509E-6	6.5054E-6	5.2565E-6	5.3018E-6	4.2649E-6	5.3888E-6	5.0141E-6	4.0202E-6	5.2282E-6	4.4834E-6	4.2978E-6
1.5073E+1	-1.7980E-5	-1.9594E-5	-2.3159E-5	-2.8117E-5	-3.4831E-5	-4.0511E-5	-4.6740E-5	-4.5002E-5	-3.5710E-5	-1.4171E-5	1.7382E-5	6.4681E-5	6.7209E-5	4.2419E-5	3.0996E-5	2.1169E-5	1.6885E-5	1.1974E-5	1.2485E-5	1.0142E-5	1.0530E-5	8.3527E-6	9.9841E-6	7.1155E-6	7.2927E-6	5.6327E-6	5.1732E-6	4.5507E-6	3.8577E-6	4.1556E-6	5.5729E-6	7.8694E-6	8.7393E-6	1.0514E-5	1.2042E-5	1.1837E-5	1.2194E-5	1.2128E-5	1.2535E-5	1.1356E-5	1.1869E-5	1.1029E-5	1.0816E-5	9.6791E-6	9.2371E-6	7.0699E-6	5.8459E-6	5.1375E-6	4.8848E-6	4.0386E-6	3.8130E-6	5.0797E-6	5.3686E-6	3.4822E-6	4.6796E-6	3.7162E-6
1.5111E+1	-1.7096E-5	-1.8850E-5	-2.2170E-5	-2.7869E-5	-3.2767E-5	-3.7989E-5	-4.1883E-5	-4.3415E-5	-3.5724E-5	-2.0786E-5	1.3198E-6	3.0334E-5	6.1320E-5	5.0741E-5	3.4715E-5	2.4165E-5	1.8092E-5	1.3187E-5	1.1791E-5	1.0873E-5	1.0053E-5	8.0033E-6	7.7377E-6	8.1181E-6	6.2971E-6	4.8144E-6	4.0308E-6	3.9032E-6	3.8527E-6	4.4721E-6	5.7726E-6	7.7211E-6	8.7498E-6	9.6990E-6	1.0793E-5	1.1732E-5	1.1537E-5	1.1147E-5	1.1546E-5	1.0243E-5	1.1359E-5	1.0954E-5	9.5252E-6	9.0395E-6	9.1076E-6	7.5934E-6	6.7423E-6	5.2208E-6	4.9332E-6	4.6783E-6	4.4811E-6	3.7582E-6	5.3332E-6	4.7202E-6	3.6629E-6	3.8018E-6
1.5149E+1	-1.5543E-5	-1.7352E-5	-2.0140E-5	-2.5425E-5	-3.0531E-5	-3.5919E-5	-3.8184E-5	-3.8348E-5	-3.3513E-5	-2.3040E-5	-5.6928E-6	1.1109E-5	3.6621E-5	5.2735E-5	3.9351E-5	2.8624E-5	2.0185E-5	1.5601E-5	1.1626E-5	1.0295E-5	8.8591E-6	7.9958E-6	7.0522E-6	6.7012E-6	6.0996E-6	4.1377E-6	3.1360E-6	2.9318E-6	2.5425E-6	3.8852E-6	5.5547E-6	7.6541E-6	8.0599E-6	9.5435E-6	9.4695E-6	1.0710E-5	1.1203E-5	1.0601E-5	1.0490E-5	9.7842E-6	9.8581E-6	1.0287E-5	9.2880E-6	8.3045E-6	8.3777E-6	7.3550E-6	6.4018E-6	5.3884E-6	4.2948E-6	4.1665E-6	4.3107E-6	4.2002E-6	3.6192E-6	4.3809E-6	4.0661E-6	3.4097E-6
1.5187E+1	-1.4923E-5	-1.6034E-5	-1.9576E-5	-2.3116E-5	-2.7818E-5	-3.2980E-5	-3.6055E-5	-3.3933E-5	-3.0757E-5	-2.1781E-5	-8.8911E-6	4.8403E-6	1.6998E-5	3.9974E-5	4.3566E-5	3.0985E-5	2.3655E-5	1.7357E-5	1.4045E-5	1.1069E-5	8.7836E-6	7.5931E-6	6.8342E-6	6.0272E-6	5.2402E-6	4.0506E-6	3.5411E-6	2.7699E-6	3.2855E-6	3.0675E-6	4.6544E-6	6.5773E-6	8.6407E-6	8.7176E-6	9.2884E-6	8.9859E-6	9.7131E-6	9.6807E-6	9.7865E-6	9.1822E-6	9.4740E-6	8.8322E-6	8.0567E-6	7.6733E-6	7.6096E-6	7.1561E-6	6.6846E-6	5.4450E-6	4.6084E-6	4.2074E-6	4.2223E-6	3.3865E-6	3.6231E-6	3.4573E-6	3.1151E-6	3.3427E-6
1.5225E+1	-1.2957E-5	-1.5182E-5	-1.7813E-5	-2.1957E-5	-2.5854E-5	-3.0377E-5	-3.3343E-5	-3.0519E-5	-2.6667E-5	-2.0241E-5	-1.0037E-5	3.6282E-7	8.8680E-6	2.2270E-5	3.9334E-5	3.5592E-5	2.5327E-5	1.9453E-5	1.5070E-5	1.2572E-5	9.4640E-6	8.2105E-6	7.1289E-6	5.6515E-6	4.8168E-6	2.5241E-6	3.4678E-6	2.2901E-6	3.6675E-6	3.7908E-6	5.4270E-6	5.9075E-6	7.8962E-6	8.3766E-6	9.2239E-6	8.9450E-6	8.7521E-6	8.6896E-6	9.0455E-6	8.5879E-6	8.1922E-6	8.2682E-6	7.1127E-6	6.6771E-6	6.2673E-6	5.4670E-6	5.2977E-6	5.0592E-6	4.3286E-6	3.3604E-6	4.0307E-6	2.9185E-6	2.8478E-6	3.2806E-6	2.6060E-6	2.9026E-6
1.5263E+1	-1.2225E-5	-1.3639E-5	-1.6409E-5	-1.9556E-5	-2.3846E-5	-2.7985E-5	-3.0400E-5	-2.9061E-5	-2.4122E-5	-1.7162E-5	-9.4269E-6	-1.9380E-6	4.3610E-6	1.3169E-5	2.5308E-5	3.6243E-5	2.9042E-5	2.2000E-5	1.6969E-5	1.3647E-5	1.0465E-5	8.8777E-6	6.7841E-6	5.6839E-6	5.2429E-6	3.1777E-6	2.4925E-6	1.9150E-6	2.8731E-6	3.2149E-6	4.6019E-6	6.8679E-6	8.1136E-6	8.0560E-6	8.2425E-6	8.8328E-6	8.7291E-6	8.9539E-6	8.4116E-6	8.4363E-6	8.0586E-6	7.7777E-6	6.9544E-6	6.8874E-6	6.3187E-6	5.6604E-6	4.5620E-6	4.4059E-6	4.3914E-6	3.1452E-6	3.2826E-6	2.8139E-6	2.0769E-6	2.8046E-6	2.5670E-6	2.9807E-6
1.5301E+1	-1.1075E-5	-1.2757E-5	-1.5006E-5	-1.8287E-5	-2.2078E-5	-2.5893E-5	-2.7133E-5	-2.6309E-5	-2.3408E-5	-1.5377E-5	-9.2857E-6	-3.0365E-6	1.2011E-6	8.2937E-6	1.6095E-5	2.7809E-5	3.1621E-5	2.5110E-5	1.9913E-5	1.5101E-5	1.2040E-5	9.8253E-6	7.5574E-6	4.9390E-6	4.6505E-6	3.4643E-6	2.9995E-6	2.0226E-6	2.9442E-6	3.7584E-6	4.1757E-6	5.2736E-6	7.3413E-6	7.9786E-6	8.4046E-6	7.9439E-6	8.5159E-6	8.2980E-6	8.4111E-6	6.8278E-6	7.2352E-6	7.0069E-6	6.8786E-6	5.9438E-6	5.8958E-6	5.3811E-6	4.8515E-6	4.2782E-6	4.7197E-6	2.9923E-6	3.3940E-6	3.0738E-6	2.5792E-6	1.4133E-6	3.5836E-6	1.9573E-6
1.5338E+1	-9.5103E-6	-1.1357E-5	-1.3416E-5	-1.6401E-5	-2.1052E-5	-2.4908E-5	-2.5052E-5	-2.3836E-5	-2.1772E-5	-1.4758E-5	-7.6802E-6	-3.8886E-6	1.0963E-7	4.4366E-6	1.0186E-5	1.8745E-5	2.8231E-5	2.8378E-5	2.2325E-5	1.7550E-5	1.3606E-5	1.0748E-5	8.0185E-6	6.5463E-6	4.5995E-6	3.7205E-6	2.4525E-6	2.2073E-6	2.7136E-6	3.9387E-6	5.8240E-6	6.7352E-6	7.1611E-6	7.2619E-6	8.6632E-6	8.1810E-6	9.0570E-6	7.9503E-6	8.0328E-6	7.2207E-6	6.6527E-6	5.7970E-6	6.7694E-6	6.3389E-6	5.1866E-6	4.9631E-6	4.5167E-6	3.4746E-6	4.3371E-6	3.0732E-6	3.2244E-6	2.3706E-6	3.0877E-6	1.7263E-6	3.2368E-6	2.1170E-6
1.5376E+1	-1.0181E-5	-1.0767E-5	-1.3249E-5	-1.4857E-5	-1.9327E-5	-2.3532E-5	-2.4371E-5	-2.1909E-5	-2.0024E-5	-1.5095E-5	-8.0208E-6	-3.0960E-6	-1.0079E-6	2.8578E-6	6.4581E-6	1.1998E-5	2.0127E-5	2.8325E-5	2.4679E-5	1.9461E-5	1.5428E-5	1.1983E-5	8.5161E-6	6.4730E-6	5.0937E-6	3.8842E-6	3.3375E-6	2.3110E-6	2.6925E-6	3.2119E-6	4.8727E-6	6.8911E-6	7.6004E-6	7.6946E-6	9.1552E-6	8.4664E-6	8.9389E-6	8.2369E-6	7.2994E-6	7.4222E-6	7.2129E-6	5.7869E-6	5.5027E-6	6.4004E-6	5.7379E-6	4.5611E-6	4.7254E-6	4.3660E-6	3.4986E-6	3.0618E-6	3.1688E-6	2.6576E-6	1.6826E-6	2.0474E-6	2.9298E-6	2.0145E-6
1.5414E+1	-1.0322E-5	-1.0472E-5	-1.2950E-5	-1.5259E-5	-1.7971E-5	-2.1935E-5	-2.3814E-5	-2.2005E-5	-1.8487E-5	-1.4219E-5	-8.7724E-6	-3.6115E-6	-1.1033E-6	1.0075E-6	4.3940E-6	8.2582E-6	1.3156E-5	2.1662E-5	2.6977E-5	2.1462E-5	1.7268E-5	1.2768E-5	1.0888E-5	7.3752E-6	5.0019E-6	3.4911E-6	3.1569E-6	2.7216E-6	3.1197E-6	3.8199E-6	5.1485E-6	6.5283E-6	7.3232E-6	6.9946E-6	8.5662E-6	8.6987E-6	8.8578E-6	8.0409E-6	7.5350E-6	7.1658E-6	7.5065E-6	6.7843E-6	6.2374E-6	5.6404E-6	5.7231E-6	4.7158E-6	3.6292E-6	4.3220E-6	3.8929E-6	3.1512E-6	3.1839E-6	2.7271E-6	2.8292E-6	2.3177E-6	2.3010E-6	2.1941E-6
1.5452E+1	-9.2459E-6	-1.0453E-5	-1.1244E-5	-1.4562E-5	-1.6278E-5	-1.8739E-5	-2.1633E-5	-2.1447E-5	-1.8469E-5	-1.3485E-5	-8.5780E-6	-5.0582E-6	-1.7378E-6	-1.2493E-7	2.4542E-6	5.3210E-6	9.4327E-6	1.3471E-5	2.2698E-5	2.4567E-5	1.8621E-5	1.4135E-5	1.1085E-5	9.3485E-6	5.7594E-6	3.8997E-6	3.0951E-6	2.5150E-6	2.4823E-6	3.6926E-6	5.0162E-6	6.0779E-6	7.2179E-6	7.6424E-6	8.0945E-6	7.4510E-6	7.4235E-6	7.5986E-6	7.3415E-6	7.4201E-6	6.1904E-6	6.4185E-6	6.3082E-6	6.5062E-6	5.5019E-6	5.0296E-6	4.0818E-6	4.1215E-6	3.2196E-6	2.9530E-6	2.6859E-6	2.6004E-6	1.5692E-6	3.2846E-6	1.9411E-6	2.2118E-6
1.5490E+1	-9.4412E-6	-1.0743E-5	-1.1686E-5	-1.4339E-5	-1.6303E-5	-1.6779E-5	-1.8807E-5	-1.9288E-5	-1.7650E-5	-1.2982E-5	-7.9650E-6	-5.6129E-6	-3.1841E-6	-5.6212E-7	9.4496E-7	3.1796E-6	6.1155E-6	9.6621E-6	1.5080E-5	2.2992E-5	2.0988E-5	1.6076E-5	1.2301E-5	8.9828E-6	6.6833E-6	4.1527E-6	3.2927E-6	3.0029E-6	2.8374E-6	3.6286E-6	5.3777E-6	6.0074E-6	6.6479E-6	6.9172E-6	8.2835E-6	8.3582E-6	6.9172E-6	7.2447E-6	7.1103E-6	7.6583E-6	6.7752E-6	5.5423E-6	5.6987E-6	5.2256E-6	5.5225E-6	4.5334E-6	3.5092E-6	4.0361E-6	3.8636E-6	3.3919E-6	2.5724E-6	2.7778E-6	2.5507E-6	1.8623E-6	1.9599E-6	1.7403E-6
1.5528E+1	-8.6322E-6	-1.0087E-5	-1.0958E-5	-1.3730E-5	-1.6265E-5	-1.6640E-5	-1.7221E-5	-1.7508E-5	-1.6383E-5	-1.2962E-5	-8.3368E-6	-5.8986E-6	-4.2519E-6	-1.8388E-6	-1.8558E-7	1.3085E-6	3.2723E-6	5.7636E-6	1.0761E-5	1.6354E-5	2.0643E-5	1.7310E-5	1.3572E-5	9.5527E-6	6.4168E-6	3.6864E-6	2.4614E-6	2.5591E-6	2.3207E-6	3.2871E-6	4.5534E-6	5.5931E-6	7.0320E-6	6.6971E-6	7.2141E-6	7.2312E-6	7.5658E-6	7.3398E-6	7.2213E-6	7.0864E-6	7.2380E-6	5.9499E-6	6.1040E-6	5.3938E-6	4.5905E-6	4.9061E-6	3.8319E-6	2.8654E-6	2.8022E-6	3.5001E-6	3.3031E-6	2.2012E-6	2.7544E-6	2.7610E-6	1.8886E-6	2.5768E-6
1.5566E+1	-8.2341E-6	-9.2110E-6	-1.0947E-5	-1.2690E-5	-1.5673E-5	-1.6932E-5	-1.6171E-5	-1.4704E-5	-1.4324E-5	-1.2057E-5	-8.4260E-6	-5.6869E-6	-4.1077E-6	-2.1702E-6	-1.0720E-6	6.1756E-8	1.9059E-6	3.4404E-6	6.9425E-6	1.1765E-5	1.6174E-5	1.8646E-5	1.3187E-5	1.0553E-5	6.8503E-6	4.4032E-6	1.5625E-6	2.2745E-6	1.8022E-6	2.5594E-6	3.9221E-6	4.7940E-6	5.7944E-6	6.2619E-6	7.2162E-6	6.9469E-6	6.5894E-6	7.5810E-6	5.8959E-6	6.2782E-6	6.5223E-6	5.6589E-6	4.9783E-6	5.5229E-6	4.6183E-6	3.7652E-6	4.0125E-6	3.9359E-6	2.6773E-6	2.7471E-6	3.0501E-6	2.5677E-6	2.5109E-6	2.2514E-6	1.7333E-6	2.2600E-6
1.5604E+1	-7.6651E-6	-8.0292E-6	-1.0132E-5	-1.2106E-5	-1.4721E-5	-1.6830E-5	-1.7074E-5	-1.3445E-5	-1.1704E-5	-1.0774E-5	-8.3822E-6	-5.2028E-6	-4.1711E-6	-2.3700E-6	-1.2381E-6	-4.7490E-7	1.8818E-7	2.0677E-6	4.3478E-6	7.9128E-6	1.0950E-5	1.6795E-5	1.4450E-5	1.0338E-5	6.9626E-6	4.5716E-6	3.0402E-6	1.3521E-6	2.0926E-6	2.1804E-6	3.1516E-6	4.8015E-6	5.7163E-6	5.8213E-6	6.1590E-6	6.7983E-6	6.7059E-6	7.4118E-6	6.6300E-6	5.2141E-6	6.0355E-6	5.4267E-6	4.7929E-6	4.1491E-6	4.5074E-6	3.4326E-6	2.8550E-6	3.3553E-6	3.2131E-6	3.0574E-6	3.2414E-6	1.5574E-6	2.4262E-6	2.4190E-6	2.1523E-6	1.7630E-6
1.5641E+1	-6.7420E-6	-7.9000E-6	-9.4921E-6	-1.1738E-5	-1.3836E-5	-1.6262E-5	-1.6637E-5	-1.4142E-5	-1.0310E-5	-8.7650E-6	-7.0818E-6	-4.3422E-6	-3.0018E-6	-3.0847E-6	-1.1722E-6	-3.0875E-7	3.7820E-7	7.9440E-7	2.7543E-6	5.2457E-6	7.0397E-6	1.1530E-5	1.4249E-5	1.1696E-5	7.4089E-6	4.1160E-6	3.5713E-6	1.3632E-6	1.2439E-6	1.9489E-6	3.0050E-6	4.1096E-6	4.8794E-6	6.2590E-6	6.1103E-6	6.2937E-6	6.3629E-6	5.8063E-6	6.1385E-6	5.6795E-6	5.7917E-6	5.1746E-6	4.8571E-6	4.6730E-6	3.9917E-6	3.2407E-6	2.8471E-6	2.9130E-6	2.6525E-6	2.4130E-6	3.9082E-6	2.4205E-6	2.2001E-6	1.6922E-6	1.8325E-6	1.5423E-6
1.5679E+1	-5.2609E-6	-7.0144E-6	-8.0086E-6	-1.0589E-5	-1.3085E-5	-1.5397E-5	-1.5982E-5	-1.5162E-5	-1.0476E-5	-7.7829E-6	-5.7354E-6	-4.2946E-6	-2.2849E-6	-2.5470E-6	-1.9348E-6	-7.5708E-7	-2.3665E-8	6.1293E-7	2.6620E-6	3.4415E-6	5.1577E-6	7.1317E-6	1.0374E-5	1.2137E-5	8.3050E-6	4.9215E-6	4.0283E-6	1.8595E-6	1.3146E-6	1.1517E-6	2.4023E-6	3.8944E-6	3.5889E-6	5.0831E-6	5.4625E-6	5.8411E-6	6.3918E-6	5.5156E-6	5.0591E-6	4.9003E-6	5.0896E-6	4.7826E-6	4.0665E-6	4.1708E-6	3.5821E-6	3.1253E-6	2.7279E-6	2.8853E-6	2.6003E-6	1.6603E-6	2.6477E-6	2.3038E-6	2.4878E-6	2.2789E-6	2.1179E-6	8.5329E-7
1.5717E+1	-5.1272E-6	-6.4056E-6	-7.5581E-6	-8.6705E-6	-1.1409E-5	-1.4145E-5	-1.3621E-5	-1.5150E-5	-1.1163E-5	-6.5092E-6	-3.8130E-6	-3.0639E-6	-2.5723E-6	-1.6277E-6	-1.3275E-6	-1.3177E-6	-2.6400E-7	-5.7869E-7	1.9037E-6	3.3920E-6	3.8864E-6	5.5849E-6	6.6851E-6	1.0226E-5	8.6966E-6	5.4696E-6	4.3031E-6	2.2489E-6	2.2241E-6	1.7078E-6	2.4706E-6	3.5125E-6	3.6054E-6	4.4347E-6	4.5362E-6	5.0905E-6	4.9957E-6	5.0441E-6	5.1346E-6	4.7365E-6	4.7279E-6	4.6657E-6	3.8220E-6	4.0180E-6	2.9679E-6	2.1069E-6	2.4167E-6	2.3820E-6	2.4887E-6	1.8337E-6	2.3542E-6	1.8733E-6	1.7200E-6	1.1212E-6	2.2248E-6	1.8879E-6
1.5755E+1	-4.8235E-6	-5.5991E-6	-6.5074E-6	-8.5838E-6	-1.0472E-5	-1.3248E-5	-1.3118E-5	-1.3599E-5	-1.1862E-5	-7.1490E-6	-3.1540E-6	-2.2036E-6	-1.8998E-6	-1.5704E-6	-9.3772E-7	-1.2134E-6	-7.3038E-7	-3.1099E-8	1.0020E-6	2.1060E-6	3.1661E-6	3.9325E-6	4.8758E-6	6.7597E-6	8.0918E-6	5.7460E-6	4.7324E-6	2.4210E-6	2.4357E-6	2.1398E-6	2.1395E-6	3.0417E-6	2.8547E-6	4.3035E-6	4.1338E-6	4.6933E-6	4.6917E-6	4.0583E-6	4.9269E-6	3.9965E-6	3.6809E-6	4.2181E-6	3.9662E-6	3.2559E-6	3.4578E-6	2.4354E-6	2.3804E-6	2.1970E-6	1.6905E-6	1.9126E-6	2.1144E-6	2.3447E-6	1.5846E-6	1.4739E-6	1.2730E-6	1.8873E-6
1.5793E+1	-4.5293E-6	-4.8633E-6	-5.2371E-6	-6.4436E-6	-9.5294E-6	-1.1074E-5	-1.2530E-5	-1.2843E-5	-1.0342E-5	-6.9615E-6	-2.7111E-6	-1.3381E-6	-1.2539E-6	-6.6631E-7	-4.9400E-7	-5.5532E-7	-6.4589E-7	-3.6272E-7	1.5457E-6	2.4203E-6	2.4023E-6	3.2961E-6	3.9205E-6	4.3768E-6	5.4523E-6	6.1893E-6	4.5928E-6	3.3378E-6	2.1861E-6	2.9973E-6	2.0894E-6	2.7324E-6	2.4845E-6	2.8684E-6	3.9136E-6	3.8437E-6	4.1159E-6	3.5275E-6	4.5653E-6	4.0243E-6	3.1962E-6	2.6553E-6	2.9023E-6	2.9291E-6	2.2640E-6	1.8385E-6	2.1636E-6	2.5832E-6	1.4701E-6	1.6484E-6	1.2183E-6	2.1096E-6	1.5912E-6	1.2455E-6	1.7081E-6	7.8035E-7
1.5831E+1	-4.4277E-6	-4.5313E-6	-4.6585E-6	-6.1266E-6	-8.3733E-6	-9.8132E-6	-1.0882E-5	-1.2573E-5	-1.0452E-5	-7.1729E-6	-3.4812E-6	-1.1063E-6	-3.1888E-7	-2.2128E-7	-5.0302E-8	4.7591E-7	2.9883E-7	5.3707E-7	8.8595E-7	2.2038E-6	2.5445E-6	2.2373E-6	3.5241E-6	3.6352E-6	3.4997E-6	5.3365E-6	6.1592E-6	4.3399E-6	3.1136E-6	2.5480E-6	3.0863E-6	2.4241E-6	3.3596E-6	2.9000E-6	3.3024E-6	3.7043E-6	3.9244E-6	3.3572E-6	4.0659E-6	3.6131E-6	3.4647E-6	3.1528E-6	2.2517E-6	2.4793E-6	2.8800E-6	1.6772E-6	1.5278E-6	1.9034E-6	1.7452E-6	1.7139E-6	1.0194E-6	8.5161E-7	1.1625E-6	1.5393E-6	1.9505E-6	1.3808E-6
1.5869E+1	-3.4970E-6	-4.4950E-6	-3.6432E-6	-4.3804E-6	-7.1458E-6	-8.4213E-6	-9.3993E-6	-1.0562E-5	-9.6967E-6	-6.6094E-6	-3.6677E-6	-1.8052E-6	-3.2649E-7	9.9030E-8	2.0253E-7	5.5651E-7	5.0589E-7	4.1712E-7	2.0501E-6	1.7670E-6	2.2220E-6	2.0189E-6	1.7564E-6	2.2107E-6	2.2121E-6	2.8704E-6	5.3442E-6	5.0728E-6	3.8580E-6	2.9357E-6	2.7631E-6	3.1616E-6	2.7760E-6	3.4180E-6	3.2191E-6	3.1039E-6	3.4006E-6	3.1342E-6	3.7906E-6	3.3836E-6	2.7995E-6	2.2678E-6	2.3985E-6	2.1852E-6	2.3544E-6	2.3005E-6	1.9542E-6	1.2485E-6	1.8579E-6	1.5864E-6	1.4368E-6	1.1460E-6	5.4503E-7	6.8536E-7	1.3605E-6	8.4562E-7
1.5906E+1	-2.8399E-6	-3.4744E-6	-4.5656E-6	-3.5700E-6	-5.0454E-6	-6.9666E-6	-8.2780E-6	-8.5798E-6	-9.5053E-6	-6.5125E-6	-3.1485E-6	-1.3128E-6	4.5242E-7	1.2302E-6	1.0468E-6	1.9073E-6	1.4025E-6	6.1996E-7	1.3393E-6	2.7806E-6	1.8123E-6	2.7655E-6	2.0130E-6	1.6418E-6	1.9912E-6	2.4527E-6	3.5624E-6	5.3979E-6	4.0014E-6	3.7041E-6	2.9696E-6	3.3356E-6	3.6966E-6	3.3170E-6	3.4524E-6	3.2102E-6	2.9060E-6	2.8839E-6	3.0025E-6	3.3088E-6	3.1886E-6	2.0855E-6	1.7199E-6	2.6665E-6	1.5304E-6	1.7866E-6	2.0331E-6	6.7330E-7	1.0117E-6	1.4691E-6	8.1056E-7	1.2220E-6	1.1949E-6	1.2908E-6	1.1792E-6	5.0353E-7
1.5944E+1	-2.5897E-6	-2.8945E-6	-3.4479E-6	-4.2392E-6	-3.2152E-6	-4.2135E-6	-7.4845E-6	-6.4190E-6	-7.4914E-6	-7.0259E-6	-3.6196E-6	-1.9618E-6	-1.7011E-7	1.7990E-6	1.6942E-6	1.9249E-6	2.0278E-6	1.7815E-6	1.6349E-6	2.6779E-6	2.1199E-6	1.8987E-6	1.8655E-6	1.3571E-6	1.5575E-6	2.1578E-6	2.1567E-6	4.2748E-6	5.0647E-6	4.4732E-6	4.2450E-6	3.6404E-6	3.9784E-6	3.8556E-6	3.9053E-6	3.9510E-6	3.4878E-6	2.9577E-6	2.9865E-6	2.7022E-6	2.8168E-6	2.3814E-6	1.4138E-6	2.4459E-6	2.0545E-6	1.4736E-6	1.7022E-6	1.1247E-6	4.4865E-7	9.4252E-7	1.0351E-6	2.1916E-7	5.9431E-7	7.8341E-7	9.2705E-7	7.0327E-7
1.5982E+1	-2.7034E-6	-3.2121E-6	-3.6150E-6	-4.4729E-6	-4.1439E-6	-1.5049E-6	-4.5793E-6	-5.7586E-6	-5.7814E-6	-5.8145E-6	-3.4492E-6	-1.3139E-6	4.2452E-7	1.7189E-6	2.0888E-6	2.9186E-6	2.0734E-6	2.1932E-6	2.3606E-6	3.0839E-6	2.8180E-6	2.2967E-6	1.8818E-6	1.5889E-6	1.6625E-6	2.2425E-6	1.3962E-6	2.6530E-6	4.7737E-6	5.3589E-6	5.2958E-6	4.5889E-6	4.5531E-6	3.5842E-6	3.6387E-6	4.1224E-6	3.9355E-6	3.8780E-6	2.9091E-6	3.3420E-6	2.8626E-6	3.0808E-6	2.0457E-6	2.1543E-6	1.4228E-6	2.0807E-6	9.0582E-7	1.0202E-6	7.5150E-7	6.2239E-7	1.0510E-6	9.1794E-7	2.9198E-7	7.6835E-7	2.9365E-7	3.4059E-7
1.6020E+1	-3.0332E-6	-2.9805E-6	-3.2643E-6	-4.5347E-6	-4.6051E-6	-2.8066E-6	-1.7428E-6	-3.9175E-6	-4.6600E-6	-4.8955E-6	-3.4347E-6	-1.8764E-6	2.0215E-7	2.2081E-6	1.6612E-6	2.6816E-6	3.2550E-6	2.4041E-6	2.9206E-6	3.3279E-6	3.4048E-6	2.0858E-6	2.2343E-6	1.6985E-6	1.8941E-6	1.6866E-6	2.1371E-6	1.3263E-6	4.5883E-6	5.7525E-6	6.7339E-6	6.1359E-6	5.5562E-6	4.9396E-6	3.9024E-6	4.5280E-6	3.6910E-6	3.7405E-6	3.6186E-6	2.6829E-6	2.8026E-6	2.6216E-6	2.3735E-6	2.6691E-6	1.8761E-6	1.8513E-6	1.8416E-6	7.7009E-7	1.1648E-6	1.0599E-6	9.0416E-7	6.0320E-7	6.4846E-7	2.7194E-7	4.8031E-7	4.3716E-7
1.6058E+1	-3.4954E-6	-4.2956E-6	-3.6939E-6	-4.8644E-6	-3.9815E-6	-3.2257E-6	-1.1680E-6	-2.0244E-6	-4.2899E-6	-3.1697E-6	-2.7689E-6	-9.0350E-7	-1.6803E-7	1.0912E-6	2.3716E-6	2.1178E-6	3.5567E-6	2.9738E-6	3.2729E-6	2.8726E-6	3.5630E-6	2.3592E-6	2.4268E-6	1.5081E-6	2.3579E-6	1.2275E-6	1.6635E-6	1.5333E-6	2.9383E-6	4.8843E-6	6.2428E-6	7.3186E-6	6.3642E-6	6.0414E-6	4.6811E-6	5.0718E-6	5.0688E-6	3.5768E-6	4.0413E-6	3.7946E-6	3.3458E-6	2.8076E-6	1.9831E-6	2.2504E-6	1.8306E-6	1.2582E-6	1.5883E-6	1.0559E-6	1.1494E-6	1.2158E-6	1.5087E-6	9.6572E-7	6.0592E-7	1.6016E-7	4.2184E-7	3.2064E-7
1.6096E+1	-3.4506E-6	-3.8540E-6	-4.7242E-6	-5.2849E-6	-5.3547E-6	-3.6012E-6	-1.8823E-6	5.3315E-7	-2.1306E-6	-2.3565E-6	-1.8383E-6	-1.3317E-6	4.7322E-7	4.3269E-7	1.5801E-6	2.2833E-6	2.9402E-6	3.8409E-6	3.9626E-6	3.8703E-6	2.8195E-6	2.5258E-6	2.5008E-6	1.8743E-6	1.1043E-6	1.4431E-6	1.6326E-6	1.5158E-6	3.2302E-6	3.8253E-6	5.6193E-6	7.3246E-6	6.6909E-6	6.9266E-6	5.6064E-6	4.9027E-6	5.3378E-6	4.4233E-6	3.7893E-6	3.6640E-6	3.7734E-6	3.1987E-6	2.6083E-6	2.6684E-6	2.8430E-6	1.6711E-6	1.5104E-6	8.2043E-7	1.3342E-6	1.0176E-6	9.6529E-7	1.1437E-6	1.0276E-6	2.2325E-8	1.7921E-7	3.9332E-7
1.6134E+1	-3.7662E-6	-4.3401E-6	-4.4255E-6	-5.3908E-6	-5.5567E-6	-5.2014E-6	-3.3483E-6	-1.0404E-6	8.6890E-7	-5.3690E-7	-2.7847E-7	-3.5428E-7	-3.6965E-7	1.1418E-6	1.4379E-6	2.5147E-6	2.0255E-6	3.2146E-6	3.2853E-6	3.9494E-6	3.5539E-6	2.7084E-6	2.7292E-6	2.3428E-6	1.3931E-6	-7.6503E-8	1.2826E-6	1.2918E-6	2.3422E-6	2.9771E-6	4.3949E-6	6.9008E-6	6.8762E-6	6.7493E-6	6.0648E-6	5.6606E-6	5.6573E-6	4.9882E-6	4.4512E-6	4.0777E-6	3.8469E-6	2.8570E-6	2.4250E-6	2.4070E-6	2.3032E-6	2.6036E-6	2.1083E-6	1.1352E-6	1.4498E-6	1.0528E-6	1.1204E-6	9.0178E-7	9.3778E-7	5.9257E-7	4.9560E-7	2.7610E-7
1.6171E+1	-3.1691E-6	-4.6170E-6	-4.6922E-6	-5.2719E-6	-6.1382E-6	-6.0167E-6	-4.4545E-6	-1.7684E-6	7.2625E-7	1.4218E-6	-1.3377E-8	7.4825E-7	-2.0477E-7	8.5133E-7	1.3716E-6	2.8955E-6	2.4427E-6	3.7255E-6	3.1134E-6	3.0236E-6	3.0892E-6	2.9640E-6	2.8636E-6	2.3907E-6	1.6439E-6	7.6500E-7	6.3950E-7	1.3986E-6	2.3904E-6	2.5383E-6	4.0955E-6	5.7073E-6	6.6728E-6	6.8216E-6	5.9864E-6	5.1248E-6	5.9514E-6	5.0515E-6	4.5302E-6	4.5666E-6	4.2100E-6	3.2593E-6	2.7307E-6	2.4902E-6	2.2256E-6	1.7282E-6	2.1070E-6	1.3761E-6	1.7616E-6	8.5200E-7	1.1313E-6	1.1045E-6	1.0025E-6	3.4444E-7	9.2749E-7	6.4899E-7
1.6209E+1	-2.9264E-6	-4.0215E-6	-4.9743E-6	-4.7330E-6	-5.8888E-6	-6.7071E-6	-5.9726E-6	-3.1483E-6	1.7587E-7	1.3244E-6	1.1558E-6	6.9069E-7	8.2984E-7	1.2368E-6	1.3182E-6	2.1486E-6	2.1454E-6	2.9726E-6	3.5118E-6	3.0571E-6	3.2776E-6	2.5276E-6	3.0473E-6	2.1039E-6	1.3923E-6	7.4765E-7	8.4102E-7	6.4192E-7	1.8464E-6	2.2043E-6	4.0075E-6	5.2631E-6	6.3481E-6	6.6199E-6	6.7105E-6	5.8370E-6	5.8589E-6	5.4987E-6	4.3260E-6	4.9073E-6	4.5867E-6	3.3619E-6	3.3766E-6	2.7521E-6	2.5690E-6	2.1968E-6	1.4775E-6	1.4981E-6	1.5870E-6	5.1235E-7	1.1626E-6	1.1615E-6	1.2578E-6	4.5276E-7	8.8290E-7	7.9015E-7
1.6247E+1	-3.3732E-6	-3.4955E-6	-5.2453E-6	-5.6957E-6	-6.1613E-6	-6.0427E-6	-5.5427E-6	-3.6250E-6	-7.1949E-7	6.9254E-7	9.7078E-7	8.6692E-7	4.2749E-7	1.1978E-6	1.5357E-6	2.0038E-6	2.3426E-6	2.6044E-6	2.1905E-6	2.4882E-6	2.7903E-6	2.8469E-6	2.2555E-6	2.2780E-6	7.8909E-7	1.0863E-6	5.2936E-7	1.0197E-6	6.0622E-7	1.8248E-6	3.2566E-6	4.3887E-6	4.7982E-6	6.4705E-6	6.4724E-6	6.1957E-6	5.7317E-6	5.2985E-6	4.5814E-6	4.7601E-6	4.2360E-6	3.5520E-6	3.3513E-6	3.0050E-6	2.4299E-6	2.0973E-6	1.6866E-6	2.1731E-6	1.6407E-6	1.0294E-6	5.9732E-7	1.3955E-6	1.2165E-6	1.1368E-6	3.6786E-7	1.3972E-6
1.6285E+1	-3.6863E-6	-3.5348E-6	-4.3317E-6	-5.8102E-6	-6.9702E-6	-6.5118E-6	-5.4214E-6	-3.7643E-6	-1.5077E-6	4.8010E-7	1.6884E-6	1.9569E-6	1.8584E-6	9.0749E-7	1.6214E-6	2.0281E-6	2.5634E-6	2.7105E-6	2.6016E-6	2.7988E-6	2.4550E-6	2.6409E-6	2.0199E-6	1.9105E-6	6.6456E-7	7.9802E-7	3.7190E-7	9.6841E-7	1.1816E-6	9.2944E-7	3.2609E-6	3.7290E-6	3.9829E-6	4.3975E-6	6.5710E-6	6.6051E-6	5.9802E-6	5.1092E-6	4.8860E-6	5.3366E-6	4.5381E-6	3.2852E-6	3.5669E-6	3.4852E-6	2.5586E-6	1.4947E-6	1.0283E-6	1.9711E-6	1.4483E-6	9.8831E-7	1.3142E-6	9.3115E-7	1.2011E-6	1.0433E-6	7.6311E-7	2.4569E-7
1.6323E+1	-3.5514E-6	-4.3523E-6	-4.7503E-6	-6.4842E-6	-7.2948E-6	-7.0387E-6	-5.5688E-6	-4.1767E-6	-2.8399E-6	-9.3693E-7	4.4313E-7	1.1251E-6	1.7504E-6	1.1785E-6	1.2734E-6	1.8596E-6	2.9649E-6	2.5411E-6	2.0830E-6	2.4938E-6	3.1849E-6	2.9640E-6	1.6108E-6	1.9010E-6	7.5027E-7	1.6317E-7	2.8071E-7	-9.0717E-8	1.2951E-6	1.0673E-6	2.9386E-6	3.4261E-6	3.8815E-6	4.0210E-6	4.5222E-6	5.9796E-6	5.4388E-6	4.9792E-6	4.8613E-6	5.3997E-6	4.7481E-6	4.0401E-6	3.3898E-6	3.5861E-6	3.7068E-6	1.8884E-6	1.9671E-6	1.8966E-6	1.7617E-6	1.4135E-6	1.0633E-6	1.5985E-6	1.3994E-6	1.5706E-6	8.2553E-7	1.2345E-6
1.6361E+1	-3.6214E-6	-3.5274E-6	-4.0227E-6	-5.6740E-6	-6.8607E-6	-6.7152E-6	-6.7441E-6	-3.6036E-6	-2.9500E-6	-8.7860E-7	5.4755E-7	8.2684E-7	1.1539E-6	2.3038E-7	1.1372E-6	9.9647E-7	2.3513E-6	2.5462E-6	3.0884E-6	2.1964E-6	2.0924E-6	3.3621E-6	1.6478E-6	1.6056E-6	1.2120E-6	-3.3310E-7	-7.4673E-8	-2.5340E-7	3.1864E-7	6.4076E-7	2.4627E-6	2.8971E-6	3.2968E-6	4.0229E-6	4.2479E-6	5.6230E-6	4.7943E-6	4.8021E-6	4.4262E-6	4.8727E-6	4.3851E-6	3.5745E-6	4.0144E-6	3.1502E-6	3.2564E-6	2.2872E-6	1.7534E-6	1.9398E-6	1.1577E-6	1.7328E-6	9.5787E-7	9.2050E-7	1.2377E-6	1.5517E-6	6.1166E-7	6.0910E-7
1.6399E+1	-3.2021E-6	-4.1031E-6	-4.0841E-6	-5.9584E-6	-5.7391E-6	-5.4759E-6	-6.4161E-6	-5.0322E-6	-2.2446E-6	-1.6927E-6	3.2894E-7	5.5005E-7	1.3118E-6	1.3067E-7	8.9634E-7	1.0417E-6	1.1907E-6	1.6352E-6	2.2865E-6	2.9356E-6	1.9595E-6	2.4566E-6	1.8957E-6	1.0750E-6	1.6605E-6	-2.8633E-7	-3.3146E-7	-4.0277E-7	-3.0021E-8	2.1683E-7	2.0167E-6	2.5048E-6	2.6822E-6	3.7404E-6	3.2008E-6	4.8392E-6	4.8323E-6	4.9143E-6	5.3164E-6	4.4270E-6	4.5466E-6	3.2878E-6	3.4250E-6	3.5359E-6	3.2323E-6	3.1939E-6	2.9665E-6	1.8521E-6	1.9278E-6	1.7313E-6	1.3277E-6	9.4966E-7	1.0030E-6	1.4828E-6	9.7474E-7	2.0000E-7
1.6437E+1	-2.7927E-6	-3.9684E-6	-3.3928E-6	-5.3369E-6	-6.5271E-6	-5.7189E-6	-5.9673E-6	-4.6692E-6	-2.9246E-6	-2.9042E-7	-4.5228E-7	6.3392E-7	1.3771E-6	6.8696E-7	8.7974E-7	1.9539E-6	1.3225E-6	1.9583E-6	2.2572E-6	1.9847E-6	2.0482E-6	1.9034E-6	1.7020E-6	7.5018E-7	5.9206E-7	-1.7185E-7	-6.1446E-7	-1.2923E-8	-6.6461E-7	-4.0151E-7	1.2855E-6	2.0149E-6	2.0435E-6	3.1877E-6	3.6574E-6	3.6545E-6	3.9551E-6	4.0269E-6	4.9580E-6	4.1193E-6	4.1578E-6	3.6859E-6	3.1406E-6	2.9847E-6	2.4614E-6	2.5481E-6	2.8656E-6	2.0876E-6	1.5293E-6	1.9000E-6	1.5705E-6	1.3945E-6	1.1404E-6	1.2502E-6	1.5326E-6	9.8061E-7
1.6474E+1	-2.1212E-6	-3.6808E-6	-4.3073E-6	-4.0892E-6	-5.4410E-6	-6.3245E-6	-6.7631E-6	-5.3718E-6	-4.0761E-6	-1.3698E-6	2.7647E-7	-9.7897E-7	9.8438E-7	9.2991E-7	8.8473E-7	1.2598E-6	1.8711E-6	2.2127E-6	2.6444E-6	2.2917E-6	1.9451E-6	1.9993E-6	1.6827E-6	1.3293E-6	1.0587E-6	-5.0614E-7	-5.1996E-7	-3.5201E-7	-4.2659E-8	-8.5791E-7	8.6411E-7	1.4698E-6	2.2932E-6	2.2821E-6	3.5100E-6	3.9403E-6	3.9603E-6	4.0799E-6	4.9063E-6	3.9595E-6	3.4662E-6	3.3962E-6	3.0263E-6	3.0325E-6	2.5526E-6	3.0084E-6	2.1244E-6	1.6651E-6	1.6134E-6	1.2550E-6	1.2550E-6	1.0951E-6	1.0488E-6	9.2107E-7	1.2127E-6	6.2940E-7
1.6512E+1	-1.4757E-6	-2.5753E-6	-3.0171E-6	-4.5949E-6	-4.4989E-6	-5.9854E-6	-5.8494E-6	-5.1538E-6	-4.0412E-6	-2.9167E-6	2.2613E-8	-1.6837E-7	1.9376E-7	1.8792E-7	1.3127E-6	8.8715E-7	1.1716E-6	2.3887E-6	2.1279E-6	1.9080E-6	2.0888E-6	1.3082E-6	1.3019E-6	5.2879E-7	8.4739E-7	-1.1378E-7	-2.7741E-7	-8.3128E-7	-2.6915E-7	-2.7343E-7	1.9404E-7	5.0672E-7	1.7817E-6	2.6253E-6	2.8359E-6	3.3144E-6	3.2486E-6	3.3053E-6	4.5218E-6	4.2249E-6	4.0670E-6	3.7393E-6	3.1039E-6	2.9618E-6	2.0646E-6	3.0495E-6	2.8328E-6	1.3269E-6	1.2687E-6	1.3794E-6	1.1926E-6	1.0051E-6	8.3906E-7	6.2981E-7	1.7503E-6	8.8240E-7
1.6550E+1	-2.3374E-6	-2.6662E-6	-2.7102E-6	-3.6560E-6	-4.3163E-6	-5.6713E-6	-5.9812E-6	-4.9022E-6	-3.6725E-6	-2.8776E-6	-1.2525E-6	-6.4812E-7	3.2451E-7	1.6045E-7	5.9942E-7	1.1726E-6	1.3208E-6	2.1006E-6	1.8834E-6	1.6572E-6	2.0621E-6	1.9076E-6	1.0415E-6	1.0380E-6	5.6682E-7	-1.1292E-7	-1.3025E-7	-9.9648E-7	-1.3609E-6	-1.2012E-7	5.3072E-7	6.9037E-7	9.5909E-7	1.9632E-6	3.0408E-6	2.9320E-6	3.2223E-6	2.8078E-6	3.4474E-6	3.4240E-6	3.2267E-6	3.7493E-6	3.1739E-6	3.0649E-6	2.1737E-6	2.7809E-6	2.4732E-6	1.9076E-6	1.1120E-6	1.8076E-6	1.1740E-6	8.4009E-7	6.9785E-7	-1.8373E-7	5.1932E-7	8.0643E-7
1.6588E+1	-2.3668E-6	-2.4396E-6	-2.7368E-6	-3.4458E-6	-4.3098E-6	-4.8013E-6	-5.3275E-6	-4.6538E-6	-3.4723E-6	-2.4551E-6	-1.1423E-6	-2.9008E-7	-4.4866E-7	-1.5302E-7	7.5262E-7	5.3539E-7	1.4655E-6	2.0598E-6	1.1206E-6	1.6531E-6	1.4788E-6	1.3138E-6	1.1455E-6	4.3067E-7	4.6360E-7	2.8433E-7	3.8582E-8	-2.6862E-7	-1.1163E-6	-6.8865E-7	3.3255E-8	6.7600E-7	1.3389E-6	1.4317E-6	1.9905E-6	2.5305E-6	2.2650E-6	2.6630E-6	3.1412E-6	3.7691E-6	3.5045E-6	3.4491E-6	3.0370E-6	3.3602E-6	1.6347E-6	2.7400E-6	2.6261E-6	2.2516E-6	1.0350E-6	1.8715E-6	1.8130E-6	1.4892E-6	1.5848E-6	1.0333E-6	8.2895E-7	6.8021E-7
1.6626E+1	-1.4603E-6	-1.9078E-6	-2.6486E-6	-2.9196E-6	-3.4610E-6	-4.7295E-6	-4.6912E-6	-4.7350E-6	-3.6672E-6	-2.6250E-6	-1.4342E-6	-8.3744E-7	-1.9240E-7	-9.0703E-7	2.6272E-7	7.4678E-7	1.0936E-6	1.8487E-6	1.3455E-6	1.2182E-6	1.7524E-6	9.8044E-7	1.2540E-6	9.2056E-7	-2.4521E-7	2.3104E-8	-4.6709E-7	-6.4945E-7	-4.9953E-7	-4.6186E-7	1.8125E-7	1.0397E-6	1.0463E-6	1.8510E-6	1.8802E-6	1.4693E-6	2.3380E-6	1.4557E-6	2.0060E-6	2.4002E-6	3.2850E-6	3.2694E-6	2.4799E-6	3.3992E-6	2.4315E-6	1.4255E-6	2.0774E-6	2.1154E-6	2.0341E-6	1.3880E-6	1.8082E-6	8.6650E-7	1.5048E-6	5.2004E-7	1.4504E-6	8.0737E-7
1.6664E+1	-2.0091E-6	-1.5116E-6	-2.3672E-6	-3.0598E-6	-3.1141E-6	-3.1971E-6	-3.7961E-6	-3.3903E-6	-3.2498E-6	-2.3550E-6	-1.1699E-6	-5.2834E-7	-4.4044E-7	-6.0276E-7	-4.8765E-7	3.9221E-7	8.1960E-7	6.8907E-7	8.8486E-7	1.5665E-6	8.7172E-7	7.3010E-7	6.2952E-7	7.9446E-7	-4.8002E-8	-3.0939E-7	-2.7274E-7	-8.9977E-7	-3.4751E-7	-5.7512E-7	-7.7891E-7	7.6137E-7	1.2376E-6	1.1953E-6	2.7645E-6	1.1339E-6	2.1595E-6	2.0639E-6	2.1750E-6	2.0933E-6	2.4432E-6	2.8006E-6	1.9482E-6	2.1894E-6	3.0100E-6	2.0239E-6	1.8365E-6	1.6688E-6	1.2883E-6	1.6332E-6	1.7530E-6	1.8019E-6	1.5714E-6	1.0117E-6	8.0693E-7	9.0703E-7
1.6702E+1	-1.4847E-6	-1.4637E-6	-2.4742E-6	-2.3052E-6	-3.5059E-6	-3.5691E-6	-3.5982E-6	-3.1865E-6	-2.9985E-6	-1.9697E-6	-1.3057E-6	-9.4187E-7	-2.7007E-7	-1.6294E-7	-4.4430E-8	1.0026E-6	1.1584E-6	7.0265E-7	3.6429E-7	1.4496E-6	1.4048E-6	5.5341E-7	5.6089E-7	3.3642E-7	-1.3644E-8	-5.0535E-7	-7.4033E-7	-7.8801E-7	-3.9269E-7	-4.3941E-8	-1.9092E-7	3.6564E-8	8.1343E-7	3.4436E-7	1.7261E-6	1.3396E-6	1.9764E-6	1.8886E-6	1.7246E-6	2.5100E-6	2.3885E-6	2.4607E-6	1.9713E-6	1.7981E-6	1.4277E-6	2.3200E-6	1.2746E-6	2.1522E-6	1.1641E-6	7.9273E-7	1.0860E-6	1.2192E-6	1.4550E-6	9.3531E-7	7.5989E-7	7.1172E-7
1.6739E+1	-1.9398E-6	-3.8887E-7	-2.3279E-6	-1.6724E-6	-2.4969E-6	-3.0621E-6	-3.4489E-6	-2.7084E-6	-2.6708E-6	-1.7701E-6	-1.0066E-6	-1.1131E-6	-8.9720E-7	-6.5655E-7	-6.9587E-7	5.0067E-7	1.1766E-6	4.9939E-7	1.8627E-7	1.0773E-6	8.1403E-7	1.2798E-6	2.0804E-7	1.8089E-7	-3.5878E-7	-3.0156E-7	-9.3338E-8	-6.5201E-7	-2.2551E-7	-2.6471E-7	-2.9080E-7	3.4290E-7	5.4971E-7	8.8864E-7	7.3895E-7	7.6438E-7	1.5840E-6	2.3124E-6	1.6294E-6	1.8448E-6	2.1936E-6	2.3535E-6	1.6405E-6	2.5955E-6	1.8106E-6	1.7886E-6	2.2085E-6	1.3826E-6	1.3580E-6	1.0543E-6	8.3705E-7	1.0056E-6	1.4936E-6	1.2752E-6	9.3664E-7	8.8918E-7
1.6777E+1	-1.5028E-6	-1.6938E-6	-1.3388E-6	-2.1083E-6	-1.6691E-6	-3.1551E-6	-2.7820E-6	-2.7358E-6	-2.3216E-6	-1.6969E-6	-7.0017E-7	-1.0983E-6	-5.0238E-7	-5.1394E-7	-2.9104E-7	4.1091E-7	8.8741E-7	6.2978E-7	8.5797E-8	1.1313E-6	1.8094E-7	4.7897E-7	7.2810E-7	-1.6235E-7	-4.8301E-7	-1.0492E-6	-8.2992E-7	-5.6149E-7	-4.9454E-7	3.8207E-7	-1.2123E-7	5.9694E-7	5.9542E-7	4.3069E-7	1.2649E-6	2.6742E-7	1.2979E-6	1.0207E-6	1.9935E-6	1.7991E-6	1.6912E-6	1.6557E-6	1.3769E-6	1.0799E-6	2.0758E-6	1.3836E-6	1.2342E-6	2.2819E-6	8.2948E-7	1.1725E-6	1.4062E-6	1.5725E-7	8.4984E-7	4.7640E-7	6.1299E-7	8.2765E-7
1.6815E+1	-4.4806E-7	-1.3548E-6	-1.7572E-6	-1.3238E-6	-1.8455E-6	-2.1473E-6	-2.8397E-6	-2.1372E-6	-1.8146E-6	-1.6947E-6	-9.9557E-7	-9.8854E-7	-7.0092E-7	-9.3609E-7	-7.8290E-7	-4.4513E-8	2.1660E-7	3.9416E-7	-3.9135E-8	1.2606E-6	5.7823E-7	3.5783E-7	2.6055E-7	7.8905E-7	-5.3927E-7	1.4305E-7	-5.4411E-7	-1.3247E-6	-1.1399E-6	-4.9695E-7	-1.7189E-7	-5.2043E-7	8.5360E-7	4.6802E-7	1.3097E-6	1.1646E-6	1.3933E-6	7.4741E-7	9.3474E-7	1.7166E-6	1.5003E-6	1.9193E-6	1.5011E-6	1.8118E-6	1.4586E-6	2.2405E-6	6.4968E-7	1.2972E-6	1.3776E-6	5.5172E-7	1.2509E-6	1.2746E-6	1.2467E-6	3.8528E-7	1.7298E-7	4.5796E-7
1.6853E+1	-3.6320E-7	-7.1685E-7	-1.3479E-6	-1.4177E-6	-1.1853E-6	-1.9115E-6	-1.4465E-6	-2.0886E-6	-1.4323E-6	-1.2898E-6	-6.1539E-7	-8.7507E-7	-1.0458E-7	-2.5344E-7	-3.7121E-7	5.7302E-7	-2.8671E-7	-7.2236E-8	-1.6120E-7	6.8821E-7	-1.5548E-7	-1.1863E-7	-4.0941E-7	6.8896E-8	8.7411E-8	-4.7598E-7	2.1141E-7	-9.1813E-7	-8.5191E-7	-9.7009E-7	1.5227E-7	-1.9291E-8	-5.6732E-7	-5.8129E-7	5.0678E-7	8.5912E-7	1.0861E-6	1.0977E-6	1.0598E-6	1.1542E-6	6.6863E-7	1.0283E-6	1.0024E-6	1.0418E-6	2.0118E-6	1.7767E-6	1.4552E-6	1.0189E-6	1.3374E-6	1.4012E-6	8.0598E-7	7.8599E-8	1.7997E-6	1.4255E-7	1.6646E-7	1.2664E-7
1.6891E+1	-6.0536E-7	-7.1200E-7	-1.1676E-6	-1.2001E-6	-1.9390E-6	-1.4409E-6	-1.4197E-6	-1.2396E-6	-1.1471E-6	-1.6325E-6	-7.3466E-7	-6.6540E-7	-3.3392E-7	-4.6406E-7	-7.0498E-7	2.1533E-7	1.0265E-6	-2.0376E-7	3.1480E-7	9.9206E-7	6.3789E-7	3.1720E-7	2.7797E-7	-6.4339E-7	1.2038E-7	-1.0900E-7	-4.3893E-7	-7.0454E-7	-7.3078E-7	-3.1423E-7	-5.5639E-7	3.0271E-7	3.2025E-7	-1.2811E-7	2.5537E-8	8.6175E-7	-4.0545E-7	-1.6337E-8	1.3172E-6	1.0683E-6	9.4411E-7	9.0886E-7	1.2361E-6	6.1491E-7	1.2317E-6	2.0012E-6	1.0040E-6	1.3919E-6	8.7957E-7	1.1069E-6	1.5939E-6	7.1496E-7	9.3903E-7	9.3446E-7	3.6182E-7	1.6956E-7
1.6929E+1	-6.8213E-7	-9.5941E-7	-8.0912E-7	-1.1764E-6	-1.3018E-6	-1.9756E-6	-8.7922E-7	-1.8641E-6	-5.3454E-7	-1.4850E-6	-8.5070E-7	-7.2533E-7	-5.0033E-8	-5.7478E-7	-2.8541E-7	-7.9530E-7	8.6489E-8	3.3016E-7	-1.6169E-7	4.3441E-7	-4.0994E-7	-2.2912E-7	2.3041E-7	-7.0510E-8	-1.8111E-7	5.4325E-8	-1.3411E-6	-5.8957E-7	-1.5312E-6	-2.2668E-7	2.6946E-7	6.7637E-7	3.4899E-9	1.5743E-7	4.6520E-7	9.4672E-7	5.8745E-7	-4.0620E-7	1.1127E-6	8.0052E-7	4.9266E-7	2.5392E-7	9.1646E-7	8.4408E-7	7.5280E-7	1.1929E-6	1.2344E-6	1.2142E-6	1.3420E-6	1.0444E-6	6.0381E-7	1.1673E-6	4.6042E-7	-2.0970E-7	5.7016E-7	4.9362E-7
1.6967E+1	-2.9605E-7	-3.5791E-8	-5.3001E-7	-5.8052E-7	-1.7978E-6	-5.4282E-7	-1.2955E-6	-1.5967E-6	-1.5570E-6	-9.2584E-7	-1.0563E-6	-5.5470E-7	-2.2535E-7	-6.0477E-7	-1.1479E-6	6.2672E-8	-7.0909E-7	-2.5479E-8	1.3557E-7	8.0576E-7	3.2597E-7	1.3929E-7	-2.1346E-7	-2.2019E-7	-2.2086E-7	-2.7952E-7	-1.3330E-6	-3.9460E-7	-1.3843E-6	-1.3451E-6	-7.3466E-7	-1.4127E-8	5.1810E-7	7.8695E-8	3.9709E-7	2.3557E-10	7.7744E-8	-7.0016E-8	1.0506E-6	1.4934E-6	1.1761E-6	8.5477E-7	8.8363E-7	8.5028E-7	9.4483E-7	1.0581E-6	2.4101E-7	1.0694E-6	6.1316E-7	1.2688E-6	6.1795E-7	1.2051E-6	1.0502E-6	1.5609E-7	-1.1550E-8	1.7367E-7
1.7005E+1	-1.2234E-6	-3.3638E-7	-3.5481E-7	1.4810E-7	-1.1504E-6	-8.5598E-7	6.8486E-8	-1.0740E-6	-9.3206E-7	-1.3697E-6	-8.8546E-7	-6.4632E-7	-6.3050E-7	3.2126E-7	-9.7326E-7	-7.9786E-7	1.0271E-7	-9.9197E-7	-4.8590E-7	-4.1505E-7	-2.8374E-7	-6.0977E-7	4.4887E-7	-2.5872E-7	7.4323E-7	-3.4702E-7	-1.4078E-6	-6.1211E-7	-3.7563E-7	-6.6249E-7	-7.6580E-8	-1.3052E-7	3.5124E-7	-3.8021E-7	5.8094E-7	2.3182E-7	-1.5894E-8	3.1065E-7	-1.6522E-7	9.7904E-7	8.2950E-7	3.9469E-7	9.9144E-7	7.6568E-7	1.2783E-6	1.1521E-6	1.4085E-6	5.7211E-7	1.0156E-6	4.3726E-7	4.5108E-7	4.9520E-7	4.2836E-7	3.0701E-7	2.5235E-7	-1.6533E-7
1.7042E+1	-1.8926E-7	-9.5364E-8	-6.4755E-7	-6.4845E-7	-8.2427E-7	-7.6105E-7	-1.2751E-6	-6.6546E-7	-7.7344E-7	-4.9624E-7	-1.1721E-6	-2.1191E-7	-1.0843E-6	-8.7308E-7	1.6672E-8	-9.8610E-7	-8.4875E-8	-2.0233E-7	-3.9091E-7	-4.9920E-7	2.1148E-7	-1.0188E-6	-4.5313E-7	-5.6617E-7	-3.4341E-7	-8.2636E-8	-5.4747E-7	-4.6240E-7	-8.6772E-7	-4.6649E-7	-4.9348E-7	-6.4750E-8	7.1558E-7	2.2963E-7	-7.3792E-7	3.2342E-7	-6.0829E-7	1.2793E-6	3.7723E-7	5.6877E-7	1.3880E-6	5.7466E-7	6.4114E-7	-1.0562E-7	1.1958E-6	6.6349E-7	6.4994E-7	1.2530E-6	6.2908E-7	1.0713E-6	6.8256E-7	1.4799E-6	4.3692E-7	5.0436E-7	2.9878E-7	6.3940E-8
1.7080E+1	-3.9940E-7	-4.4377E-7	2.3285E-7	-2.8163E-7	-3.6190E-7	-6.8971E-8	-6.4191E-7	-1.2236E-6	-2.3085E-7	-7.1506E-7	-1.1458E-6	-7.9052E-7	-2.4149E-7	-8.9152E-7	-5.2076E-7	-6.3381E-7	-4.8086E-7	-6.9883E-7	1.3155E-7	-1.0770E-6	-5.2178E-7	-4.1572E-7	-3.1138E-7	-2.0451E-7	-2.7917E-7	-8.9924E-7	-3.7702E-7	-6.3367E-7	-2.5529E-7	-2.7060E-7	-2.7207E-7	2.1813E-7	6.1146E-7	1.8046E-7	-1.0877E-7	2.7320E-7	-5.3351E-7	1.5879E-8	6.6499E-7	-2.6591E-7	3.7845E-7	3.1603E-7	1.1499E-6	-1.5802E-7	8.1803E-7	8.3165E-7	6.7429E-7	7.4594E-7	4.2774E-7	9.0880E-9	2.3406E-7	7.7591E-7	1.2480E-6	5.9831E-7	3.1329E-7	2.8521E-7
1.7118E+1	6.4421E-7	-3.3593E-7	-7.0308E-7	-7.7928E-7	-7.1267E-7	-1.7616E-7	-3.9097E-7	-4.2899E-7	-7.2976E-7	2.2382E-7	-6.9294E-7	-1.0732E-6	-1.0085E-6	-6.4351E-7	-2.8233E-7	-7.4014E-7	-6.5048E-7	-1.0097E-6	-5.3338E-7	1.0559E-7	-9.6057E-7	-5.2070E-7	-4.1860E-9	1.4744E-7	-2.7686E-7	-7.3622E-7	-1.4316E-7	-3.2250E-7	-1.0086E-6	3.3762E-8	-9.1456E-7	-4.2883E-7	5.3276E-7	3.6822E-7	-6.7733E-7	6.8191E-7	3.6110E-7	4.1761E-7	7.2645E-7	3.2733E-7	6.6445E-9	-1.4108E-8	2.0522E-7	8.2288E-8	5.1813E-8	6.7634E-7	-2.5601E-7	1.1265E-6	5.1301E-7	4.8927E-7	3.6862E-7	2.7957E-7	3.6621E-7	1.2563E-6	3.4320E-7	1.9641E-7
1.7156E+1	4.1776E-8	9.4705E-8	1.8111E-7	-3.7292E-7	-6.7444E-7	-3.1220E-7	-5.2043E-7	-6.1765E-8	2.9635E-8	-1.0665E-6	-1.0123E-7	-2.6009E-7	-9.2908E-7	-7.7461E-7	-3.2906E-7	-1.5261E-7	-3.2876E-7	-8.0975E-7	-1.1021E-6	-8.6247E-7	-7.1828E-7	-1.3507E-6	-4.2604E-7	-4.8955E-8	4.1806E-7	-2.5152E-7	-1.7249E-7	-5.1607E-7	2.1345E-8	-2.9717E-7	8.4613E-8	-3.0929E-7	1.8282E-7	-3.8824E-7	-2.0716E-8	-4.5000E-7	-6.2444E-8	-1.2340E-7	6.5718E-7	1.8669E-7	1.5384E-7	1.7816E-7	5.9617E-7	2.6051E-7	7.1293E-7	2.5096E-7	4.1654E-7	-3.6798E-7	1.8577E-7	-3.8699E-7	7.4029E-7	5.5488E-8	3.9982E-7	3.9830E-8	6.1213E-7	5.5485E-7
1.7194E+1	9.3172E-7	-5.4642E-7	-1.3360E-9	-1.4926E-7	-5.6556E-7	-6.4169E-7	-2.4733E-7	-2.9942E-7	2.3159E-7	-2.0185E-7	-9.1604E-7	-6.4648E-8	-5.4281E-7	-9.3620E-7	-3.4760E-7	-9.1897E-7	-2.9487E-8	-3.9290E-7	-1.8848E-7	-6.0754E-7	-1.4525E-7	-7.1963E-7	-4.8995E-7	-7.2617E-7	-8.5801E-7	-1.5072E-7	-1.5392E-7	-3.4680E-7	-5.5591E-7	1.0299E-7	-2.6997E-7	-3.8665E-7	2.5798E-7	2.4121E-7	-2.3417E-7	7.3787E-7	-1.0944E-8	-1.7359E-7	1.4901E-7	-2.9276E-7	-3.2141E-7	9.6162E-8	7.1554E-8	8.0559E-8	5.0916E-7	9.4579E-7	4.4548E-7	9.2419E-7	3.2557E-7	-1.3337E-7	1.2946E-7	3.3832E-7	5.8089E-8	7.6281E-7	-2.6094E-8	5.3926E-8
1.7232E+1	5.3828E-7	1.3004E-7	-3.7125E-7	3.5395E-7	2.9851E-7	-4.1838E-7	-8.1148E-7	-7.0393E-8	-2.3001E-7	-4.2728E-7	-7.8581E-8	-4.5889E-7	-9.9901E-8	-5.5936E-7	-3.0780E-7	-6.0768E-7	-9.5248E-7	-9.0275E-7	-3.7950E-7	-6.2331E-7	-2.5572E-7	-9.8827E-9	-5.5081E-7	-2.1594E-7	-6.3721E-7	-2.8854E-7	-7.4203E-7	-6.7509E-7	-3.9593E-7	-5.7725E-7	6.2089E-7	1.1312E-7	-2.4945E-7	-1.6992E-7	-1.9383E-7	-3.9210E-7	4.1619E-7	-4.4761E-8	5.8604E-7	6.3553E-7	-5.8897E-7	-3.4167E-8	4.3977E-7	2.7257E-7	1.7364E-7	-4.0387E-7	4.7965E-7	-1.8944E-7	7.8460E-7	9.1201E-8	-2.4920E-8	1.0502E-7	1.1438E-7	-2.1563E-7	7.1280E-7	2.5941E-7
1.7270E+1	1.7422E-7	1.7555E-7	-3.7164E-8	-6.7327E-7	5.1532E-7	2.3868E-7	-3.9816E-8	-5.7693E-7	1.9342E-8	-7.8723E-7	-1.0924E-7	-2.8040E-7	-4.7815E-7	-3.3553E-7	-1.8897E-7	-1.2784E-7	8.3237E-8	-1.0911E-6	-4.9915E-7	-7.1023E-7	2.3842E-8	3.9494E-8	5.0905E-7	-1.0546E-6	-6.2559E-7	-4.2245E-7	-7.0065E-7	-2.3535E-7	-6.4125E-7	-9.7532E-7	-2.4659E-7	-1.4095E-7	3.8538E-7	3.1833E-7	5.5632E-8	-1.7312E-7	-7.7579E-7	-2.5090E-7	-4.6287E-7	4.2231E-7	5.6132E-7	-4.0592E-7	-3.3927E-8	4.1793E-7	1.4476E-6	3.4218E-7	7.7411E-8	-1.1746E-7	4.7357E-7	4.4175E-7	4.0566E-8	-4.3616E-8	6.2456E-7	1.7808E-7	-4.2728E-8	-3.3694E-7
1.7307E+1	-3.5455E-8	-3.4806E-7	-8.1093E-8	-6.0925E-7	8.9926E-8	-2.1972E-7	-2.2307E-7	-7.1061E-8	-5.1780E-7	-2.2753E-7	-7.5102E-7	1.7681E-7	-4.6069E-7	-5.7303E-7	-8.7305E-7	-3.0460E-7	-5.5140E-8	-1.0925E-7	-2.0833E-7	-6.8183E-7	-4.2673E-7	-9.4364E-8	-4.3264E-8	5.3396E-7	-6.4974E-7	7.2951E-7	-1.3156E-6	-4.1619E-7	2.4919E-7	-5.8445E-7	-3.8071E-8	-1.1419E-7	-4.7014E-7	4.0856E-7	2.9680E-8	5.6062E-7	-3.2386E-7	-1.2661E-7	2.6764E-7	9.4947E-8	-2.6978E-7	3.5436E-7	-5.5863E-7	-3.0618E-7	2.9097E-7	2.6628E-7	3.7237E-7	-4.3511E-7	1.3790E-7	5.2683E-7	3.2933E-7	2.2485E-7	-7.9912E-8	5.5074E-7	8.2909E-8	-2.4313E-7
1.7345E+1	1.3318E-7	-6.3007E-8	-7.2652E-9	-6.2870E-7	-6.0772E-8	-1.8287E-7	-4.3077E-7	-4.2483E-7	-6.9852E-7	-7.2751E-7	-9.4471E-7	-7.8974E-7	6.7194E-8	-3.9706E-7	-8.3776E-7	-1.0457E-6	-5.1963E-7	-5.4424E-7	-3.8423E-7	-5.2685E-8	-3.0779E-7	-5.1175E-7	-7.3297E-7	-8.2585E-7	-3.6392E-7	1.3177E-7	6.9435E-7	-9.1451E-7	-9.9624E-8	-6.7567E-8	-1.1396E-7	-3.4177E-7	-2.3737E-7	-2.5869E-7	-2.8650E-7	8.9327E-8	-2.5723E-7	-6.0875E-7	6.3702E-7	1.1174E-6	2.0313E-7	8.7062E-9	1.5438E-7	1.3069E-7	6.4504E-7	7.5299E-8	-1.0869E-8	-5.7441E-8	-1.2487E-7	1.9902E-7	1.9095E-7	6.9602E-7	4.8808E-7	7.3545E-7	3.2080E-7	-3.9004E-8
1.7383E+1	-4.7394E-8	4.0825E-7	-4.4175E-7	4.3382E-8	9.4805E-8	-3.1366E-7	-3.2116E-8	3.9657E-7	-3.6525E-7	7.6314E-8	-1.1531E-6	-4.7036E-7	-6.4803E-7	-2.8936E-7	-6.4781E-7	-2.5997E-7	-1.0790E-6	-1.8731E-7	-3.7220E-7	-5.1163E-7	1.0916E-7	-4.5474E-7	-6.2267E-7	-5.4831E-7	-9.5150E-7	-5.1624E-7	2.1356E-7	1.8587E-7	-4.3626E-7	4.4364E-8	-4.4623E-8	3.4866E-7	-1.9642E-7	1.0484E-7	-3.4512E-7	-2.1675E-7	-2.9956E-7	-7.2534E-7	-3.2551E-7	6.4750E-7	6.4027E-8	2.5301E-8	-5.9924E-7	2.8780E-7	1.4957E-7	2.6517E-7	1.2068E-7	-3.3748E-8	1.8171E-7	5.4118E-7	7.0428E-8	-3.6057E-8	-5.4901E-7	2.3752E-8	-1.2454E-7	3.3550E-7
1.7421E+1	-3.2316E-7	8.6737E-7	2.2207E-7	1.9943E-7	-8.6979E-8	-1.1136E-7	-8.9449E-7	4.3735E-7	-1.7893E-7	-3.3049E-9	-2.3997E-7	-5.3697E-7	3.8913E-7	-5.9103E-7	-6.2129E-7	-7.0949E-7	-3.8892E-8	-1.1371E-6	-1.5855E-7	-8.5258E-8	-3.8770E-8	-1.0828E-7	-7.8386E-7	-4.1809E-8	-2.6212E-7	-8.4673E-7	-5.2872E-8	-1.3099E-7	-3.4088E-7	2.1514E-7	-6.0578E-7	-6.0543E-7	2.5291E-7	-3.4443E-7	5.3253E-7	2.4739E-7	-4.8920E-8	-8.2568E-8	4.0747E-7	7.4566E-8	4.7166E-8	-1.4356E-7	-4.2456E-7	-2.9878E-7	2.4284E-7	-3.0142E-7	3.4776E-8	2.3451E-7	-2.8645E-7	1.1786E-6	1.1894E-6	8.7455E-7	4.9864E-7	-1.3730E-7	-5.2255E-7	2.4839E-7
