0.0000E+0	1.4422E+1	1.4478E+1	1.4533E+1	1.4589E+1	1.4644E+1	1.4700E+1	1.4755E+1	1.4811E+1	1.4866E+1	1.4922E+1	1.4977E+1	1.5033E+1	1.5088E+1	1.5143E+1	1.5199E+1	1.5254E+1	1.5310E+1	1.5365E+1	1.5421E+1	1.5476E+1	1.5532E+1	1.5587E+1	1.5643E+1	1.5698E+1	1.5754E+1	1.5809E+1	1.5865E+1	1.5920E+1	1.5976E+1	1.6031E+1	1.6087E+1	1.6142E+1	1.6197E+1	1.6253E+1	1.6308E+1	1.6364E+1	1.6419E+1	1.6475E+1	1.6530E+1	1.6586E+1	1.6641E+1	1.6697E+1	1.6752E+1	1.6808E+1	1.6863E+1	1.6919E+1	1.6974E+1	1.7030E+1	1.7085E+1	1.7140E+1	1.7196E+1	1.7251E+1	1.7307E+1	1.7362E+1	1.7418E+1	1.7473E+1
1.4430E+1	3.0970E-8	5.8719E-8	8.1531E-8	5.6030E-8	5.9991E-8	9.8270E-8	6.3458E-8	5.7385E-8	1.6349E-8	-1.4758E-8	1.4088E-8	2.1391E-8	4.0489E-9	8.0419E-8	1.6275E-8	1.7434E-8	4.4298E-11	-1.2333E-8	-6.3274E-8	-4.1637E-8	-4.9993E-8	-3.2197E-8	4.4342E-8	-6.3387E-9	2.0595E-8	-1.8031E-8	4.4117E-8	-2.2957E-8	-8.1133E-8	-5.7858E-8	-3.3788E-8	-3.2508E-8	-6.2585E-8	-1.2699E-8	-3.6318E-8	-2.6487E-8	-9.5435E-9	-3.4078E-8	-4.0657E-8	-2.1654E-8	-6.8383E-8	-6.1586E-8	-4.4517E-8	7.7803E-9	-1.0599E-8	2.7620E-8	-4.2374E-8	-3.7031E-8	-2.3022E-8	-1.6806E-8	-1.3642E-8	-1.5192E-8	-1.4939E-8	-4.8895E-8	-9.7445E-10	-2.1729E-8
1.4468E+1	1.0508E-7	9.2869E-8	1.3780E-7	1.8652E-7	1.6763E-7	1.5107E-7	1.0492E-7	1.2314E-8	3.5941E-8	-1.7152E-8	1.2102E-8	5.4453E-8	-7.3563E-9	7.8654E-8	6.7191E-8	1.6925E-8	1.1439E-9	5.7119E-9	-2.9536E-8	-3.9932E-8	-5.9142E-8	-3.7132E-8	-1.0535E-8	-4.1150E-8	-5.6474E-8	-2.4909E-8	-4.3289E-8	-1.3136E-9	-5.4596E-8	-7.4346E-8	-7.6306E-8	-2.8548E-8	-9.7769E-8	-6.3423E-8	-4.6920E-8	-8.4105E-8	-5.3258E-8	-4.2190E-8	-5.1331E-8	-7.6918E-9	-6.2340E-8	-5.6344E-8	-5.2095E-8	-1.1733E-8	-2.8505E-8	-2.7679E-8	-2.5720E-9	-5.9058E-8	-6.4561E-8	-5.0739E-8	-3.9743E-8	-5.7312E-8	-4.2645E-8	-1.0869E-8	-2.4328E-8	2.0848E-9
1.4505E+1	1.6516E-7	1.7184E-7	2.3569E-7	2.7750E-7	2.7440E-7	2.2568E-7	1.6966E-7	8.6733E-8	4.9702E-8	4.0879E-8	3.1538E-9	5.7094E-8	4.6518E-8	5.1543E-8	8.6098E-8	8.2687E-8	3.7269E-9	1.6072E-8	-2.9833E-8	-6.9283E-8	-5.8778E-8	-5.9157E-8	-6.5902E-9	7.5527E-9	-4.8821E-8	-4.1962E-8	-9.8946E-9	-9.3318E-8	-5.8100E-8	-5.2439E-8	-6.5129E-8	-6.8151E-8	-5.6053E-8	-1.1353E-7	-7.6950E-8	-8.6922E-8	-9.4319E-8	-3.9861E-8	-8.0837E-8	-5.9827E-8	-4.7310E-8	-1.0102E-7	-4.1031E-8	-1.2949E-8	-3.2442E-8	-5.1824E-8	-7.4874E-8	-2.9254E-8	-5.6185E-8	-4.6000E-8	-6.2345E-8	-7.3654E-8	-7.4899E-8	-6.2518E-8	-5.6613E-8	-4.5415E-8
1.4543E+1	2.7493E-7	3.0898E-7	4.3730E-7	5.8814E-7	5.3908E-7	3.8386E-7	2.9989E-7	1.4985E-7	1.1913E-7	8.7875E-9	3.4104E-8	1.7953E-9	6.6481E-8	9.5735E-8	1.0872E-7	1.0251E-7	8.8980E-8	3.8723E-8	1.2444E-8	-1.2367E-7	-1.3600E-7	-7.7122E-8	-1.5259E-7	-6.4173E-8	-4.9031E-8	-5.1316E-8	-6.8981E-8	-6.3653E-8	-8.2912E-8	-8.3023E-8	-8.7953E-8	-1.2196E-7	-8.0341E-8	-1.6855E-7	-1.3167E-7	-1.7911E-7	-1.3932E-7	-6.7083E-8	-7.8256E-8	-9.8532E-8	-7.9267E-8	-9.5561E-8	-1.1091E-7	-3.8959E-8	-7.6652E-8	-8.0133E-8	-1.0012E-7	-1.0454E-7	-7.0215E-8	-6.8838E-8	-5.8133E-8	-8.7892E-8	-5.6121E-8	-4.9017E-8	-9.5494E-8	-9.5414E-8
1.4581E+1	3.5857E-7	4.3042E-7	6.9807E-7	9.3825E-7	1.0195E-6	7.9467E-7	6.0200E-7	3.8868E-7	2.7653E-7	1.5739E-7	4.6904E-8	1.0074E-7	1.0840E-7	1.5916E-7	1.5658E-7	2.1113E-7	1.8984E-7	2.3012E-7	9.7218E-8	9.8987E-9	-1.3493E-7	-4.2786E-8	-1.1278E-7	-1.4157E-7	-9.2412E-8	-5.0398E-9	3.3525E-8	-6.0013E-8	1.3880E-8	-5.7773E-8	-2.0840E-8	-1.1822E-7	-1.0496E-7	-1.8450E-7	-2.0177E-7	-2.1162E-7	-2.1980E-7	-1.6742E-7	-1.9735E-7	-1.0938E-7	-1.1885E-7	-1.5789E-7	-1.2453E-7	-1.3631E-7	-1.3415E-7	-1.2293E-7	-1.2550E-7	-1.6096E-7	-1.4560E-7	-1.2080E-7	-1.0781E-7	-6.7504E-8	-9.0246E-8	-5.7111E-8	-8.3314E-8	-2.9169E-8
1.4619E+1	4.0010E-7	4.6155E-7	8.1302E-7	1.5371E-6	1.6439E-6	1.4223E-6	9.7751E-7	5.3839E-7	2.7985E-7	1.1742E-7	1.9896E-7	9.4301E-8	2.5368E-7	2.9330E-7	2.1412E-7	2.2415E-7	2.6341E-7	3.4039E-7	3.0780E-7	5.0318E-9	-3.1406E-8	-7.0296E-8	-1.2822E-7	-1.7653E-7	-1.0895E-7	-2.2265E-8	1.3226E-7	1.1480E-7	1.2119E-7	4.9890E-10	2.9011E-9	-1.5301E-8	-1.3681E-7	-1.5325E-7	-2.1926E-7	-2.5533E-7	-1.7757E-7	-2.4366E-7	-2.4359E-7	-2.1946E-7	-1.4264E-7	-1.7297E-7	-1.8381E-7	-1.5518E-7	-2.4014E-7	-1.9019E-7	-1.0690E-7	-1.7628E-7	-2.0155E-7	-2.2582E-7	-2.0464E-7	-1.4288E-7	-9.4833E-8	-8.4276E-8	-1.5752E-7	-6.8327E-8
1.4657E+1	4.4224E-7	4.5566E-7	5.9989E-7	1.6247E-6	2.8412E-6	2.5148E-6	1.9110E-6	1.0287E-6	5.9778E-7	1.1243E-7	2.6242E-7	3.1731E-7	2.6111E-7	4.6945E-7	4.5386E-7	4.3725E-7	2.8378E-7	5.3612E-7	6.1507E-7	3.3290E-7	2.4721E-8	3.0321E-8	-8.4209E-8	-1.6971E-7	-1.2545E-7	9.4085E-8	1.8043E-7	2.9660E-7	4.2382E-7	2.6750E-7	1.2855E-7	4.4277E-8	-6.3343E-8	-9.2390E-8	-1.6965E-7	-2.0089E-7	-1.8219E-7	-2.8330E-7	-2.9218E-7	-1.8589E-7	-3.0838E-7	-1.8678E-7	-2.3040E-7	-2.1847E-7	-2.0839E-7	-2.9543E-7	-1.9927E-7	-1.9726E-7	-1.6170E-7	-2.3242E-7	-2.3605E-7	-2.3646E-7	-1.9020E-7	-1.5781E-7	-1.1584E-7	-1.9131E-7
1.4695E+1	2.7338E-6	2.8771E-6	3.7752E-6	7.2531E-6	2.8477E-5	4.0161E-5	2.9564E-5	1.9615E-5	9.1837E-6	5.6847E-6	2.7158E-6	5.5001E-6	4.9053E-6	5.7794E-6	6.1498E-6	7.4166E-6	3.9003E-6	5.3419E-6	8.8063E-6	8.2398E-6	4.4121E-6	9.8590E-7	2.5839E-7	9.3137E-8	-6.7405E-7	1.3578E-6	2.1284E-6	3.1448E-6	6.7076E-6	6.3322E-6	5.2277E-6	2.8378E-6	8.1178E-7	1.0441E-6	1.2402E-7	2.6656E-7	2.7521E-7	-1.4983E-6	-1.6305E-6	-1.1083E-6	-1.6071E-6	-1.7811E-6	-1.1596E-6	-2.1975E-6	-1.3794E-6	-2.1368E-6	-1.5595E-6	-2.9193E-6	-2.2833E-6	-2.0304E-6	-1.7260E-6	-2.3095E-6	-1.5770E-6	-2.7228E-6	-1.4870E-6	-1.5798E-6
1.4733E+1	-1.0563E-6	1.4741E-7	-1.5402E-7	1.9527E-6	1.2576E-5	4.5777E-5	4.6191E-5	3.2332E-5	1.8264E-5	8.2159E-6	5.0595E-6	3.8990E-6	6.8778E-6	6.7177E-6	8.1576E-6	8.9488E-6	7.2734E-6	5.5197E-6	8.1111E-6	1.2155E-5	9.7071E-6	4.8733E-6	1.4699E-6	1.3732E-6	1.2105E-6	1.2618E-6	2.7631E-6	2.5304E-6	6.5741E-6	8.5874E-6	8.0507E-6	6.5542E-6	3.3587E-6	2.3391E-6	2.1341E-6	1.6995E-6	1.7090E-6	3.6807E-8	-2.8592E-7	-2.8497E-7	-1.0242E-6	-4.0355E-7	-6.5098E-7	-9.3137E-7	-9.1402E-7	-1.0797E-6	-7.6571E-7	-5.6762E-7	-2.3640E-6	-1.7703E-6	-1.6782E-6	-2.0151E-6	-1.8316E-6	-2.1512E-6	-1.9671E-6	-1.7451E-6
1.4770E+1	-3.3720E-6	-3.0299E-6	-5.9210E-6	-4.1256E-6	-1.4851E-6	2.7242E-5	6.4492E-5	5.0263E-5	3.3080E-5	1.5051E-5	7.5505E-6	3.4968E-6	6.4064E-6	8.3343E-6	8.4791E-6	9.5357E-6	9.9217E-6	7.8905E-6	6.5713E-6	1.2142E-5	1.5076E-5	1.0009E-5	5.3346E-6	3.1005E-6	2.9914E-6	1.0804E-6	2.4030E-6	4.3287E-6	5.4565E-6	1.0155E-5	1.1158E-5	1.0054E-5	7.6386E-6	4.8027E-6	5.0889E-6	4.8296E-6	3.6513E-6	3.3218E-6	1.9617E-6	1.4973E-6	2.8819E-7	3.4767E-7	6.7185E-7	6.8775E-8	-2.7317E-7	7.3662E-8	-3.7262E-7	-1.3483E-7	-7.3046E-7	-5.9642E-7	-1.2751E-6	-1.3200E-6	-1.8516E-6	-2.2978E-6	-1.4628E-6	-1.0495E-6
1.4808E+1	-5.5535E-6	-6.6710E-6	-8.4702E-6	-1.3147E-5	-8.9999E-6	-1.0909E-6	5.4414E-5	8.0765E-5	5.1681E-5	3.0371E-5	1.1463E-5	6.7337E-6	4.1382E-6	9.5048E-6	1.0195E-5	9.5403E-6	1.1426E-5	1.1196E-5	7.0603E-6	9.2737E-6	1.5030E-5	1.6114E-5	8.8839E-6	5.4743E-6	3.7375E-6	2.9954E-6	1.6480E-6	4.9247E-6	5.0833E-6	8.5985E-6	1.3632E-5	1.3870E-5	1.1055E-5	7.9287E-6	6.2826E-6	7.0706E-6	5.3927E-6	5.4105E-6	4.8651E-6	4.1239E-6	3.1134E-6	1.3968E-6	1.5608E-6	1.7817E-6	1.2255E-6	1.2972E-6	1.2516E-6	1.4543E-6	-1.6155E-7	3.9432E-8	-2.7359E-7	-2.8457E-7	-1.0004E-6	-1.9886E-6	-1.3471E-6	-2.0138E-6
1.4846E+1	-1.0254E-5	-1.0318E-5	-1.3952E-5	-1.8174E-5	-2.1042E-5	-1.6074E-5	8.9840E-6	8.0864E-5	8.0557E-5	4.7710E-5	2.5052E-5	1.0659E-5	8.5794E-6	6.7406E-6	1.2103E-5	1.0446E-5	1.1530E-5	1.2294E-5	1.0474E-5	8.9430E-6	1.1711E-5	1.7053E-5	1.5070E-5	8.5580E-6	4.7559E-6	3.4216E-6	3.7986E-6	4.4419E-6	5.9085E-6	6.8135E-6	1.1872E-5	1.6589E-5	1.5371E-5	1.2605E-5	1.0181E-5	8.7719E-6	8.1971E-6	7.2380E-6	7.2547E-6	5.7564E-6	6.1524E-6	4.4225E-6	3.0002E-6	3.2510E-6	3.0017E-6	2.5806E-6	2.0769E-6	2.8441E-6	2.4809E-6	5.3670E-7	-1.3007E-7	1.3209E-6	5.5673E-7	-1.0436E-7	-1.4680E-7	-6.1577E-7
1.4884E+1	-1.2126E-5	-1.3717E-5	-1.6718E-5	-2.0726E-5	-2.7521E-5	-2.5401E-5	-1.6800E-5	3.2310E-5	9.7607E-5	7.0934E-5	4.0816E-5	1.7327E-5	1.1839E-5	8.4201E-6	9.8864E-6	1.2071E-5	1.1711E-5	1.1480E-5	1.1564E-5	9.6358E-6	9.3169E-6	1.2395E-5	1.6953E-5	1.2460E-5	7.5770E-6	4.6907E-6	4.3400E-6	4.2091E-6	4.8921E-6	6.5804E-6	9.2351E-6	1.3603E-5	1.6311E-5	1.4723E-5	1.3365E-5	1.1004E-5	1.0342E-5	8.9905E-6	9.5986E-6	7.7825E-6	6.8955E-6	6.7973E-6	4.9985E-6	4.6161E-6	5.0353E-6	3.5868E-6	2.9346E-6	3.1804E-6	3.7374E-6	2.8795E-6	1.1260E-6	1.0879E-6	1.2496E-6	1.3445E-6	3.6913E-7	1.3310E-7
1.4922E+1	-1.3632E-5	-1.8722E-5	-2.0573E-5	-2.5399E-5	-3.0360E-5	-3.6782E-5	-2.8235E-5	-1.1396E-5	6.3860E-5	1.0535E-4	6.1233E-5	3.5038E-5	1.4893E-5	1.3715E-5	9.4064E-6	1.2513E-5	1.2104E-5	1.2498E-5	1.2561E-5	1.2578E-5	9.0474E-6	1.0028E-5	1.4493E-5	1.6094E-5	9.3233E-6	8.0859E-6	5.5689E-6	6.0798E-6	5.1760E-6	6.3669E-6	9.1850E-6	1.2728E-5	1.5781E-5	1.6560E-5	1.4999E-5	1.3492E-5	1.1791E-5	1.1184E-5	1.1122E-5	1.0349E-5	9.1260E-6	8.5446E-6	7.3909E-6	6.3805E-6	5.9957E-6	5.4472E-6	3.7049E-6	3.5630E-6	3.4549E-6	4.0763E-6	3.5432E-6	3.0130E-6	1.3781E-6	1.9750E-6	1.5317E-6	9.5028E-7
1.4960E+1	-1.6278E-5	-1.8737E-5	-2.5289E-5	-2.7529E-5	-3.4855E-5	-4.0023E-5	-4.1199E-5	-2.8661E-5	5.1919E-6	9.1142E-5	9.2410E-5	4.9076E-5	2.8079E-5	1.5057E-5	1.4420E-5	1.0958E-5	1.2977E-5	1.1839E-5	1.2455E-5	1.2383E-5	1.1090E-5	8.5515E-6	1.1641E-5	1.4845E-5	1.2864E-5	7.8027E-6	6.5304E-6	5.1141E-6	7.4295E-6	5.7693E-6	8.6279E-6	1.1034E-5	1.5366E-5	1.6150E-5	1.6387E-5	1.4986E-5	1.3616E-5	1.1614E-5	1.2738E-5	1.1076E-5	1.1078E-5	1.0011E-5	9.2664E-6	8.5036E-6	7.6502E-6	6.4449E-6	5.7187E-6	4.9748E-6	4.3003E-6	4.3579E-6	4.9944E-6	3.6039E-6	3.6163E-6	1.5733E-6	1.5339E-6	1.4489E-6
1.4998E+1	-1.6366E-5	-1.9493E-5	-2.5197E-5	-2.9933E-5	-3.4816E-5	-4.1337E-5	-4.4122E-5	-3.7306E-5	-1.8837E-5	3.4109E-5	9.8714E-5	6.9293E-5	3.8802E-5	2.2503E-5	1.6169E-5	1.3406E-5	1.1921E-5	1.2695E-5	1.3478E-5	1.1779E-5	1.1557E-5	9.6583E-6	1.0107E-5	1.1708E-5	1.3326E-5	9.9611E-6	7.3423E-6	5.1764E-6	6.9523E-6	7.3016E-6	8.2676E-6	1.0410E-5	1.3539E-5	1.5555E-5	1.5160E-5	1.5254E-5	1.4227E-5	1.2638E-5	1.2188E-5	1.1679E-5	1.1663E-5	1.0311E-5	1.0081E-5	8.5527E-6	8.3878E-6	7.2157E-6	6.3148E-6	5.2829E-6	5.4697E-6	4.7477E-6	6.1032E-6	4.9129E-6	3.9991E-6	3.8238E-6	2.3697E-6	2.0795E-6
1.5036E+1	-1.5921E-5	-1.9379E-5	-2.3199E-5	-3.0559E-5	-3.4380E-5	-4.1112E-5	-4.2759E-5	-4.2495E-5	-2.7053E-5	-3.0259E-6	5.6645E-5	8.5295E-5	4.8336E-5	3.1624E-5	1.8635E-5	1.5836E-5	1.1886E-5	1.1673E-5	1.1986E-5	1.2736E-5	9.9096E-6	1.0593E-5	8.3839E-6	9.8454E-6	1.0209E-5	1.0182E-5	7.6215E-6	6.5875E-6	6.2269E-6	7.8663E-6	8.5397E-6	1.0759E-5	1.2028E-5	1.5182E-5	1.5078E-5	1.5285E-5	1.4382E-5	1.3208E-5	1.2353E-5	1.1437E-5	1.2421E-5	1.0963E-5	1.0286E-5	9.2706E-6	8.0521E-6	7.6313E-6	6.8163E-6	6.2265E-6	5.0835E-6	5.0012E-6	4.4693E-6	5.7001E-6	4.1776E-6	3.5408E-6	3.5307E-6	2.7088E-6
1.5073E+1	-1.6578E-5	-1.8985E-5	-2.3114E-5	-2.7516E-5	-3.4051E-5	-3.7913E-5	-4.1633E-5	-3.9158E-5	-3.2332E-5	-1.2940E-5	1.5122E-5	6.4457E-5	6.3844E-5	3.5929E-5	2.4450E-5	1.5924E-5	1.4130E-5	1.1584E-5	1.1971E-5	1.1708E-5	1.0538E-5	9.2838E-6	8.5989E-6	7.3004E-6	7.7349E-6	7.7878E-6	7.9926E-6	5.6184E-6	5.9211E-6	6.3229E-6	8.4336E-6	1.0060E-5	1.0899E-5	1.2678E-5	1.4087E-5	1.4741E-5	1.4740E-5	1.3227E-5	1.1749E-5	1.1151E-5	1.1377E-5	1.1576E-5	1.0258E-5	9.4346E-6	8.8786E-6	7.6934E-6	6.7357E-6	6.3263E-6	5.9059E-6	5.2622E-6	4.7321E-6	4.8189E-6	4.3226E-6	4.1106E-6	3.6073E-6	3.4256E-6
1.5111E+1	-1.5153E-5	-1.7957E-5	-2.1651E-5	-2.6730E-5	-3.2077E-5	-3.5678E-5	-3.8149E-5	-3.7587E-5	-3.0751E-5	-1.8690E-5	1.6654E-6	2.7794E-5	5.9724E-5	4.6453E-5	2.7992E-5	1.8964E-5	1.3645E-5	1.1249E-5	1.1351E-5	1.1400E-5	1.0543E-5	9.3803E-6	7.7299E-6	7.8689E-6	5.9669E-6	5.5399E-6	6.9594E-6	6.6325E-6	5.2039E-6	6.1247E-6	7.5857E-6	1.0118E-5	1.0232E-5	1.2276E-5	1.1905E-5	1.3651E-5	1.3948E-5	1.3612E-5	1.1474E-5	1.1177E-5	1.0202E-5	1.0245E-5	9.7633E-6	8.5143E-6	8.6780E-6	7.8725E-6	6.9889E-6	6.2561E-6	5.0348E-6	4.8558E-6	4.5055E-6	5.0390E-6	3.8493E-6	3.6006E-6	3.7964E-6	3.4169E-6
1.5149E+1	-1.4905E-5	-1.7692E-5	-1.9422E-5	-2.4256E-5	-3.0263E-5	-3.3737E-5	-3.4400E-5	-3.4450E-5	-2.8429E-5	-1.9842E-5	-4.4582E-6	1.1086E-5	3.3817E-5	5.0509E-5	3.3701E-5	2.3199E-5	1.5733E-5	1.2016E-5	1.0554E-5	1.0523E-5	9.3979E-6	9.3473E-6	6.9359E-6	7.0996E-6	5.7167E-6	4.7371E-6	4.3834E-6	5.5205E-6	5.0466E-6	5.4037E-6	7.2282E-6	9.2430E-6	9.7177E-6	1.1574E-5	1.1958E-5	1.1693E-5	1.2938E-5	1.2738E-5	1.1480E-5	1.1497E-5	1.0601E-5	9.8875E-6	9.0946E-6	8.6483E-6	7.7829E-6	7.4744E-6	6.4798E-6	6.4238E-6	5.4913E-6	4.3017E-6	4.6734E-6	4.2294E-6	4.1603E-6	3.7639E-6	3.6585E-6	2.8814E-6
1.5187E+1	-1.4255E-5	-1.6572E-5	-1.9027E-5	-2.2351E-5	-2.8263E-5	-3.1273E-5	-3.2678E-5	-3.0089E-5	-2.6301E-5	-1.7957E-5	-7.8035E-6	4.2463E-6	1.5887E-5	3.7013E-5	4.0414E-5	2.5973E-5	1.8610E-5	1.2833E-5	1.1770E-5	1.0015E-5	9.2751E-6	8.1961E-6	7.3836E-6	6.4036E-6	5.4476E-6	4.1733E-6	4.3162E-6	3.6998E-6	4.5626E-6	4.8669E-6	6.9191E-6	8.1442E-6	9.5412E-6	1.0191E-5	1.1456E-5	1.1166E-5	1.0977E-5	1.1873E-5	1.0332E-5	1.0936E-5	9.6165E-6	9.4008E-6	8.1917E-6	8.4979E-6	7.7038E-6	6.8404E-6	6.2268E-6	5.5133E-6	5.4553E-6	4.1578E-6	4.3861E-6	4.3571E-6	3.6893E-6	3.4612E-6	3.8646E-6	3.0614E-6
1.5225E+1	-1.3250E-5	-1.5299E-5	-1.6892E-5	-2.0911E-5	-2.6199E-5	-2.9148E-5	-3.0764E-5	-2.7640E-5	-2.2369E-5	-1.6150E-5	-6.8810E-6	1.0189E-6	7.7770E-6	2.0851E-5	3.6806E-5	3.2986E-5	2.0788E-5	1.5333E-5	1.1386E-5	1.0704E-5	8.6883E-6	8.0983E-6	7.2786E-6	6.0112E-6	5.4685E-6	3.6298E-6	3.6483E-6	3.7788E-6	3.9516E-6	4.7536E-6	6.7584E-6	7.5851E-6	8.7997E-6	1.0062E-5	1.0624E-5	1.0939E-5	1.0411E-5	1.0615E-5	1.0238E-5	1.0377E-5	9.7557E-6	8.2307E-6	7.4299E-6	7.5720E-6	7.3374E-6	6.5942E-6	5.9532E-6	5.1292E-6	4.8678E-6	4.3657E-6	3.9510E-6	3.4781E-6	3.7462E-6	3.4137E-6	3.1245E-6	2.2754E-6
1.5263E+1	-1.2771E-5	-1.4025E-5	-1.5968E-5	-1.9259E-5	-2.4105E-5	-2.7020E-5	-2.9064E-5	-2.6781E-5	-2.1027E-5	-1.4400E-5	-6.7248E-6	-1.2123E-7	4.9272E-6	1.1635E-5	2.3976E-5	3.4343E-5	2.5622E-5	1.8237E-5	1.3018E-5	1.0238E-5	9.2636E-6	6.4838E-6	7.8859E-6	5.6223E-6	5.4812E-6	3.2464E-6	2.8654E-6	3.0499E-6	4.2020E-6	4.6215E-6	6.1753E-6	7.4784E-6	8.4001E-6	8.7058E-6	1.0360E-5	1.0345E-5	1.0663E-5	1.0192E-5	9.5834E-6	9.5590E-6	9.4594E-6	8.6419E-6	6.9325E-6	6.9207E-6	6.2608E-6	6.8180E-6	6.2307E-6	5.9133E-6	4.5784E-6	4.2402E-6	4.3012E-6	4.0839E-6	3.1034E-6	3.6184E-6	2.9800E-6	3.0129E-6
1.5301E+1	-1.1971E-5	-1.3092E-5	-1.4800E-5	-1.8372E-5	-2.1994E-5	-2.5102E-5	-2.6435E-5	-2.4832E-5	-2.0006E-5	-1.3363E-5	-6.5136E-6	-1.0735E-6	2.4354E-6	8.3713E-6	1.4326E-5	2.6110E-5	2.9421E-5	2.1148E-5	1.6165E-5	1.1339E-5	9.7845E-6	7.0726E-6	6.3449E-6	5.6827E-6	5.2093E-6	3.5312E-6	2.5522E-6	2.4397E-6	2.8360E-6	4.8435E-6	5.6213E-6	6.5728E-6	8.6463E-6	8.2021E-6	8.7835E-6	9.6446E-6	9.8146E-6	9.6275E-6	9.7186E-6	8.5915E-6	8.6370E-6	7.9738E-6	7.4203E-6	6.6590E-6	5.2409E-6	5.5753E-6	5.7015E-6	5.3702E-6	4.8514E-6	4.2281E-6	3.7702E-6	3.7788E-6	3.6091E-6	3.6531E-6	2.7206E-6	2.5158E-6
1.5338E+1	-1.0429E-5	-1.1984E-5	-1.4165E-5	-1.7483E-5	-2.0779E-5	-2.3583E-5	-2.5489E-5	-2.2955E-5	-1.9192E-5	-1.2363E-5	-6.1612E-6	-1.4118E-6	1.5153E-6	4.8907E-6	1.0412E-5	1.6237E-5	2.6278E-5	2.5047E-5	1.7936E-5	1.4025E-5	1.0182E-5	8.6441E-6	7.3580E-6	5.2487E-6	5.1630E-6	3.5901E-6	3.4708E-6	3.0833E-6	2.7261E-6	3.7139E-6	6.0620E-6	6.2097E-6	8.4500E-6	8.6367E-6	9.0311E-6	9.0103E-6	1.0239E-5	8.6565E-6	9.1789E-6	8.6032E-6	7.8551E-6	7.5846E-6	7.3598E-6	6.9162E-6	5.8742E-6	5.7790E-6	5.5622E-6	5.2619E-6	3.7530E-6	3.7791E-6	4.2478E-6	3.4599E-6	2.5754E-6	3.1340E-6	3.0938E-6	2.4443E-6
1.5376E+1	-9.9821E-6	-1.1105E-5	-1.2937E-5	-1.5841E-5	-1.9148E-5	-2.1664E-5	-2.3629E-5	-2.2024E-5	-1.8212E-5	-1.2927E-5	-5.9449E-6	-1.9605E-6	8.2103E-7	2.6296E-6	6.7921E-6	1.1340E-5	1.8070E-5	2.5642E-5	2.1403E-5	1.5744E-5	1.1201E-5	8.7908E-6	7.9107E-6	6.0823E-6	4.9531E-6	3.8982E-6	3.2329E-6	3.5247E-6	2.9729E-6	3.7329E-6	5.2686E-6	6.5422E-6	7.8434E-6	8.3047E-6	8.6765E-6	9.0895E-6	9.0627E-6	9.4308E-6	8.5203E-6	8.7248E-6	7.7159E-6	6.8683E-6	7.2287E-6	6.3656E-6	5.0044E-6	5.6359E-6	5.2733E-6	5.1807E-6	4.6988E-6	3.4644E-6	3.4491E-6	3.7201E-6	2.9817E-6	2.5125E-6	2.5662E-6	2.8369E-6
1.5414E+1	-9.6339E-6	-1.1274E-5	-1.3677E-5	-1.5302E-5	-1.8055E-5	-2.0445E-5	-2.1763E-5	-2.0307E-5	-1.7425E-5	-1.2328E-5	-7.1622E-6	-2.1758E-6	-6.8753E-8	1.7852E-6	3.7698E-6	8.2756E-6	1.1935E-5	2.0052E-5	2.4086E-5	1.8811E-5	1.3115E-5	9.8636E-6	8.3228E-6	6.3250E-6	5.2598E-6	4.5936E-6	3.7533E-6	3.2928E-6	3.6528E-6	3.4225E-6	5.6140E-6	6.7652E-6	8.2531E-6	8.3679E-6	8.7909E-6	8.9922E-6	9.3480E-6	8.3384E-6	9.1103E-6	8.5795E-6	8.3924E-6	7.4619E-6	7.7211E-6	7.0866E-6	5.4706E-6	4.6256E-6	4.8114E-6	4.0647E-6	3.9113E-6	4.1742E-6	3.6674E-6	2.8429E-6	2.5089E-6	2.8097E-6	2.4272E-6	2.4752E-6
1.5452E+1	-8.9340E-6	-9.8488E-6	-1.2737E-5	-1.5325E-5	-1.7420E-5	-1.9167E-5	-2.0432E-5	-1.9452E-5	-1.6879E-5	-1.2104E-5	-7.0289E-6	-3.9962E-6	-1.4581E-6	-2.8571E-7	1.9935E-6	5.4087E-6	8.9084E-6	1.2942E-5	2.1272E-5	2.1388E-5	1.4838E-5	1.1301E-5	8.5736E-6	6.6899E-6	5.0550E-6	4.5966E-6	3.9989E-6	2.6064E-6	3.8007E-6	3.4746E-6	4.3318E-6	6.4947E-6	7.3110E-6	8.2760E-6	8.7739E-6	8.3775E-6	8.3038E-6	8.7897E-6	7.8144E-6	8.5539E-6	7.5142E-6	7.4984E-6	7.3675E-6	7.3124E-6	6.0402E-6	5.6865E-6	4.5010E-6	4.4509E-6	3.8533E-6	3.5219E-6	3.8396E-6	3.5265E-6	2.4829E-6	2.6593E-6	2.7166E-6	2.2507E-6
1.5490E+1	-9.3131E-6	-1.0337E-5	-1.1675E-5	-1.4575E-5	-1.7072E-5	-1.7938E-5	-1.7556E-5	-1.7793E-5	-1.5610E-5	-1.1967E-5	-6.4607E-6	-3.9021E-6	-2.0788E-6	-1.4430E-6	-4.4826E-7	2.9591E-6	5.8674E-6	9.1501E-6	1.3778E-5	2.1322E-5	1.7301E-5	1.2590E-5	9.7540E-6	6.7400E-6	5.4733E-6	4.1751E-6	4.3031E-6	2.9472E-6	3.2386E-6	4.1471E-6	4.2926E-6	6.0785E-6	6.6434E-6	7.6717E-6	8.7549E-6	8.8601E-6	8.1270E-6	8.0924E-6	8.0220E-6	7.9146E-6	7.3703E-6	6.9277E-6	7.1456E-6	6.2713E-6	5.4355E-6	4.9794E-6	4.9722E-6	3.5655E-6	3.9565E-6	3.4102E-6	3.4588E-6	3.0753E-6	2.6821E-6	2.6553E-6	2.3758E-6	1.9583E-6
1.5528E+1	-8.5385E-6	-9.8323E-6	-1.1581E-5	-1.4072E-5	-1.7078E-5	-1.8777E-5	-1.7036E-5	-1.6258E-5	-1.4316E-5	-1.1214E-5	-7.1942E-6	-4.0954E-6	-2.8157E-6	-1.5648E-6	-8.6950E-7	1.5390E-6	3.6571E-6	6.5402E-6	9.0937E-6	1.4226E-5	1.9159E-5	1.3509E-5	1.0606E-5	7.3315E-6	5.6599E-6	3.5095E-6	3.0863E-6	3.0299E-6	3.1005E-6	3.2622E-6	4.4905E-6	5.0491E-6	6.0904E-6	6.6124E-6	8.0932E-6	7.8364E-6	7.9754E-6	8.5310E-6	7.1506E-6	8.0236E-6	7.4728E-6	6.6714E-6	7.0435E-6	6.6931E-6	5.6502E-6	5.2158E-6	4.8119E-6	4.5724E-6	3.6300E-6	3.8138E-6	3.7026E-6	3.2394E-6	2.8797E-6	2.7215E-6	2.4523E-6	1.5257E-6
1.5566E+1	-7.8555E-6	-8.8102E-6	-1.0294E-5	-1.3113E-5	-1.5264E-5	-1.8022E-5	-1.6910E-5	-1.5135E-5	-1.2764E-5	-1.0121E-5	-6.8606E-6	-5.0381E-6	-2.8313E-6	-3.3838E-6	-1.1779E-6	-1.6074E-7	2.0014E-6	3.9059E-6	7.2952E-6	9.3053E-6	1.5020E-5	1.6206E-5	1.1259E-5	8.2297E-6	5.9667E-6	4.3410E-6	2.9125E-6	2.5625E-6	3.2953E-6	3.1881E-6	3.9866E-6	5.4907E-6	5.1010E-6	6.2188E-6	6.4252E-6	8.1297E-6	6.4774E-6	7.5122E-6	6.9106E-6	6.8220E-6	6.7088E-6	6.7753E-6	5.7975E-6	5.9850E-6	5.3037E-6	4.7268E-6	4.4294E-6	3.9684E-6	3.6681E-6	3.4804E-6	4.3252E-6	2.6571E-6	3.4347E-6	2.9140E-6	2.2171E-6	2.4406E-6
1.5604E+1	-7.6709E-6	-7.9485E-6	-9.8895E-6	-1.2485E-5	-1.5187E-5	-1.7587E-5	-1.7455E-5	-1.4495E-5	-1.1450E-5	-8.6507E-6	-5.7555E-6	-4.8822E-6	-2.9863E-6	-2.5545E-6	-1.8730E-6	3.0590E-8	-2.7810E-7	1.6203E-6	4.0067E-6	6.6930E-6	9.2426E-6	1.4480E-5	1.3456E-5	8.6796E-6	6.4316E-6	4.0703E-6	3.6617E-6	2.7362E-6	2.9353E-6	3.8180E-6	3.4977E-6	5.2803E-6	5.6980E-6	5.7172E-6	6.2265E-6	6.4586E-6	7.5998E-6	6.5103E-6	6.8115E-6	6.8783E-6	6.0859E-6	6.4335E-6	6.3711E-6	5.6457E-6	5.9838E-6	4.4667E-6	4.6935E-6	3.8467E-6	3.3448E-6	2.7383E-6	4.0136E-6	2.5609E-6	2.6524E-6	3.0211E-6	2.3632E-6	1.8497E-6
1.5641E+1	-6.8630E-6	-7.0507E-6	-9.0091E-6	-1.0919E-5	-1.3691E-5	-1.6874E-5	-1.7725E-5	-1.5365E-5	-1.1334E-5	-8.3840E-6	-5.3124E-6	-4.3146E-6	-3.7056E-6	-2.5808E-6	-1.7131E-6	-6.6994E-7	2.1109E-7	2.8060E-7	2.5300E-6	4.4966E-6	5.5635E-6	9.1810E-6	1.4054E-5	9.1321E-6	7.0002E-6	4.5094E-6	3.5015E-6	3.2288E-6	2.4713E-6	3.0944E-6	3.9089E-6	4.5694E-6	5.6035E-6	4.9841E-6	6.0798E-6	6.3307E-6	6.4874E-6	6.0090E-6	6.5827E-6	6.1435E-6	5.8680E-6	5.8676E-6	5.4445E-6	5.3822E-6	5.0721E-6	4.1008E-6	4.5738E-6	4.3446E-6	3.5259E-6	3.1712E-6	3.3779E-6	2.6304E-6	2.6752E-6	2.0618E-6	2.4466E-6	2.0428E-6
1.5679E+1	-6.2126E-6	-6.2333E-6	-8.4865E-6	-1.0379E-5	-1.2578E-5	-1.5515E-5	-1.6149E-5	-1.5134E-5	-1.1489E-5	-7.1096E-6	-4.9221E-6	-3.7454E-6	-3.3774E-6	-2.8601E-6	-1.7298E-6	-1.3089E-6	-6.7129E-7	3.2591E-8	1.1775E-6	3.7642E-6	4.7149E-6	5.4066E-6	1.0688E-5	1.0769E-5	6.5721E-6	4.8467E-6	3.0948E-6	3.2765E-6	2.7040E-6	2.4683E-6	3.3427E-6	4.5770E-6	5.3725E-6	4.7952E-6	5.0808E-6	5.4512E-6	6.9456E-6	5.6791E-6	6.5219E-6	5.9138E-6	5.5971E-6	6.0528E-6	5.3012E-6	5.4776E-6	4.5810E-6	3.2407E-6	3.6556E-6	4.0999E-6	3.2060E-6	3.2228E-6	3.0730E-6	2.3283E-6	2.1370E-6	2.2519E-6	1.5089E-6	1.5973E-6
1.5717E+1	-5.9540E-6	-6.3246E-6	-7.5521E-6	-9.2828E-6	-1.1751E-5	-1.4872E-5	-1.5534E-5	-1.4581E-5	-1.2381E-5	-7.3900E-6	-3.5353E-6	-3.0656E-6	-3.1271E-6	-2.4065E-6	-2.4269E-6	-1.6799E-6	-7.6807E-7	-3.9516E-7	-1.0991E-7	1.9346E-6	3.3504E-6	5.2409E-6	6.7597E-6	9.8824E-6	9.1591E-6	5.2734E-6	3.4569E-6	2.6310E-6	2.5018E-6	2.1324E-6	2.9689E-6	3.9898E-6	4.8789E-6	5.3280E-6	4.7985E-6	4.8651E-6	4.9938E-6	5.3629E-6	5.9997E-6	5.2313E-6	5.0844E-6	5.4665E-6	4.5831E-6	5.4251E-6	4.3291E-6	3.4050E-6	3.3193E-6	3.5808E-6	2.8545E-6	3.7098E-6	3.0996E-6	3.0985E-6	1.9669E-6	2.0509E-6	2.0320E-6	1.2981E-6
1.5755E+1	-5.0069E-6	-6.1752E-6	-7.1094E-6	-8.7310E-6	-1.0128E-5	-1.3604E-5	-1.4240E-5	-1.4170E-5	-1.1911E-5	-8.4865E-6	-4.3846E-6	-1.9189E-6	-2.5147E-6	-1.8398E-6	-2.2288E-6	-2.5308E-6	-1.3275E-6	-2.7246E-7	-4.5190E-7	1.1981E-6	1.4291E-6	3.1602E-6	4.7526E-6	5.6123E-6	8.6667E-6	6.5843E-6	3.8186E-6	3.4928E-6	2.5833E-6	2.5513E-6	2.6179E-6	3.9106E-6	3.5525E-6	5.4223E-6	5.1501E-6	4.7673E-6	5.4432E-6	4.4997E-6	5.3214E-6	4.8496E-6	4.6835E-6	4.7784E-6	4.2702E-6	4.0220E-6	4.3107E-6	3.3493E-6	3.2196E-6	3.0839E-6	1.9805E-6	2.5287E-6	2.7333E-6	2.3339E-6	2.4073E-6	2.0567E-6	1.6573E-6	1.5974E-6
1.5793E+1	-4.8764E-6	-5.5368E-6	-5.9704E-6	-7.7770E-6	-9.0230E-6	-1.1678E-5	-1.2988E-5	-1.2931E-5	-1.1249E-5	-7.5311E-6	-4.7048E-6	-2.3583E-6	-1.6996E-6	-1.0223E-6	-1.5225E-6	-1.9558E-6	-1.4446E-6	-5.2628E-7	-1.5517E-7	8.7650E-7	1.6878E-6	2.1836E-6	3.8425E-6	4.0837E-6	5.8652E-6	6.8554E-6	3.7180E-6	3.3214E-6	2.8588E-6	2.9768E-6	2.7042E-6	3.9809E-6	3.4045E-6	3.9779E-6	4.8026E-6	4.2636E-6	4.3521E-6	4.6171E-6	4.5210E-6	4.6587E-6	4.4109E-6	4.0206E-6	4.4597E-6	3.2632E-6	3.4235E-6	3.6191E-6	3.0228E-6	2.8431E-6	2.7184E-6	2.6428E-6	2.4430E-6	1.8636E-6	1.6094E-6	2.4538E-6	9.3503E-7	1.6745E-6
1.5831E+1	-4.4746E-6	-5.0116E-6	-5.7052E-6	-6.8867E-6	-8.5487E-6	-1.0411E-5	-1.1428E-5	-1.2043E-5	-1.0964E-5	-7.6981E-6	-4.4391E-6	-2.0910E-6	-1.5200E-6	-4.7682E-7	-9.5235E-7	-1.2708E-6	-1.4308E-6	-6.2015E-7	1.8433E-7	8.1927E-7	1.3311E-6	1.3311E-6	2.6347E-6	3.7385E-6	4.0745E-6	6.0557E-6	5.5418E-6	4.0450E-6	3.2659E-6	3.5520E-6	3.1789E-6	4.0686E-6	4.3053E-6	4.3817E-6	4.7233E-6	4.2254E-6	4.4940E-6	3.6729E-6	4.1151E-6	4.1644E-6	4.5274E-6	3.5319E-6	4.2815E-6	3.3371E-6	3.3022E-6	3.1760E-6	2.7944E-6	2.0810E-6	1.7559E-6	2.5058E-6	2.7988E-6	1.9273E-6	1.6582E-6	2.4553E-6	1.4400E-6	1.5937E-6
1.5869E+1	-4.9159E-6	-3.9219E-6	-4.7681E-6	-5.6817E-6	-7.5450E-6	-9.5312E-6	-1.0090E-5	-1.0449E-5	-1.0062E-5	-7.3065E-6	-4.5770E-6	-2.6512E-6	-1.4364E-6	-3.1683E-7	-3.9152E-7	-4.2494E-7	-1.2518E-6	-1.0368E-6	1.0725E-7	-8.6251E-8	1.1465E-6	1.1200E-6	1.8177E-6	2.6558E-6	3.3493E-6	3.3994E-6	5.0553E-6	4.9723E-6	3.7367E-6	3.1129E-6	3.3953E-6	3.4851E-6	4.1402E-6	4.2286E-6	4.9057E-6	4.4816E-6	4.2274E-6	3.9940E-6	4.1411E-6	4.2073E-6	3.6815E-6	4.5423E-6	3.4584E-6	3.5445E-6	3.1500E-6	3.2231E-6	2.1243E-6	2.6377E-6	1.7392E-6	1.6488E-6	2.0219E-6	2.1032E-6	1.7520E-6	1.4695E-6	1.2008E-6	1.4950E-6
1.5906E+1	-4.2360E-6	-4.2338E-6	-4.3341E-6	-4.7358E-6	-6.2735E-6	-8.0077E-6	-8.7479E-6	-9.0284E-6	-9.3900E-6	-6.6704E-6	-3.2059E-6	-1.5851E-6	-9.7207E-7	-4.9510E-7	-3.4325E-7	7.8328E-7	-1.2459E-7	-6.0698E-7	6.9098E-7	1.4389E-7	5.4994E-8	9.0968E-7	1.2938E-6	2.1376E-6	2.6899E-6	3.2345E-6	3.8439E-6	4.8899E-6	4.3138E-6	3.6539E-6	3.6472E-6	3.7286E-6	3.3814E-6	4.2624E-6	3.8664E-6	4.5940E-6	4.2402E-6	3.4197E-6	3.5377E-6	4.5321E-6	2.6248E-6	3.8545E-6	3.9609E-6	3.2389E-6	3.5085E-6	3.2688E-6	2.1919E-6	1.7558E-6	1.8575E-6	1.3912E-6	1.8543E-6	1.1419E-6	2.6205E-6	7.7101E-7	1.3823E-6	8.8042E-7
1.5944E+1	-3.5046E-6	-3.8778E-6	-4.7686E-6	-4.7042E-6	-5.4160E-6	-6.2025E-6	-7.6930E-6	-7.2702E-6	-7.6915E-6	-7.1246E-6	-3.6684E-6	-1.3638E-6	-9.5523E-9	5.7854E-7	-1.3216E-7	7.1584E-7	4.6529E-7	2.8616E-7	3.5285E-7	9.3306E-7	1.3664E-7	1.5937E-6	1.2856E-6	2.0256E-6	2.3148E-6	2.3907E-6	3.5884E-6	4.0868E-6	4.4968E-6	3.6846E-6	4.3541E-6	4.1291E-6	4.1804E-6	4.3968E-6	4.2524E-6	3.8924E-6	4.4891E-6	4.2363E-6	3.6288E-6	4.0175E-6	3.3306E-6	2.7282E-6	2.8336E-6	2.7837E-6	2.7795E-6	2.8221E-6	2.9288E-6	2.2715E-6	1.8149E-6	8.3639E-7	1.9391E-6	1.3866E-6	1.9851E-6	1.1271E-6	1.0163E-6	1.6063E-6
1.5982E+1	-2.9307E-6	-3.8485E-6	-4.5827E-6	-5.7028E-6	-5.8464E-6	-4.4164E-6	-6.3008E-6	-6.8678E-6	-6.0880E-6	-5.3365E-6	-3.7907E-6	-1.4895E-6	-5.0553E-7	-1.9137E-8	6.7332E-7	1.7872E-6	5.0638E-7	3.3160E-7	8.9153E-7	9.3880E-7	-5.4921E-8	6.9113E-7	1.4572E-6	1.6180E-6	2.2270E-6	2.3315E-6	3.3380E-6	3.3046E-6	4.8234E-6	4.7275E-6	4.7585E-6	4.1093E-6	4.0519E-6	4.9958E-6	4.7113E-6	4.3343E-6	3.9234E-6	4.0849E-6	3.6376E-6	4.1634E-6	3.3512E-6	3.2838E-6	3.4489E-6	2.5620E-6	2.5623E-6	2.1860E-6	2.1353E-6	2.1581E-6	1.8254E-6	9.8973E-7	6.2689E-7	1.6128E-6	6.8295E-7	1.0921E-6	6.7103E-7	9.8054E-7
1.6020E+1	-2.8166E-6	-3.1221E-6	-4.2886E-6	-5.3657E-6	-6.7761E-6	-4.5185E-6	-4.4830E-6	-5.6683E-6	-5.3074E-6	-5.3352E-6	-3.2974E-6	-1.8218E-6	6.6983E-7	1.1997E-7	2.6148E-7	1.1039E-6	2.1834E-6	1.6499E-7	9.5103E-7	1.3560E-6	1.0331E-6	8.9207E-7	5.7950E-7	1.3912E-6	1.3912E-6	1.2555E-6	2.7555E-6	2.9117E-6	3.9075E-6	5.4037E-6	5.7233E-6	5.3330E-6	4.6670E-6	4.7504E-6	5.1444E-6	4.8286E-6	4.5831E-6	4.4021E-6	3.2744E-6	3.4942E-6	3.6911E-6	2.3773E-6	3.1054E-6	3.0847E-6	2.6644E-6	2.3603E-6	2.4184E-6	2.1630E-6	1.6773E-6	1.9116E-6	1.2603E-6	1.6099E-6	5.7905E-7	2.5259E-7	8.9548E-7	-3.2174E-8
1.6058E+1	-3.3910E-6	-3.4919E-6	-4.0331E-6	-5.5227E-6	-5.9915E-6	-5.3627E-6	-3.8215E-6	-4.5903E-6	-4.1047E-6	-3.9630E-6	-3.5935E-6	-2.5017E-6	-4.6593E-7	4.2572E-7	1.5126E-6	7.2717E-7	1.5700E-6	1.8353E-6	1.4627E-6	1.6318E-6	7.2445E-7	1.4561E-6	7.0608E-7	8.9965E-7	9.4922E-7	1.3721E-6	1.4292E-6	2.6089E-6	3.3756E-6	4.6754E-6	5.5785E-6	5.5093E-6	5.5273E-6	5.0356E-6	5.2385E-6	4.7958E-6	4.9790E-6	4.5425E-6	4.4394E-6	3.9896E-6	3.6466E-6	2.9861E-6	3.3624E-6	2.3819E-6	3.1294E-6	2.1401E-6	1.8663E-6	2.2368E-6	1.6718E-6	1.2845E-6	2.1509E-6	1.6421E-6	1.3526E-6	6.3145E-7	1.3375E-6	2.1315E-7
1.6096E+1	-3.6440E-6	-4.3271E-6	-4.3927E-6	-6.2612E-6	-6.8547E-6	-6.3220E-6	-4.2650E-6	-3.4347E-6	-3.6319E-6	-3.7000E-6	-2.0660E-6	-2.3702E-6	-4.9373E-7	-7.1918E-7	9.6210E-7	6.1942E-7	1.0448E-6	1.5422E-6	2.7210E-6	2.2246E-6	1.9934E-6	1.1521E-6	9.8799E-7	1.2014E-6	3.0102E-7	6.7249E-7	1.8594E-6	1.8891E-6	3.5375E-6	3.5264E-6	5.5663E-6	5.6633E-6	5.9354E-6	4.9762E-6	4.9185E-6	4.5318E-6	4.7365E-6	4.0071E-6	3.7413E-6	4.3089E-6	4.0487E-6	2.7202E-6	3.2929E-6	2.8018E-6	2.4668E-6	2.5666E-6	1.9208E-6	2.0369E-6	2.4057E-6	1.2870E-6	2.0810E-6	1.3513E-6	1.3284E-6	9.7208E-7	1.3422E-6	7.0041E-7
1.6134E+1	-2.6542E-6	-4.4717E-6	-4.2869E-6	-5.7517E-6	-6.5940E-6	-7.8191E-6	-5.4862E-6	-3.9776E-6	-2.0322E-6	-3.3774E-6	-2.1433E-6	-1.9227E-6	-7.7705E-7	-1.8973E-7	5.9569E-7	4.9495E-7	6.6533E-7	1.0612E-6	1.9461E-6	2.1003E-6	1.9371E-6	2.0712E-6	5.9954E-7	1.2429E-6	5.8146E-7	5.1220E-7	1.3600E-6	1.8032E-6	2.8847E-6	3.6323E-6	4.4733E-6	6.1200E-6	5.4957E-6	6.6047E-6	5.0211E-6	4.8643E-6	5.0649E-6	4.5679E-6	4.4198E-6	4.0143E-6	3.7014E-6	3.3675E-6	3.3476E-6	2.6856E-6	2.5146E-6	1.7072E-6	1.6950E-6	1.9588E-6	2.3911E-6	1.6264E-6	2.4217E-6	1.4289E-6	1.1965E-6	1.4052E-6	1.0195E-6	7.0953E-7
1.6171E+1	-3.2473E-6	-3.6501E-6	-5.1836E-6	-5.7824E-6	-6.8738E-6	-7.5798E-6	-6.9241E-6	-4.8461E-6	-2.1786E-6	-1.4415E-6	-2.0368E-6	-1.1859E-6	-1.5189E-6	-3.2213E-7	-2.8433E-8	5.6916E-7	1.0375E-6	1.8319E-6	1.5430E-6	1.4511E-6	1.4449E-6	1.7192E-6	1.1634E-6	1.1834E-6	1.4217E-7	3.1610E-7	1.1533E-6	1.5185E-6	1.7280E-6	2.7885E-6	4.0060E-6	5.6585E-6	5.4021E-6	5.3087E-6	5.7123E-6	4.5919E-6	4.6515E-6	4.3321E-6	4.4592E-6	4.7141E-6	3.9329E-6	2.8825E-6	3.5472E-6	3.3719E-6	2.2938E-6	2.3255E-6	1.9105E-6	2.1431E-6	2.0777E-6	1.7490E-6	1.8060E-6	1.9856E-6	1.2550E-6	1.5542E-6	1.4951E-6	8.2740E-7
1.6209E+1	-3.5629E-6	-3.4547E-6	-4.1916E-6	-5.5145E-6	-6.3108E-6	-7.4826E-6	-7.4000E-6	-6.2988E-6	-3.4397E-6	-9.2328E-7	-1.4145E-6	-1.3220E-6	-1.1413E-6	-8.9706E-7	1.7628E-7	-1.9185E-7	7.6387E-7	1.2055E-6	2.3940E-6	1.5901E-6	1.2988E-6	1.3324E-6	9.0765E-7	1.4941E-6	7.7838E-7	5.7612E-7	8.4887E-7	9.4607E-7	1.7963E-6	2.0891E-6	3.3205E-6	4.0380E-6	5.7522E-6	6.3020E-6	5.2976E-6	5.7225E-6	4.7659E-6	4.9306E-6	4.4953E-6	3.9580E-6	4.2474E-6	2.7171E-6	3.1331E-6	3.2477E-6	2.2804E-6	1.8299E-6	2.5702E-6	2.9524E-6	2.0764E-6	1.9804E-6	1.4943E-6	1.5222E-6	1.8134E-6	1.2395E-6	1.3147E-6	1.0736E-6
1.6247E+1	-3.7976E-6	-3.9204E-6	-4.1899E-6	-5.5240E-6	-6.2114E-6	-6.2238E-6	-7.0791E-6	-6.2456E-6	-4.5903E-6	-1.8477E-6	-5.3419E-7	-1.1960E-6	-1.0819E-6	-1.3704E-6	1.0791E-7	4.4541E-7	6.3386E-7	6.1472E-7	8.8151E-7	1.5700E-6	7.5511E-7	1.2826E-6	6.9233E-7	5.8825E-7	2.3805E-7	6.5424E-7	1.4615E-6	4.8376E-7	1.2862E-6	1.9379E-6	3.2700E-6	3.3658E-6	3.5508E-6	5.3640E-6	5.4488E-6	5.0976E-6	4.5062E-6	4.9229E-6	5.1718E-6	4.7709E-6	4.4411E-6	3.2950E-6	2.9200E-6	3.4642E-6	2.1481E-6	2.0596E-6	1.9999E-6	3.0852E-6	2.2334E-6	2.1522E-6	1.5788E-6	1.2394E-6	1.8606E-6	1.7462E-6	1.3837E-6	1.1061E-6
1.6285E+1	-3.7355E-6	-3.5690E-6	-4.1334E-6	-4.8064E-6	-5.9086E-6	-6.3063E-6	-6.4686E-6	-6.2916E-6	-4.9870E-6	-3.4574E-6	-1.1575E-6	-9.3897E-7	-6.4784E-7	-8.3003E-7	-8.4864E-7	7.0679E-7	7.9517E-7	1.2050E-6	1.4706E-6	1.6983E-6	5.6882E-7	8.1997E-7	6.7134E-7	4.2856E-7	-3.7162E-7	-4.3232E-7	4.2442E-7	5.1622E-7	1.0896E-6	1.6445E-6	2.2772E-6	3.4841E-6	4.5021E-6	4.5651E-6	5.0587E-6	5.6104E-6	4.0183E-6	4.5660E-6	3.7710E-6	4.2946E-6	4.2714E-6	3.4497E-6	3.2735E-6	3.1042E-6	2.4575E-6	2.4417E-6	2.3082E-6	1.9831E-6	2.3318E-6	1.7301E-6	1.6906E-6	1.0220E-6	1.2552E-6	1.6417E-6	1.0562E-6	1.6062E-6
1.6323E+1	-3.4266E-6	-3.5171E-6	-4.2701E-6	-5.2175E-6	-5.6489E-6	-6.0597E-6	-6.1542E-6	-5.3312E-6	-5.0993E-6	-3.6225E-6	-2.1625E-6	-8.4440E-7	-1.1345E-6	-5.4875E-8	-6.8571E-7	-1.5016E-7	1.5817E-7	4.3750E-7	7.9692E-7	1.5271E-6	1.0701E-6	1.3608E-6	5.7331E-7	4.6698E-7	-2.8951E-8	4.1072E-8	-2.8752E-7	-1.8764E-7	6.3805E-7	1.5186E-6	2.3001E-6	2.2685E-6	3.6400E-6	4.4906E-6	4.2815E-6	5.7262E-6	4.5191E-6	5.4947E-6	4.5065E-6	4.2439E-6	3.9682E-6	3.8058E-6	2.9907E-6	3.5681E-6	2.2327E-6	2.2672E-6	2.8361E-6	2.0145E-6	1.8426E-6	1.9737E-6	1.2564E-6	1.8033E-6	1.0606E-6	1.8999E-6	9.9420E-7	1.6448E-6
1.6361E+1	-2.9164E-6	-3.5954E-6	-4.3669E-6	-4.6598E-6	-6.1515E-6	-6.9453E-6	-7.0363E-6	-5.4547E-6	-5.2277E-6	-4.4168E-6	-2.2081E-6	-1.6690E-6	-5.3229E-7	-5.7142E-7	-2.6565E-7	-1.3153E-8	-3.8587E-8	6.5404E-7	9.7248E-7	5.6234E-7	-2.7041E-7	6.5909E-7	5.7638E-9	3.0037E-7	-5.8902E-7	-1.2440E-7	-6.5243E-7	-5.8938E-7	2.1847E-7	6.2156E-7	1.3629E-6	3.1684E-6	3.2243E-6	3.8961E-6	3.4543E-6	4.6741E-6	4.2468E-6	4.3549E-6	4.5572E-6	4.3412E-6	3.9344E-6	3.8911E-6	3.4321E-6	3.0296E-6	3.5465E-6	2.2719E-6	2.2582E-6	2.1427E-6	2.2123E-6	1.4497E-6	1.2839E-6	1.1548E-6	1.5164E-6	1.3465E-6	1.1448E-6	1.4490E-6
1.6399E+1	-2.5535E-6	-2.7004E-6	-4.3165E-6	-5.1988E-6	-5.4894E-6	-6.4627E-6	-7.0228E-6	-6.1034E-6	-4.7209E-6	-4.4695E-6	-2.6606E-6	-1.8112E-6	-1.7963E-6	-2.7363E-7	-1.1475E-6	1.8766E-7	-6.8094E-7	1.1466E-7	7.0639E-7	1.2959E-6	2.1383E-7	5.7777E-7	-5.8887E-7	-1.2460E-7	-3.0018E-8	8.1798E-8	-5.5808E-7	-7.3337E-7	-1.9870E-7	1.0141E-6	8.4806E-7	1.8577E-6	3.0658E-6	3.1614E-6	3.7552E-6	3.7804E-6	4.5421E-6	4.1010E-6	3.8260E-6	4.1889E-6	3.3160E-6	3.9051E-6	2.9320E-6	3.0834E-6	2.3423E-6	3.0440E-6	2.4279E-6	2.1694E-6	2.3796E-6	2.2956E-6	1.5479E-6	1.6599E-6	1.2797E-6	2.2080E-6	9.3354E-7	1.9263E-6
1.6437E+1	-1.7758E-6	-3.0278E-6	-2.2559E-6	-4.6226E-6	-6.2052E-6	-6.3469E-6	-6.8195E-6	-6.0866E-6	-5.3191E-6	-3.5044E-6	-2.6667E-6	-1.5371E-6	-1.7103E-6	-1.4471E-6	-1.0225E-6	-3.6961E-7	5.3249E-8	-3.4350E-7	1.7984E-7	-5.0850E-8	-1.2188E-7	-8.9324E-8	-1.9485E-7	-6.1445E-7	-1.0467E-6	-4.4021E-7	-8.9735E-7	-2.7965E-7	-5.8831E-7	1.2599E-7	1.6753E-6	2.2263E-6	2.5129E-6	2.6944E-6	2.8859E-6	3.9666E-6	3.7164E-6	4.1908E-6	3.3145E-6	4.0513E-6	3.3829E-6	3.3579E-6	2.8906E-6	2.7317E-6	2.7879E-6	1.9955E-6	2.1621E-6	1.9059E-6	1.7371E-6	1.6932E-6	2.0958E-6	1.5043E-6	1.5238E-6	1.3174E-6	1.6884E-6	8.2545E-7
1.6474E+1	-2.1426E-6	-3.2407E-6	-3.2359E-6	-3.5994E-6	-5.5378E-6	-5.9925E-6	-6.7944E-6	-6.2454E-6	-4.9998E-6	-3.7743E-6	-2.3117E-6	-1.7744E-6	-1.1820E-6	-1.3763E-6	-8.5172E-7	-4.0660E-7	-2.9068E-7	-3.5888E-8	1.7561E-7	6.0758E-7	2.2272E-8	9.5541E-8	-7.2795E-7	3.5746E-7	-2.6602E-7	-5.8275E-7	-1.1588E-6	-6.0413E-7	-2.3270E-8	-7.2499E-7	5.9326E-7	1.8251E-6	2.2769E-6	2.9788E-6	3.0371E-6	3.1866E-6	4.2668E-6	3.2565E-6	4.1578E-6	3.2315E-6	3.7365E-6	3.8209E-6	2.8874E-6	2.1999E-6	2.7333E-6	2.6862E-6	2.5631E-6	1.8953E-6	1.7824E-6	1.5478E-6	1.8995E-6	1.6190E-6	2.0402E-6	1.3271E-6	1.0684E-6	1.7612E-6
1.6512E+1	-2.0487E-6	-2.4483E-6	-2.5989E-6	-4.0613E-6	-5.0546E-6	-5.8129E-6	-6.4784E-6	-6.6886E-6	-5.3996E-6	-3.5965E-6	-2.8383E-6	-2.2933E-6	-1.5590E-6	-1.4983E-6	-5.6186E-7	7.3152E-9	-2.2369E-7	-3.5024E-7	-3.3676E-7	3.2141E-7	-1.3228E-7	1.8227E-7	-1.8425E-7	-9.7975E-7	-2.5812E-7	-6.9635E-7	-6.2670E-7	-6.2985E-7	1.5784E-7	-1.1023E-7	1.9654E-7	5.6605E-7	1.2455E-6	1.9271E-6	3.0254E-6	3.0132E-6	3.7806E-6	3.1257E-6	3.5402E-6	3.9662E-6	2.7904E-6	3.7858E-6	3.7613E-6	2.5414E-6	2.5266E-6	2.8764E-6	2.8279E-6	2.0412E-6	1.2342E-6	2.1995E-6	1.8299E-6	1.4157E-6	1.9347E-6	1.9129E-6	1.1489E-6	1.3246E-6
1.6550E+1	-2.3362E-6	-2.9140E-6	-2.8785E-6	-3.8636E-6	-4.6809E-6	-5.0447E-6	-6.0582E-6	-6.2820E-6	-5.3940E-6	-4.2557E-6	-2.4674E-6	-2.7894E-6	-2.0738E-6	-1.5516E-6	-9.4638E-7	-2.7394E-7	-1.9097E-7	-1.9493E-7	-5.8247E-7	6.1633E-7	2.5898E-7	1.5737E-7	6.4060E-7	5.0710E-8	-6.4181E-7	-8.3389E-7	-1.0012E-6	-4.2582E-7	-2.3268E-7	3.6992E-7	7.8542E-7	8.1590E-7	5.8109E-7	1.4672E-6	1.8795E-6	2.2529E-6	2.7596E-6	2.5732E-6	3.3480E-6	3.3979E-6	3.0433E-6	3.2494E-6	3.0878E-6	2.6491E-6	2.3869E-6	2.1175E-6	3.0783E-6	2.0252E-6	1.2128E-6	1.6508E-6	1.8999E-6	1.2544E-6	1.5206E-6	1.1661E-6	1.4147E-6	8.7373E-7
1.6588E+1	-1.3522E-6	-1.7373E-6	-2.4587E-6	-3.6017E-6	-4.6215E-6	-5.3415E-6	-5.1259E-6	-5.9457E-6	-4.7626E-6	-4.2952E-6	-2.8231E-6	-2.2350E-6	-2.2760E-6	-1.2838E-6	-8.9549E-7	-5.0607E-7	-7.7007E-7	-1.8964E-7	-7.6541E-7	-2.6633E-7	7.6689E-8	-1.5694E-7	-8.0043E-8	3.6663E-7	-8.9136E-8	-1.0772E-6	-1.2347E-6	-4.3304E-7	-6.9096E-7	5.5611E-7	4.5860E-7	1.1844E-6	1.6091E-6	1.2400E-6	2.4786E-6	2.4075E-6	2.5343E-6	2.2141E-6	2.7527E-6	3.2056E-6	2.9508E-6	3.3953E-6	3.9183E-6	2.6267E-6	3.0851E-6	2.3745E-6	2.0144E-6	1.9200E-6	1.1650E-6	2.1107E-6	1.3766E-6	1.7083E-6	1.3769E-6	9.0648E-7	1.4373E-6	1.1058E-6
1.6626E+1	-1.8693E-6	-2.4434E-6	-2.4088E-6	-3.4293E-6	-3.5522E-6	-5.0363E-6	-5.1329E-6	-4.8552E-6	-4.8209E-6	-3.6576E-6	-3.0388E-6	-2.3378E-6	-2.4267E-6	-1.2913E-6	-1.2395E-6	-3.6287E-7	-3.1319E-7	-1.6749E-7	9.5208E-8	-1.1204E-7	1.9170E-8	7.5239E-8	-4.5839E-7	-3.1293E-7	2.2293E-7	-7.2313E-7	-2.0711E-6	-1.0465E-6	-1.3237E-6	2.0146E-9	4.4846E-7	1.7654E-7	1.4177E-6	1.0567E-6	1.7006E-6	2.2659E-6	1.9133E-6	2.2475E-6	2.8896E-6	2.1753E-6	2.7245E-6	2.7502E-6	3.0212E-6	2.9227E-6	2.3005E-6	2.8264E-6	2.4389E-6	1.8847E-6	1.2646E-6	1.3624E-6	1.4501E-6	1.5765E-6	1.7918E-6	8.7482E-7	1.3115E-6	1.4065E-6
1.6664E+1	-1.6904E-6	-1.7913E-6	-2.7594E-6	-3.1903E-6	-4.6022E-6	-4.4017E-6	-5.4741E-6	-4.2536E-6	-4.5088E-6	-3.2193E-6	-2.5647E-6	-1.9569E-6	-1.8547E-6	-1.7186E-6	-1.2340E-6	-1.6400E-6	-7.3817E-7	-4.0080E-7	3.9107E-7	5.3734E-8	3.6946E-7	-2.0914E-8	-1.8644E-7	-2.5927E-7	-2.9413E-7	-3.6143E-7	-8.9568E-7	-1.1653E-6	-1.4372E-6	4.2004E-8	1.6476E-7	3.9687E-7	1.0810E-6	1.0778E-6	1.5787E-6	2.1915E-6	1.8922E-6	1.5549E-6	2.3685E-6	2.6865E-6	2.6663E-6	2.9101E-6	2.9270E-6	2.5061E-6	2.2553E-6	2.2591E-6	1.6609E-6	1.8563E-6	1.5997E-6	1.8128E-6	3.6938E-7	1.2138E-6	8.6941E-7	1.0553E-6	1.0534E-6	6.5136E-7
1.6702E+1	-1.9433E-6	-1.5646E-6	-2.2533E-6	-2.6922E-6	-3.5203E-6	-4.3590E-6	-4.7078E-6	-4.9617E-6	-4.2966E-6	-3.8735E-6	-2.5059E-6	-2.8478E-6	-1.2412E-6	-1.7494E-6	-9.3219E-7	-8.7927E-7	-9.1808E-7	-8.6957E-7	-1.2592E-7	-1.4246E-7	3.3741E-7	4.3658E-7	-3.5005E-7	-2.5435E-7	-2.1612E-7	-1.5776E-6	-9.3433E-7	-8.1572E-7	-1.2659E-6	-4.4011E-7	7.6054E-7	5.4051E-7	6.6912E-7	1.1171E-6	1.2254E-6	1.5317E-6	1.3883E-6	1.3381E-6	1.8150E-6	1.7556E-6	2.7203E-6	2.6624E-6	2.6611E-6	2.8272E-6	1.9465E-6	2.8369E-6	2.1808E-6	2.0893E-6	1.3117E-6	2.0883E-6	1.7465E-6	1.3512E-6	1.2964E-6	7.1782E-7	8.8086E-7	6.3271E-7
1.6739E+1	-1.1418E-6	-1.3709E-6	-1.4863E-6	-2.5486E-6	-3.2483E-6	-3.8912E-6	-3.2781E-6	-3.8379E-6	-3.7668E-6	-3.3931E-6	-2.5778E-6	-2.3053E-6	-1.9650E-6	-1.7551E-6	-1.6135E-6	-1.3192E-6	-9.1077E-7	-4.2832E-7	-3.4517E-7	-3.4918E-7	-3.0063E-8	-2.2579E-7	6.0627E-7	-2.0358E-7	2.5331E-7	-1.0153E-6	-6.0600E-7	-9.5005E-7	-6.9981E-7	-4.8015E-7	-3.2581E-7	9.8467E-7	6.1789E-7	1.3211E-6	1.2683E-6	1.5014E-6	1.3693E-6	6.8594E-7	9.3775E-7	1.9834E-6	1.8467E-6	2.2286E-6	1.6362E-6	2.1466E-6	1.6018E-6	1.8194E-6	1.5835E-6	1.9330E-6	1.7666E-6	1.3759E-6	9.7567E-7	1.4813E-6	1.2959E-6	1.3403E-6	7.1499E-7	2.7436E-7
1.6777E+1	-1.0925E-6	-1.3010E-6	-1.6263E-6	-2.0188E-6	-2.4505E-6	-3.9320E-6	-3.4821E-6	-3.3831E-6	-3.3699E-6	-3.1594E-6	-3.1031E-6	-2.1975E-6	-1.4145E-6	-1.6920E-6	-8.6288E-7	-8.2367E-7	-1.5658E-6	-4.6370E-7	-6.1299E-7	-5.7342E-7	2.3561E-7	-9.0971E-7	-7.0807E-8	-4.0448E-7	-3.7613E-7	-8.8202E-7	-4.2560E-7	-4.5735E-7	-2.5640E-7	-6.0133E-8	6.7972E-7	4.1556E-7	6.3478E-7	1.2752E-6	1.0734E-6	1.3697E-6	1.2013E-6	1.3598E-6	1.0292E-6	1.5031E-6	2.4972E-6	2.0276E-6	1.9431E-6	1.8566E-6	1.9323E-6	1.5838E-6	2.0064E-6	9.7749E-7	1.7447E-6	1.8114E-6	1.4567E-6	1.1438E-6	1.4349E-6	6.6852E-7	6.9578E-7	2.2378E-8
1.6815E+1	-1.2567E-6	-3.7282E-7	-1.5532E-6	-1.9176E-6	-2.2530E-6	-2.6629E-6	-2.9196E-6	-2.7096E-6	-2.6375E-6	-2.4232E-6	-2.8560E-6	-2.3712E-6	-1.9230E-6	-1.8318E-6	-1.6971E-6	-3.8934E-7	-1.4054E-6	-2.7300E-7	-5.0164E-8	-8.0349E-7	1.9625E-9	-6.5378E-7	2.6168E-7	-3.0595E-7	-7.0251E-7	-7.8165E-7	-6.4651E-7	-1.1078E-6	-7.0128E-7	-7.5699E-7	6.1052E-8	5.8352E-7	5.0507E-7	1.2482E-6	4.8322E-8	8.8557E-7	7.7881E-7	8.0425E-7	9.9622E-7	1.3756E-6	1.7716E-6	1.7895E-6	9.9174E-7	1.8686E-6	1.7993E-6	1.5651E-6	1.6169E-6	1.3558E-6	1.1782E-6	1.5193E-6	5.2075E-7	1.4415E-6	1.4053E-6	1.4144E-6	4.4184E-7	3.9159E-7
1.6853E+1	-1.5893E-6	-1.0287E-6	-6.9459E-7	-1.7250E-6	-2.0612E-6	-2.7393E-6	-2.5631E-6	-2.9496E-6	-2.1171E-6	-1.7745E-6	-1.9603E-6	-1.8389E-6	-1.3533E-6	-1.4845E-6	-1.5822E-6	-7.4573E-7	-1.3818E-6	-6.8733E-7	3.7214E-7	-1.2966E-7	-1.7512E-7	-6.2177E-7	2.1622E-7	-1.1175E-7	-2.4489E-7	3.3005E-8	-2.6974E-7	2.7959E-7	-6.2288E-7	-8.1461E-7	8.2407E-7	-3.6155E-8	4.4334E-7	1.4930E-6	4.9610E-7	5.9751E-7	3.1946E-7	8.7705E-7	1.0534E-6	8.1610E-7	1.4775E-6	1.9323E-6	7.8491E-7	1.5415E-6	1.2875E-6	1.6228E-6	1.8726E-6	1.3572E-6	1.3488E-6	1.7620E-6	7.7497E-7	5.6083E-7	8.5710E-7	6.4514E-7	4.1258E-7	1.0869E-6
1.6891E+1	-1.4833E-6	-1.4429E-6	-1.2822E-6	-7.6699E-7	-1.9134E-6	-1.9021E-6	-2.4933E-6	-2.5977E-6	-2.5985E-6	-2.1621E-6	-1.3246E-6	-1.7254E-6	-1.6678E-6	-8.3824E-7	-1.7592E-6	-1.1525E-6	-1.0780E-6	-1.3541E-6	5.3367E-8	2.2165E-8	-3.6868E-7	-5.2375E-7	1.0269E-7	-3.4761E-7	-6.4129E-7	-1.2951E-7	-7.0550E-7	-1.3036E-7	-1.1204E-7	-1.0435E-6	6.8905E-7	7.8847E-7	4.0675E-8	9.8991E-7	4.3782E-7	9.0380E-7	7.7311E-7	6.0559E-7	1.2546E-6	1.3322E-6	2.4027E-7	1.4501E-6	2.5855E-7	1.9624E-6	1.4102E-6	1.0067E-6	1.3695E-6	2.0352E-6	1.5754E-6	1.3908E-6	1.3739E-6	9.8330E-7	1.2422E-6	1.0199E-6	5.7152E-7	5.2145E-7
1.6929E+1	-1.3181E-6	-1.2731E-6	-1.3867E-6	-1.1620E-6	-1.3897E-6	-1.6956E-6	-1.6825E-6	-2.5456E-6	-1.6001E-6	-2.2848E-6	-1.6134E-6	-9.8975E-7	-1.9068E-6	-1.0620E-6	-6.4077E-7	-1.4075E-6	-7.4643E-7	-1.2608E-6	-5.9173E-7	6.9919E-8	-6.4903E-7	-1.8171E-7	-2.2704E-7	-4.8736E-7	-2.8778E-7	-6.7308E-8	-5.1831E-7	2.4420E-8	-1.0131E-6	-6.0066E-7	3.4385E-7	8.2021E-7	4.0264E-7	7.4569E-7	9.7862E-7	4.6713E-7	7.0724E-7	8.2112E-7	5.6142E-7	1.1816E-6	1.1453E-6	9.3352E-7	-1.9323E-8	8.5066E-7	1.1818E-6	1.1094E-6	9.0811E-7	1.3088E-6	2.1082E-6	8.0391E-7	1.3560E-6	8.1124E-7	8.4233E-7	9.7474E-7	9.8320E-7	1.3107E-6
1.6967E+1	-1.3408E-6	-1.0578E-6	-1.9046E-6	-1.5927E-6	-1.7494E-6	-1.7832E-6	-1.8981E-6	-1.9657E-6	-1.9515E-6	-1.7508E-6	-1.7479E-6	-1.2298E-6	-1.4325E-6	-1.5095E-6	-1.0270E-6	-1.1630E-6	-6.6161E-7	-1.1930E-6	-9.2274E-7	-2.8118E-7	-5.9237E-7	-4.3468E-7	-7.0037E-9	-8.2776E-7	-9.9949E-7	-1.1205E-6	-5.1197E-7	-3.3277E-8	-9.3125E-7	-8.3158E-7	-3.1446E-9	2.8518E-7	5.2457E-7	1.2005E-7	1.3710E-6	6.8085E-7	8.7626E-7	9.0142E-7	1.1900E-6	1.0093E-7	7.3469E-7	1.3460E-6	1.6671E-7	1.4138E-6	8.0772E-7	2.8178E-7	9.8195E-7	1.1245E-6	1.6097E-6	1.2620E-6	7.5696E-7	9.3165E-7	7.3045E-7	1.1155E-6	8.2841E-7	6.4090E-7
1.7005E+1	-3.8737E-7	3.5252E-7	-8.7245E-8	-1.5692E-6	-1.3561E-6	-1.9371E-6	-1.5936E-6	-1.7915E-6	-1.0313E-6	-1.6925E-6	-1.6991E-6	-1.2601E-6	-1.1910E-6	-1.3245E-6	-4.5607E-7	-7.6514E-7	-4.4021E-7	-9.2192E-7	-5.8375E-7	-1.0445E-6	-2.5207E-7	-2.8215E-7	-3.4374E-8	7.0670E-8	-7.9969E-8	-1.0224E-6	-6.9247E-7	-4.6579E-7	-1.0236E-6	-6.6155E-7	-8.8837E-9	-4.9312E-7	2.0686E-7	-3.9279E-8	7.7851E-7	2.6271E-7	5.1895E-7	3.6298E-7	1.4298E-6	7.3486E-7	4.2749E-7	1.0491E-6	-2.1997E-7	7.0149E-7	1.3673E-6	4.4366E-7	5.2876E-7	1.2269E-6	1.0708E-6	8.9322E-7	1.3375E-6	5.9846E-7	3.4611E-7	8.5483E-7	9.8693E-7	8.7031E-7
1.7042E+1	-1.2447E-6	-5.8993E-7	-3.7781E-7	-3.6671E-7	-9.4317E-7	-1.5121E-6	-1.9611E-6	-1.4837E-6	-1.0656E-6	-1.2370E-6	-1.4035E-6	-1.6107E-6	-1.1502E-6	-1.6167E-6	-1.1777E-6	-6.9770E-7	7.4179E-8	-1.4989E-6	-2.8353E-7	-3.9383E-7	-5.2061E-7	-4.0326E-7	-1.4071E-7	-2.8836E-7	-5.0747E-7	-6.4443E-7	6.7766E-7	-5.6133E-7	-3.6390E-7	-5.4786E-7	2.9626E-7	1.4556E-7	-4.5905E-8	5.1538E-7	1.1450E-6	-2.2881E-7	1.4051E-7	1.2972E-7	8.5040E-7	7.8869E-7	5.6469E-7	1.2272E-6	2.9263E-7	1.7775E-7	8.8778E-7	3.8552E-7	1.0972E-6	7.9492E-7	1.4087E-6	7.0873E-7	6.4881E-7	1.3047E-6	6.6732E-7	6.9515E-7	7.1259E-7	5.8968E-7
1.7080E+1	-6.3830E-7	-6.1701E-7	-1.2095E-6	-8.5533E-7	-8.3197E-7	-1.2705E-6	-8.7288E-7	-1.6030E-6	-8.0393E-7	-1.3167E-6	-1.2243E-6	-9.4406E-7	-1.0459E-6	-1.3071E-6	-9.0319E-7	-1.2543E-6	-3.9620E-7	-6.4867E-7	-1.5935E-6	-9.0100E-7	7.5631E-8	-3.3980E-7	-1.0379E-7	4.9109E-7	-4.9847E-7	-1.1093E-6	1.0658E-7	-4.6811E-7	-7.5411E-7	-1.2240E-7	-8.6642E-7	7.9724E-8	-1.6066E-7	-4.2131E-8	1.3613E-6	8.1360E-7	-3.1507E-7	2.7107E-7	1.0249E-6	9.5758E-7	6.6993E-7	1.0482E-6	1.8732E-7	1.6549E-9	6.4670E-7	4.8998E-7	6.5420E-7	1.4812E-6	4.5462E-7	1.1428E-6	3.5377E-7	6.2403E-7	1.0567E-6	7.9552E-7	5.6020E-7	-2.5632E-7
1.7118E+1	-2.0979E-7	-9.8929E-8	-1.1977E-6	-9.4789E-7	-1.0653E-6	-1.4693E-6	-1.2002E-6	-4.4503E-7	-8.2657E-7	-1.1008E-6	-1.2158E-6	-1.0139E-6	-7.7111E-7	-1.1642E-6	-1.0868E-6	-5.6817E-7	-9.5135E-7	-5.5163E-7	-3.8470E-7	-1.0289E-6	-8.9454E-7	1.3369E-7	-3.6170E-7	5.2235E-9	-3.0273E-7	-3.2455E-7	-2.3443E-7	-2.6422E-7	-5.3045E-7	5.2754E-8	-2.3193E-7	-7.1028E-7	5.0021E-7	-1.7391E-7	-3.5091E-7	6.4833E-7	3.2175E-8	-3.1945E-7	4.4293E-7	1.0951E-6	7.9283E-7	1.5178E-6	7.2196E-7	3.6343E-7	1.7056E-7	6.4458E-7	5.5107E-7	7.2992E-7	1.3062E-6	1.1218E-7	4.2205E-7	1.0349E-7	1.0302E-6	6.7017E-7	1.2496E-6	-1.0507E-7
1.7156E+1	-1.9020E-7	1.8422E-7	-1.8205E-7	6.0467E-8	-1.1846E-6	-8.9061E-7	-1.0096E-6	-6.6385E-7	-5.6252E-7	-6.5475E-7	-7.0189E-7	-6.1126E-8	-7.6700E-7	-4.2244E-7	-1.2452E-6	-6.3287E-7	-7.8611E-7	-2.8127E-7	-7.7763E-7	-1.6895E-7	-7.4230E-7	3.7815E-8	5.5463E-7	3.7296E-7	-1.2341E-7	3.2584E-8	-8.5424E-7	-8.1210E-7	-4.4439E-7	-4.0650E-7	1.3340E-7	-8.0924E-7	-1.4007E-7	8.2749E-7	-1.6527E-7	1.0669E-8	5.9132E-7	3.3380E-7	-2.0257E-8	2.2432E-7	5.2178E-7	9.5637E-7	8.2157E-7	9.8202E-7	1.1182E-6	4.3034E-7	8.4912E-7	1.0880E-6	8.8057E-7	4.4613E-7	-5.4124E-8	1.4462E-7	3.3719E-7	7.5051E-7	2.4580E-7	6.2601E-7
1.7194E+1	-1.0706E-7	-6.9432E-7	-6.8364E-7	-2.7315E-7	-2.4242E-7	-9.8036E-7	-8.4502E-7	-4.8585E-7	-5.3106E-7	-1.1283E-6	-9.4923E-7	-2.8382E-7	-2.6407E-7	-1.9304E-7	-3.6666E-7	-8.9670E-7	-8.6039E-7	-8.8435E-7	1.5226E-7	-4.2224E-7	-7.6234E-7	-3.1142E-7	-3.3743E-8	-1.7239E-7	3.0435E-7	5.2983E-7	1.4820E-7	-3.8020E-7	-4.1601E-7	-9.1149E-7	2.8959E-7	1.4592E-7	2.1101E-7	-2.8111E-7	-5.3546E-8	-6.2912E-7	3.0091E-7	5.6583E-7	5.7232E-7	-4.7682E-8	4.7215E-7	-6.9032E-8	1.7999E-7	6.3492E-7	8.0557E-7	1.0611E-6	1.1435E-7	8.3796E-7	1.4134E-6	6.1131E-7	-5.4315E-7	4.4066E-7	2.0387E-7	8.5136E-7	1.1735E-6	2.4038E-7
1.7232E+1	-4.0549E-7	-1.0289E-6	-3.5709E-7	-7.6285E-7	-7.5645E-7	-5.4035E-7	-5.6328E-7	-6.0704E-7	-8.2215E-7	1.2840E-7	-7.7549E-7	-2.8779E-7	-9.0400E-7	-5.7223E-7	2.0792E-7	3.2431E-8	-3.2761E-7	-2.9807E-7	-1.3065E-6	2.6161E-7	-3.8206E-7	1.6708E-7	-3.9565E-7	-4.5024E-7	-3.6207E-7	-2.8863E-7	-7.6182E-7	4.4796E-7	3.0238E-7	-5.9776E-7	-6.7500E-7	-1.3597E-7	1.0021E-6	4.5629E-7	1.8595E-7	-2.2422E-7	4.0442E-8	-3.0930E-8	4.2074E-7	1.7516E-7	1.0162E-6	1.1548E-6	-6.0356E-7	7.4468E-7	-2.0780E-9	4.6162E-7	1.1808E-7	1.0402E-6	1.7860E-7	1.1556E-6	-3.7204E-7	-4.2261E-7	8.7819E-8	-2.5020E-7	6.7852E-7	-1.2959E-7
1.7270E+1	-2.1994E-7	-6.8190E-7	-1.1650E-6	-1.0445E-6	-4.1206E-7	-6.3852E-7	-1.1501E-6	-1.4042E-7	-1.1097E-6	-9.0585E-7	1.1369E-7	-4.7207E-8	-1.7359E-7	-1.2914E-6	-7.9188E-7	2.1760E-7	-5.6724E-7	1.3160E-7	1.3119E-7	-1.1177E-6	-2.0663E-7	4.5831E-7	-2.4200E-7	-1.0070E-6	-2.8259E-8	-2.1577E-7	-5.8617E-7	-8.4316E-7	-2.8729E-7	1.9961E-7	2.7054E-8	-4.8850E-7	4.5114E-7	1.9186E-7	3.1833E-7	3.9360E-7	6.7219E-7	3.6500E-7	1.4018E-8	-4.3270E-7	-7.9662E-8	8.0856E-7	7.7555E-7	7.2277E-7	4.7964E-7	4.4812E-7	-1.1849E-7	5.6911E-7	1.0138E-6	5.0086E-7	7.6720E-7	-8.0281E-8	1.3310E-7	4.8850E-7	8.1898E-7	1.5967E-7
1.7307E+1	-2.2367E-7	-2.9434E-7	1.1206E-7	-1.0973E-6	-5.9091E-7	2.6323E-7	-1.2665E-7	-6.5224E-7	-6.7143E-8	-5.5064E-7	-4.5005E-7	3.1039E-7	1.0739E-7	-3.6933E-7	-1.9759E-7	-2.2487E-7	4.0411E-7	-6.7653E-7	-1.2505E-7	2.7299E-7	-3.2191E-7	3.3299E-7	1.7179E-7	-3.3100E-7	-8.3980E-7	-1.7209E-7	-2.1903E-7	3.7528E-7	-1.2653E-6	-2.6380E-7	-2.1570E-8	-1.9557E-7	-3.0665E-7	1.9617E-7	-2.6823E-7	-8.2544E-8	4.6546E-7	-1.1252E-7	1.1392E-6	6.3326E-7	4.1950E-7	2.8987E-8	-2.0619E-7	5.3733E-7	-6.3519E-8	1.0576E-7	4.7772E-7	1.1383E-6	4.9375E-7	9.0283E-7	7.5744E-7	8.6493E-7	1.8461E-7	-8.7300E-8	7.1730E-7	2.4144E-7
1.7345E+1	-5.3365E-7	-4.2731E-7	-7.4750E-7	-4.7622E-7	-9.2236E-7	-9.3840E-7	2.1534E-8	-5.7033E-7	-2.1518E-7	-3.3270E-7	-2.5030E-7	-3.0402E-7	3.0530E-7	-8.6742E-7	-3.0660E-7	6.7612E-8	-4.2954E-7	2.7263E-7	-5.6520E-7	-4.4803E-7	3.6502E-7	2.1526E-7	-1.0957E-7	2.0463E-7	-5.2937E-7	6.0102E-8	2.0417E-7	-3.2655E-7	-2.3948E-7	-1.5006E-7	1.8108E-8	2.6698E-7	1.5250E-7	3.7371E-8	3.0795E-7	-2.6924E-7	2.3184E-8	-3.5812E-7	-7.5716E-7	2.2426E-7	1.4720E-7	4.2657E-7	1.1708E-7	4.9289E-8	-2.0461E-8	-3.3610E-7	-7.9625E-7	-1.3853E-7	8.8488E-7	2.0285E-7	7.1039E-7	5.0253E-7	1.1308E-6	9.1728E-7	2.7322E-7	1.4970E-7
1.7383E+1	-9.2832E-7	-7.5898E-8	-2.2017E-7	1.4369E-8	1.3217E-7	-7.5699E-7	8.6861E-8	-3.3356E-7	-5.9799E-7	-7.3939E-8	-4.6675E-7	1.1208E-7	-3.7646E-7	1.6869E-7	-8.5133E-8	-1.3480E-7	4.3583E-7	-6.9032E-7	-8.3340E-8	-3.0092E-7	6.1005E-8	-1.9278E-7	1.7245E-7	3.1517E-7	-7.0461E-7	-1.7466E-7	7.7671E-7	1.4150E-7	-5.5144E-7	7.0056E-7	-5.2555E-8	-7.9884E-8	5.6533E-8	7.8678E-7	7.7846E-8	1.2287E-6	-1.7869E-7	3.8559E-7	5.7201E-7	5.2955E-7	2.0173E-7	2.3612E-7	-4.2037E-8	4.3170E-8	-1.9255E-8	4.7119E-7	6.3730E-7	-9.4068E-8	1.9995E-7	1.6933E-7	2.0767E-7	3.7432E-7	-3.9357E-7	7.0530E-7	1.2099E-6	3.4139E-7
1.7421E+1	-7.7758E-7	-3.3345E-7	-4.5758E-7	-1.5479E-7	-6.3194E-10	-4.4568E-7	-4.0485E-7	2.1886E-7	-1.5561E-7	-5.6127E-7	-7.7829E-7	-4.4963E-7	-2.1194E-7	-9.6760E-7	2.3104E-7	-4.4035E-7	4.3250E-8	1.1216E-7	-8.4484E-7	-3.9105E-7	9.8201E-8	-5.1066E-7	-7.1971E-7	4.4858E-7	-4.3402E-7	-2.9140E-7	1.2158E-7	-6.4226E-7	-7.4127E-7	2.4333E-7	4.5519E-8	1.2100E-7	-2.7147E-7	8.7009E-7	-6.6504E-7	4.1871E-7	1.1828E-7	-1.7355E-7	-2.7405E-7	1.9073E-7	2.0281E-7	4.8746E-7	3.6556E-7	2.1992E-7	1.4393E-7	-2.7551E-7	5.4443E-7	-2.4386E-8	7.1187E-7	4.2636E-7	8.4452E-8	3.8940E-7	-8.4235E-8	-5.0783E-7	7.4292E-8	5.1632E-7
