0.0000E+0	1.4422E+1	1.4478E+1	1.4533E+1	1.4589E+1	1.4644E+1	1.4700E+1	1.4755E+1	1.4811E+1	1.4866E+1	1.4922E+1	1.4977E+1	1.5033E+1	1.5088E+1	1.5143E+1	1.5199E+1	1.5254E+1	1.5310E+1	1.5365E+1	1.5421E+1	1.5476E+1	1.5532E+1	1.5587E+1	1.5643E+1	1.5698E+1	1.5754E+1	1.5809E+1	1.5865E+1	1.5920E+1	1.5976E+1	1.6031E+1	1.6087E+1	1.6142E+1	1.6197E+1	1.6253E+1	1.6308E+1	1.6364E+1	1.6419E+1	1.6475E+1	1.6530E+1	1.6586E+1	1.6641E+1	1.6697E+1	1.6752E+1	1.6808E+1	1.6863E+1	1.6919E+1	1.6974E+1	1.7030E+1	1.7085E+1	1.7140E+1	1.7196E+1	1.7251E+1	1.7307E+1	1.7362E+1	1.7418E+1	1.7473E+1
1.4430E+1	7.1636E-8	4.0897E-8	1.0295E-7	8.1004E-8	9.3392E-8	1.0278E-7	6.9241E-8	6.6047E-8	6.2286E-8	3.8590E-8	1.5972E-8	-7.9272E-9	-4.3283E-8	-4.3143E-8	-7.9172E-8	-4.4035E-8	-3.5007E-8	-3.0832E-8	-4.7650E-8	-4.9917E-8	-4.4987E-8	-1.2958E-8	-9.8166E-9	1.7971E-8	-2.9666E-8	1.7894E-8	2.8601E-8	1.2216E-8	4.4717E-8	3.3232E-8	3.2958E-8	1.2586E-8	3.9523E-9	-1.1921E-8	-2.4130E-8	-2.0496E-8	-1.4378E-8	-7.9203E-9	-3.5796E-8	-1.5650E-8	-3.0198E-8	1.3833E-8	3.1042E-9	-3.3435E-8	9.1870E-9	-3.9190E-8	4.4865E-9	-1.5157E-9	3.3428E-8	-6.9055E-8	-1.0829E-8	-1.3840E-8	-2.5954E-8	2.1244E-8	1.1980E-8	-2.5895E-8
1.4468E+1	1.1521E-7	1.2220E-7	1.5398E-7	2.0760E-7	1.3801E-7	1.3651E-7	1.3050E-7	7.7897E-8	6.3913E-8	6.2507E-8	5.1221E-8	1.6070E-8	-2.3812E-8	-4.5317E-8	-8.7944E-8	-8.1763E-8	-9.9715E-8	-7.8837E-8	-8.1706E-8	-9.0516E-8	-9.2616E-8	-8.1847E-8	-2.5463E-8	-1.9155E-8	2.1715E-8	-2.1031E-8	1.2926E-8	7.7641E-9	3.0335E-8	4.1900E-8	1.5500E-8	1.1252E-8	-2.8906E-9	8.9184E-9	-3.8119E-8	-1.7268E-8	-4.7245E-8	-1.3268E-8	-1.8129E-8	-6.2254E-8	-1.8797E-8	-4.8543E-8	-3.1107E-8	-3.0511E-8	-1.7536E-8	-5.4711E-8	6.6225E-10	-1.8417E-8	-1.5617E-8	-3.4420E-9	-4.4598E-8	3.0822E-9	-2.5242E-8	-2.0080E-8	-1.3779E-8	-3.0737E-8
1.4505E+1	1.3357E-7	1.9075E-7	2.3932E-7	2.7363E-7	3.3282E-7	1.9577E-7	1.7037E-7	1.3457E-7	1.2920E-7	7.9859E-8	9.2146E-8	4.5691E-8	8.0998E-8	1.2193E-8	-4.4467E-8	-6.5498E-8	-1.0455E-7	-1.1937E-7	-7.0957E-8	-8.5988E-8	-6.7151E-8	-9.7031E-8	-9.1554E-8	-7.4333E-8	3.2681E-8	4.1703E-8	1.7279E-8	2.2059E-8	2.2670E-8	1.6226E-8	3.0924E-9	-2.9336E-8	4.7142E-10	-1.4411E-8	-5.0824E-8	-3.1239E-8	-7.8984E-8	-5.0028E-8	-3.3517E-8	-7.8053E-8	-6.6442E-8	-7.0037E-8	-9.9130E-8	-6.8448E-8	-2.7317E-8	-6.0971E-8	-3.8887E-8	-7.1728E-8	-5.5455E-8	-6.5334E-8	-3.1567E-8	-3.9659E-8	1.3871E-8	-3.9714E-8	-4.7349E-8	-6.3203E-8
1.4543E+1	2.6693E-7	2.9272E-7	4.6219E-7	5.0130E-7	5.0574E-7	4.4049E-7	2.8481E-7	1.7675E-7	1.9660E-7	1.1618E-7	7.1938E-8	7.5063E-8	1.0610E-7	1.1237E-7	1.7564E-8	-4.0065E-8	-1.3813E-7	-1.2420E-7	-1.2042E-7	-1.0292E-7	-9.6642E-8	-1.1593E-7	-1.0103E-7	-7.1690E-8	-2.2578E-8	8.4796E-8	1.1723E-7	6.4062E-8	9.1635E-8	1.6861E-8	1.8933E-8	-5.2750E-8	-6.1294E-8	4.8768E-8	-3.5886E-8	-6.9616E-8	-5.6759E-8	-8.8034E-8	-7.8349E-8	-6.6542E-8	-1.0563E-7	-1.1199E-7	-1.3784E-7	-1.2597E-7	-1.0191E-7	-5.5860E-8	-1.9929E-9	-7.9998E-8	-1.0184E-7	-7.4910E-8	-9.9055E-8	-3.5026E-8	-4.8302E-8	-4.7245E-8	-1.0045E-7	-2.4959E-8
1.4581E+1	3.1626E-7	4.3824E-7	6.3769E-7	9.6822E-7	9.1749E-7	8.2728E-7	5.8455E-7	3.8506E-7	2.6406E-7	2.6383E-7	1.7609E-7	1.3961E-7	1.9911E-7	1.8083E-7	1.3148E-7	4.7060E-8	-5.7160E-8	-6.4452E-8	-8.9242E-8	-8.8535E-8	-1.1594E-7	-1.1124E-7	-1.4958E-7	1.4574E-9	3.6088E-8	8.5894E-8	2.0932E-7	1.8143E-7	1.0547E-7	8.0136E-8	3.4394E-8	1.0611E-8	-7.5894E-8	-7.1234E-8	2.1467E-8	-1.0127E-7	-8.2971E-8	-1.0837E-7	-1.6820E-7	-8.9764E-8	-1.3418E-7	-1.2567E-7	-1.4598E-7	-1.4811E-7	-1.4787E-7	-1.7467E-7	-1.1578E-7	-8.0519E-8	-8.2654E-8	-9.6169E-8	-8.9915E-8	-1.0168E-7	-4.0914E-8	-9.2464E-8	-1.0785E-7	-8.6743E-8
1.4619E+1	4.0972E-7	5.7107E-7	7.6831E-7	1.4675E-6	1.6417E-6	1.4283E-6	9.7545E-7	5.6836E-7	3.2010E-7	2.4246E-7	3.6177E-7	2.5839E-7	2.6019E-7	2.8986E-7	2.2109E-7	9.7307E-8	-4.2193E-9	6.0268E-8	-3.8640E-8	-2.6248E-8	-1.0836E-7	-1.2183E-7	-1.1726E-7	-3.9250E-8	1.3785E-7	2.0829E-7	4.0286E-7	4.2909E-7	3.2218E-7	1.6443E-7	1.2280E-7	-6.1657E-8	6.9438E-8	-7.4353E-8	-5.9417E-8	-1.3725E-7	-9.4901E-8	-1.4901E-7	-1.5810E-7	-1.7775E-7	-1.4716E-7	-2.3791E-7	-1.6105E-7	-1.9807E-7	-1.0272E-7	-1.7425E-7	-1.5921E-7	-2.1460E-7	-1.5074E-7	-1.3844E-7	-1.2987E-7	-1.6610E-7	-1.1323E-7	-9.7590E-8	-1.0515E-7	-8.5830E-8
1.4657E+1	3.0779E-7	5.6340E-7	6.7317E-7	1.5887E-6	2.8021E-6	2.5628E-6	1.8530E-6	1.0685E-6	5.4452E-7	3.9000E-7	4.7826E-7	5.9276E-7	3.7951E-7	3.8245E-7	4.4904E-7	3.4508E-7	1.6419E-7	1.5851E-7	1.7446E-7	1.1811E-7	-1.2586E-8	-3.6944E-8	-5.5856E-8	-2.1093E-8	1.2292E-7	2.5692E-7	4.9080E-7	7.3078E-7	6.5870E-7	5.7923E-7	4.0148E-7	1.0267E-7	8.2104E-8	8.0432E-8	5.9853E-8	-4.8200E-8	-1.2902E-7	-1.1124E-7	-1.6847E-7	-1.1601E-7	-1.2634E-7	-1.8384E-7	-2.6576E-7	-2.2711E-7	-2.2057E-7	-1.9448E-7	-1.8931E-7	-1.3196E-7	-2.2569E-7	-1.5705E-7	-1.9329E-7	-1.7761E-7	-1.7269E-7	-9.6328E-8	-1.1387E-7	-1.6858E-7
1.4695E+1	1.9063E-6	1.9980E-6	4.1028E-6	6.2613E-6	2.8475E-5	4.0000E-5	2.9115E-5	1.9815E-5	9.1045E-6	6.0869E-6	5.2680E-6	8.5235E-6	7.2023E-6	4.7746E-6	5.4313E-6	5.4807E-6	4.2198E-6	3.4335E-6	3.5740E-6	4.7508E-6	1.5685E-6	4.5173E-7	3.6976E-7	4.0458E-7	1.7625E-6	3.9704E-6	4.7856E-6	8.1363E-6	9.1365E-6	8.7319E-6	8.0015E-6	4.2973E-6	3.4144E-6	2.5667E-6	1.8500E-6	2.2089E-6	9.6452E-7	7.1050E-7	-1.4793E-9	-8.9876E-7	-1.8459E-7	-1.0622E-6	-1.1134E-6	-1.7024E-6	-1.1751E-6	-1.8249E-6	-1.7144E-6	-1.9574E-6	-1.8163E-6	-1.9243E-6	-1.7757E-6	-1.7941E-6	-1.3527E-6	-1.0736E-6	-2.0391E-7	-1.3352E-6
1.4733E+1	-1.3302E-6	-9.5434E-7	3.1682E-8	1.4692E-7	1.2060E-5	4.5932E-5	4.5884E-5	3.1900E-5	1.9254E-5	8.7579E-6	5.9676E-6	7.3815E-6	1.0928E-5	6.9723E-6	6.9824E-6	6.8580E-6	5.8130E-6	4.2136E-6	5.0209E-6	6.4933E-6	5.5591E-6	2.2242E-6	5.8994E-7	-2.2772E-8	6.3387E-7	3.4886E-6	5.4537E-6	7.5442E-6	1.0716E-5	1.1764E-5	1.0861E-5	8.0116E-6	5.1039E-6	5.1355E-6	3.8114E-6	2.8919E-6	2.6417E-6	2.0213E-6	2.6413E-6	1.1760E-6	5.4429E-7	2.1987E-7	-8.3578E-7	-4.6877E-7	-1.6498E-6	-2.0954E-7	-5.3633E-7	-7.3768E-7	-1.2474E-6	-1.5133E-6	-1.4220E-6	-1.3558E-6	-1.6104E-6	-1.3851E-6	-1.3129E-6	-6.9828E-7
1.4770E+1	-4.8356E-6	-4.8966E-6	-6.2460E-6	-5.6888E-6	-3.4932E-6	2.6363E-5	6.3894E-5	4.9898E-5	3.2944E-5	1.5037E-5	8.2372E-6	6.1469E-6	1.1966E-5	1.1236E-5	7.4543E-6	8.1285E-6	8.9266E-6	7.1237E-6	5.5439E-6	7.2188E-6	7.7555E-6	5.7333E-6	2.7182E-6	9.2236E-7	1.4416E-7	1.3514E-6	4.3192E-6	6.9652E-6	9.0777E-6	1.4326E-5	1.5066E-5	1.2975E-5	9.4740E-6	7.3006E-6	6.5758E-6	5.5813E-6	4.9219E-6	3.1402E-6	3.1964E-6	3.5052E-6	1.7274E-6	2.1571E-6	1.2038E-6	1.3650E-6	-1.7803E-7	-7.6780E-7	3.7485E-7	-1.3784E-7	7.2491E-7	-1.9148E-7	3.6397E-7	-3.5328E-7	-7.5892E-7	-1.2829E-6	-9.4829E-7	-1.1900E-6
1.4808E+1	-6.7269E-6	-9.0714E-6	-9.9329E-6	-1.3305E-5	-1.0339E-5	-2.2430E-6	5.2387E-5	7.9999E-5	5.0768E-5	2.9184E-5	1.0645E-5	7.7390E-6	9.0847E-6	1.4981E-5	1.0306E-5	7.1690E-6	8.7385E-6	1.0756E-5	8.2339E-6	7.1423E-6	8.6136E-6	9.0372E-6	5.3396E-6	2.5869E-6	-2.0347E-7	4.3796E-7	1.9088E-6	6.4720E-6	7.3382E-6	1.2539E-5	1.7165E-5	1.5970E-5	1.3732E-5	1.0587E-5	8.8768E-6	7.9600E-6	7.6721E-6	6.4211E-6	5.3372E-6	5.0561E-6	3.9550E-6	3.1478E-6	2.4524E-6	2.1542E-6	1.5232E-6	1.3270E-6	2.2113E-7	1.3107E-6	1.1893E-6	9.4349E-7	1.6350E-6	6.7001E-7	-2.1661E-7	-8.3833E-7	1.3672E-7	4.6724E-8
1.4846E+1	-1.0410E-5	-1.2872E-5	-1.7005E-5	-1.9505E-5	-2.1355E-5	-1.6804E-5	7.9345E-6	8.0067E-5	7.8996E-5	4.6315E-5	2.4000E-5	1.0043E-5	1.0365E-5	1.2671E-5	1.5791E-5	9.1496E-6	8.4506E-6	1.0489E-5	1.0800E-5	8.8647E-6	8.0299E-6	1.0655E-5	9.6186E-6	5.7379E-6	1.6736E-6	-3.5717E-7	1.4352E-6	3.2592E-6	7.6717E-6	9.7198E-6	1.6937E-5	1.7567E-5	1.6695E-5	1.3236E-5	1.0919E-5	1.0242E-5	9.2723E-6	8.2898E-6	8.0599E-6	6.9294E-6	7.0574E-6	5.9742E-6	4.9663E-6	3.6488E-6	2.5771E-6	2.8254E-6	2.1208E-6	2.2686E-6	3.0141E-6	1.7479E-6	2.3889E-6	1.5862E-6	5.6945E-7	-2.9607E-7	9.4770E-7	1.9118E-6
1.4884E+1	-1.2274E-5	-1.4548E-5	-1.9689E-5	-2.3793E-5	-2.8609E-5	-2.6994E-5	-1.8335E-5	3.1822E-5	9.5849E-5	6.9074E-5	3.9182E-5	1.7132E-5	1.1372E-5	1.1197E-5	1.5263E-5	1.3196E-5	8.8372E-6	9.7450E-6	1.1242E-5	1.0071E-5	8.7434E-6	9.4982E-6	1.1492E-5	7.6630E-6	5.1789E-6	6.1805E-7	1.1594E-6	1.7023E-6	5.4276E-6	8.2876E-6	1.2324E-5	1.7251E-5	1.7862E-5	1.6034E-5	1.3699E-5	1.1544E-5	1.1336E-5	9.6939E-6	9.4705E-6	7.4748E-6	8.4710E-6	7.0661E-6	6.1993E-6	4.4004E-6	3.6282E-6	4.1603E-6	3.2080E-6	3.4343E-6	3.6903E-6	3.6459E-6	3.0837E-6	2.6094E-6	1.5477E-6	8.5681E-7	1.2820E-6	2.6394E-6
1.4922E+1	-1.4634E-5	-1.8753E-5	-2.1055E-5	-2.9220E-5	-3.1924E-5	-3.8970E-5	-3.0348E-5	-1.2521E-5	6.2067E-5	1.0322E-4	5.8396E-5	3.4235E-5	1.4541E-5	1.4775E-5	1.2892E-5	1.7159E-5	1.1030E-5	9.7897E-6	1.0523E-5	1.2429E-5	9.7035E-6	1.0429E-5	1.0881E-5	1.0884E-5	6.4748E-6	4.6117E-6	8.8403E-7	2.2512E-6	3.9518E-6	7.6871E-6	9.8425E-6	1.4096E-5	1.8068E-5	1.6877E-5	1.6977E-5	1.4334E-5	1.3009E-5	1.2319E-5	1.0735E-5	9.5949E-6	9.2338E-6	9.5480E-6	7.5771E-6	6.4671E-6	4.0517E-6	5.0260E-6	4.6568E-6	3.1640E-6	3.5509E-6	4.3487E-6	4.4868E-6	3.7422E-6	2.6291E-6	2.3352E-6	1.9873E-6	2.1479E-6
1.4960E+1	-1.8498E-5	-1.9047E-5	-2.3954E-5	-3.0107E-5	-3.7677E-5	-4.2007E-5	-4.3896E-5	-3.0226E-5	3.4362E-6	8.9871E-5	8.9409E-5	4.6469E-5	2.7007E-5	1.5453E-5	1.5483E-5	1.4943E-5	1.6349E-5	9.7111E-6	1.0606E-5	1.0501E-5	1.1836E-5	1.0442E-5	1.0228E-5	1.0000E-5	9.0146E-6	4.5415E-6	3.3206E-6	1.0107E-6	4.1749E-6	5.5816E-6	9.4132E-6	1.1132E-5	1.6143E-5	1.7309E-5	1.7078E-5	1.5828E-5	1.4289E-5	1.3753E-5	1.1624E-5	1.0593E-5	9.5804E-6	9.5572E-6	8.8616E-6	7.7828E-6	6.8181E-6	5.2782E-6	6.5287E-6	4.3179E-6	3.7558E-6	4.4901E-6	5.2675E-6	4.9278E-6	3.8332E-6	3.3140E-6	2.9882E-6	2.5159E-6
1.4998E+1	-1.9566E-5	-2.1296E-5	-2.3395E-5	-3.0143E-5	-3.7517E-5	-4.4162E-5	-4.5944E-5	-3.9085E-5	-2.0694E-5	3.2955E-5	9.8081E-5	6.6669E-5	3.7923E-5	2.1472E-5	1.6373E-5	1.5098E-5	1.5776E-5	1.3367E-5	1.1034E-5	1.0606E-5	1.0474E-5	1.1266E-5	1.0484E-5	9.1256E-6	9.0355E-6	6.1442E-6	3.5872E-6	2.2069E-6	2.5000E-6	5.0272E-6	8.0105E-6	1.1052E-5	1.2991E-5	1.6632E-5	1.7007E-5	1.6027E-5	1.4774E-5	1.3369E-5	1.2004E-5	1.1075E-5	1.0183E-5	9.8234E-6	9.1269E-6	8.2126E-6	7.7041E-6	5.7222E-6	6.2830E-6	4.8672E-6	4.4743E-6	4.9416E-6	5.8232E-6	5.0927E-6	4.8854E-6	3.8892E-6	3.6467E-6	2.1150E-6
1.5036E+1	-1.9239E-5	-2.2406E-5	-2.4644E-5	-3.0047E-5	-3.6057E-5	-4.3729E-5	-4.5399E-5	-4.3579E-5	-2.8821E-5	-4.6486E-6	5.5093E-5	8.3432E-5	4.7748E-5	3.1101E-5	1.7566E-5	1.7242E-5	1.3373E-5	1.4192E-5	1.1642E-5	1.0731E-5	9.5882E-6	9.9724E-6	9.8086E-6	9.0075E-6	6.9289E-6	6.8642E-6	5.0198E-6	3.6409E-6	2.8255E-6	4.0098E-6	6.6391E-6	1.0160E-5	1.1921E-5	1.4177E-5	1.5490E-5	1.5577E-5	1.5820E-5	1.3717E-5	1.1530E-5	1.1208E-5	9.3740E-6	1.0042E-5	9.2232E-6	9.3469E-6	7.9542E-6	6.7765E-6	6.2750E-6	5.7256E-6	4.5672E-6	4.9772E-6	5.8934E-6	5.7321E-6	5.2466E-6	4.4177E-6	4.1452E-6	2.6685E-6
1.5073E+1	-1.8733E-5	-2.0625E-5	-2.4918E-5	-2.8664E-5	-3.5269E-5	-3.9967E-5	-4.2655E-5	-4.0426E-5	-3.3161E-5	-1.3688E-5	1.3519E-5	6.2235E-5	6.2182E-5	3.4876E-5	2.4320E-5	1.6029E-5	1.5229E-5	1.2383E-5	1.3500E-5	1.0110E-5	9.3634E-6	8.4237E-6	8.9815E-6	7.7816E-6	6.4443E-6	4.0912E-6	5.0925E-6	3.9988E-6	3.5808E-6	3.9632E-6	6.2328E-6	8.6568E-6	1.1208E-5	1.2137E-5	1.3496E-5	1.3608E-5	1.4414E-5	1.4172E-5	1.1971E-5	1.2012E-5	9.8668E-6	9.2109E-6	8.3308E-6	9.2663E-6	7.9691E-6	6.4404E-6	5.9738E-6	5.4838E-6	5.5369E-6	4.4450E-6	5.0990E-6	5.1427E-6	5.5560E-6	4.9483E-6	4.2304E-6	3.2195E-6
1.5111E+1	-1.7182E-5	-1.9863E-5	-2.4039E-5	-2.8192E-5	-3.3784E-5	-3.8306E-5	-3.9667E-5	-3.7607E-5	-3.2266E-5	-1.8437E-5	-4.8224E-7	2.7086E-5	5.8563E-5	4.4338E-5	2.7820E-5	1.8768E-5	1.3257E-5	1.2762E-5	1.2401E-5	1.1436E-5	8.8769E-6	8.7096E-6	8.3679E-6	6.8438E-6	6.2062E-6	4.6220E-6	3.3062E-6	3.9901E-6	3.7710E-6	3.9324E-6	5.6610E-6	7.5347E-6	9.9934E-6	1.1020E-5	1.1622E-5	1.2725E-5	1.2571E-5	1.2990E-5	1.1319E-5	1.1493E-5	1.1110E-5	9.5925E-6	7.9614E-6	7.8084E-6	8.0998E-6	7.0789E-6	6.1211E-6	5.0490E-6	4.9901E-6	4.5654E-6	4.2283E-6	4.6687E-6	4.3967E-6	4.5133E-6	4.4294E-6	3.9366E-6
1.5149E+1	-1.5744E-5	-1.7918E-5	-2.1883E-5	-2.6585E-5	-3.2040E-5	-3.6346E-5	-3.6744E-5	-3.5005E-5	-2.9630E-5	-2.0440E-5	-5.9483E-6	8.9211E-6	3.3122E-5	4.9635E-5	3.3069E-5	2.2667E-5	1.4304E-5	1.1939E-5	1.1084E-5	1.1024E-5	8.1407E-6	8.2171E-6	7.6744E-6	6.8569E-6	4.7864E-6	4.3223E-6	3.3603E-6	3.0334E-6	3.5666E-6	4.4003E-6	5.3451E-6	7.5467E-6	8.5711E-6	1.0266E-5	1.0660E-5	1.1759E-5	1.1214E-5	1.2465E-5	1.0913E-5	1.0334E-5	1.0345E-5	9.4736E-6	8.1921E-6	7.0625E-6	6.5146E-6	6.7210E-6	5.8999E-6	5.5473E-6	4.2814E-6	4.5255E-6	3.9120E-6	4.1782E-6	4.7435E-6	3.7332E-6	3.0233E-6	3.8319E-6
1.5187E+1	-1.4875E-5	-1.7147E-5	-2.0301E-5	-2.4366E-5	-2.9448E-5	-3.4453E-5	-3.5157E-5	-3.1498E-5	-2.6622E-5	-1.8248E-5	-8.7979E-6	3.7256E-6	1.4224E-5	3.6354E-5	4.0441E-5	2.5199E-5	1.8192E-5	1.2459E-5	1.0902E-5	1.0116E-5	9.3640E-6	7.6811E-6	6.9961E-6	5.6824E-6	5.3594E-6	3.1954E-6	2.6819E-6	2.7849E-6	2.8249E-6	3.6516E-6	4.6739E-6	6.7441E-6	8.5326E-6	9.2419E-6	1.0420E-5	1.0811E-5	1.0458E-5	1.1055E-5	1.1160E-5	9.7284E-6	1.0009E-5	8.2991E-6	8.0474E-6	6.7091E-6	6.4362E-6	6.0828E-6	5.5077E-6	4.9202E-6	4.2831E-6	3.8950E-6	4.3457E-6	3.4931E-6	4.5820E-6	4.6047E-6	3.5329E-6	3.3223E-6
1.5225E+1	-1.4407E-5	-1.6006E-5	-1.8848E-5	-2.3208E-5	-2.7397E-5	-3.1519E-5	-3.3813E-5	-3.0497E-5	-2.4231E-5	-1.6356E-5	-7.2709E-6	-3.3823E-7	8.1290E-6	1.9686E-5	3.6609E-5	3.1738E-5	2.0730E-5	1.5477E-5	1.1143E-5	9.4185E-6	8.9348E-6	8.6475E-6	6.7778E-6	5.5236E-6	3.9353E-6	3.7641E-6	2.3260E-6	2.5458E-6	3.2314E-6	3.3417E-6	4.6407E-6	6.0966E-6	7.9039E-6	9.1951E-6	1.0333E-5	1.0113E-5	9.7133E-6	9.8271E-6	1.0189E-5	9.4464E-6	9.1867E-6	8.4825E-6	7.6332E-6	6.6766E-6	5.9058E-6	4.7107E-6	5.3852E-6	4.2687E-6	3.7919E-6	3.7539E-6	3.8166E-6	3.1957E-6	3.8965E-6	3.2530E-6	4.2116E-6	3.0236E-6
1.5263E+1	-1.3002E-5	-1.5461E-5	-1.7432E-5	-2.0632E-5	-2.6006E-5	-2.8933E-5	-3.0307E-5	-2.9294E-5	-2.3456E-5	-1.5548E-5	-6.9251E-6	-1.2151E-6	4.2243E-6	1.1693E-5	2.3188E-5	3.3697E-5	2.4841E-5	1.7987E-5	1.3265E-5	1.0023E-5	8.8052E-6	8.0596E-6	7.0921E-6	5.4440E-6	3.6452E-6	2.4240E-6	2.0715E-6	1.9745E-6	2.8948E-6	3.4842E-6	4.1243E-6	5.8804E-6	6.7395E-6	8.6554E-6	9.8060E-6	9.7249E-6	9.6021E-6	9.4734E-6	9.1070E-6	8.8859E-6	8.3330E-6	7.8646E-6	7.8824E-6	6.6006E-6	6.6549E-6	5.2435E-6	4.3944E-6	4.9062E-6	3.4179E-6	3.8183E-6	3.6222E-6	3.0708E-6	3.4132E-6	2.7232E-6	2.8877E-6	3.1453E-6
1.5301E+1	-1.2206E-5	-1.3182E-5	-1.6844E-5	-1.9228E-5	-2.3657E-5	-2.7255E-5	-2.7740E-5	-2.6707E-5	-2.3328E-5	-1.3793E-5	-7.3888E-6	-2.1996E-6	2.2742E-6	8.1623E-6	1.3954E-5	2.6303E-5	2.9966E-5	2.0378E-5	1.5865E-5	1.0817E-5	9.5436E-6	7.5772E-6	7.1477E-6	6.0323E-6	3.7001E-6	2.7755E-6	2.0966E-6	1.5781E-6	2.0920E-6	3.0626E-6	4.8964E-6	5.9259E-6	6.3928E-6	7.3204E-6	9.0471E-6	8.0169E-6	8.7671E-6	8.7668E-6	8.9418E-6	7.8718E-6	8.1694E-6	7.4083E-6	6.9755E-6	6.5159E-6	4.3683E-6	5.2798E-6	4.2838E-6	4.0392E-6	4.3547E-6	3.6409E-6	3.7272E-6	3.5710E-6	3.6146E-6	3.0785E-6	2.7616E-6	2.5148E-6
1.5338E+1	-1.1361E-5	-1.2833E-5	-1.4059E-5	-1.8526E-5	-2.1961E-5	-2.5192E-5	-2.6086E-5	-2.5065E-5	-2.2653E-5	-1.4853E-5	-6.5549E-6	-3.2244E-6	7.7050E-7	4.6529E-6	9.4835E-6	1.6307E-5	2.7562E-5	2.5581E-5	1.7863E-5	1.3776E-5	1.0052E-5	8.4460E-6	6.9577E-6	6.2435E-6	4.0381E-6	2.5431E-6	2.8176E-6	2.2718E-6	2.1344E-6	2.6635E-6	4.3252E-6	6.2972E-6	6.7634E-6	7.5600E-6	8.3748E-6	8.2594E-6	8.1994E-6	8.4037E-6	8.3107E-6	7.9045E-6	7.4454E-6	7.6567E-6	6.6322E-6	6.9753E-6	5.0521E-6	4.3532E-6	4.1496E-6	3.1959E-6	3.6646E-6	3.4878E-6	2.7332E-6	3.1568E-6	3.0171E-6	3.2175E-6	2.9329E-6	2.1273E-6
1.5376E+1	-1.0714E-5	-1.1917E-5	-1.3591E-5	-1.6125E-5	-2.0710E-5	-2.3417E-5	-2.4755E-5	-2.3411E-5	-2.0728E-5	-1.5104E-5	-8.2029E-6	-3.0505E-6	-1.0940E-6	3.1521E-6	5.4767E-6	1.0999E-5	1.7749E-5	2.6740E-5	2.1015E-5	1.5485E-5	1.1228E-5	8.7407E-6	7.5482E-6	7.0035E-6	4.2837E-6	3.2213E-6	2.0354E-6	2.2863E-6	2.0095E-6	3.4986E-6	4.5200E-6	5.8619E-6	6.6113E-6	7.4527E-6	7.8352E-6	8.2084E-6	8.4026E-6	8.1624E-6	8.2699E-6	7.7389E-6	8.0242E-6	6.8849E-6	6.5642E-6	6.1329E-6	5.0941E-6	5.0052E-6	4.3247E-6	3.5217E-6	4.1859E-6	4.3999E-6	3.3882E-6	2.9180E-6	2.9067E-6	2.5943E-6	2.9177E-6	2.3271E-6
1.5414E+1	-1.1000E-5	-1.1670E-5	-1.3315E-5	-1.5517E-5	-1.8692E-5	-2.2071E-5	-2.4018E-5	-2.2616E-5	-1.9095E-5	-1.4323E-5	-8.8002E-6	-3.6752E-6	-2.6226E-6	9.2940E-7	3.7361E-6	7.2835E-6	1.1332E-5	1.9279E-5	2.4531E-5	1.7957E-5	1.2996E-5	9.1366E-6	7.4840E-6	6.3534E-6	5.1354E-6	3.7774E-6	2.9108E-6	1.6590E-6	2.3273E-6	2.8262E-6	4.7693E-6	5.1467E-6	6.9228E-6	7.2740E-6	7.5258E-6	8.0686E-6	8.9983E-6	7.7769E-6	7.6258E-6	7.2200E-6	7.6677E-6	6.9506E-6	6.5732E-6	6.2725E-6	5.2657E-6	4.8341E-6	3.8801E-6	2.8621E-6	3.1836E-6	3.8647E-6	4.0627E-6	2.9268E-6	2.9950E-6	2.8290E-6	2.5513E-6	2.6968E-6
1.5452E+1	-9.9512E-6	-1.1719E-5	-1.2923E-5	-1.5606E-5	-1.7311E-5	-2.0254E-5	-2.2224E-5	-2.2379E-5	-1.7398E-5	-1.4200E-5	-8.6448E-6	-5.4390E-6	-2.8730E-6	-1.5696E-6	1.7390E-6	4.3556E-6	8.2249E-6	1.2216E-5	2.0426E-5	2.1133E-5	1.4252E-5	1.0650E-5	8.0194E-6	6.3551E-6	4.3072E-6	4.0725E-6	2.9700E-6	1.8874E-6	2.6539E-6	3.6196E-6	4.6490E-6	5.2967E-6	5.9586E-6	7.1723E-6	6.9935E-6	7.9657E-6	8.4901E-6	8.7292E-6	7.4359E-6	7.3097E-6	6.7759E-6	6.4061E-6	6.2322E-6	6.0394E-6	5.3778E-6	5.0986E-6	4.4359E-6	3.5200E-6	3.6830E-6	2.7718E-6	3.5776E-6	2.9400E-6	2.3467E-6	2.3608E-6	2.8304E-6	1.8150E-6
1.5490E+1	-9.0888E-6	-1.1082E-5	-1.1709E-5	-1.5097E-5	-1.6814E-5	-1.8147E-5	-1.9147E-5	-2.0669E-5	-1.6903E-5	-1.3138E-5	-8.4275E-6	-5.6675E-6	-4.4735E-6	-2.2091E-6	-6.4736E-7	1.7974E-6	4.8555E-6	8.6912E-6	1.3916E-5	2.0620E-5	1.6881E-5	1.1896E-5	8.9099E-6	6.3822E-6	5.1377E-6	3.4396E-6	3.4441E-6	1.8359E-6	2.3943E-6	3.5369E-6	4.2258E-6	5.7966E-6	6.1218E-6	6.8189E-6	6.7349E-6	8.0179E-6	7.6954E-6	7.7963E-6	7.9877E-6	7.2952E-6	6.9500E-6	6.3101E-6	6.1287E-6	5.7115E-6	5.7796E-6	4.6838E-6	4.1131E-6	3.5685E-6	3.7594E-6	2.7383E-6	2.9052E-6	3.5369E-6	2.8768E-6	1.9380E-6	3.2166E-6	2.3897E-6
1.5528E+1	-8.2277E-6	-1.0689E-5	-1.1109E-5	-1.3990E-5	-1.6905E-5	-1.7881E-5	-1.6685E-5	-1.7401E-5	-1.6025E-5	-1.2522E-5	-8.7077E-6	-5.7359E-6	-4.0242E-6	-3.0624E-6	-1.6090E-6	-1.6910E-7	2.5408E-6	5.3807E-6	8.5587E-6	1.4103E-5	1.7912E-5	1.3123E-5	1.0214E-5	6.3256E-6	5.2144E-6	3.2766E-6	3.1129E-6	2.5828E-6	1.9760E-6	2.9495E-6	3.5966E-6	5.3329E-6	5.8144E-6	6.1195E-6	6.6098E-6	7.5536E-6	7.7664E-6	6.8475E-6	7.5427E-6	7.1744E-6	6.3974E-6	6.3873E-6	6.0605E-6	5.5499E-6	5.1287E-6	4.9725E-6	4.5523E-6	4.3109E-6	3.9518E-6	2.5304E-6	2.5086E-6	2.5446E-6	3.3886E-6	2.1898E-6	2.8004E-6	1.9064E-6
1.5566E+1	-8.7547E-6	-9.9979E-6	-1.1158E-5	-1.3094E-5	-1.5953E-5	-1.7977E-5	-1.7045E-5	-1.4987E-5	-1.4862E-5	-1.1651E-5	-8.3593E-6	-5.9988E-6	-4.0151E-6	-2.6232E-6	-1.7204E-6	-7.4919E-7	8.9154E-7	3.7662E-6	6.4793E-6	9.0783E-6	1.4784E-5	1.5289E-5	1.0459E-5	7.1829E-6	5.0874E-6	3.4937E-6	2.4307E-6	2.5349E-6	1.9158E-6	2.4292E-6	2.4778E-6	4.7034E-6	5.6589E-6	5.7447E-6	5.6573E-6	7.1328E-6	6.4854E-6	6.8439E-6	6.4367E-6	6.9633E-6	6.1042E-6	5.5137E-6	5.4413E-6	5.9845E-6	4.9714E-6	4.2804E-6	3.7658E-6	3.7254E-6	3.3393E-6	3.1735E-6	3.0196E-6	2.9264E-6	2.4731E-6	3.1292E-6	3.0269E-6	2.1099E-6
1.5604E+1	-7.2742E-6	-8.7691E-6	-1.0764E-5	-1.2798E-5	-1.5040E-5	-1.6999E-5	-1.7547E-5	-1.4212E-5	-1.3299E-5	-1.1010E-5	-8.7535E-6	-6.3854E-6	-4.5359E-6	-3.2404E-6	-2.4092E-6	-9.3254E-7	-5.6649E-7	1.3972E-6	3.6579E-6	6.0720E-6	9.5525E-6	1.5211E-5	1.3075E-5	8.0854E-6	5.1412E-6	4.0554E-6	2.8036E-6	2.2414E-6	1.4789E-6	2.3549E-6	2.9991E-6	3.7670E-6	4.7423E-6	6.1380E-6	5.4105E-6	6.6759E-6	6.1640E-6	6.3390E-6	6.2986E-6	5.6611E-6	6.2118E-6	5.4178E-6	4.3538E-6	5.1757E-6	5.0366E-6	4.9235E-6	4.5049E-6	3.7743E-6	2.1871E-6	2.4946E-6	2.5251E-6	2.7245E-6	2.3777E-6	2.2419E-6	2.6092E-6	2.2282E-6
1.5641E+1	-7.2468E-6	-7.2631E-6	-9.7559E-6	-1.1554E-5	-1.4143E-5	-1.6101E-5	-1.7791E-5	-1.4732E-5	-1.1946E-5	-8.9470E-6	-7.1721E-6	-6.2525E-6	-4.6613E-6	-3.5636E-6	-2.6535E-6	-1.9178E-6	-1.4766E-6	5.7262E-7	1.9025E-6	4.1581E-6	5.1829E-6	9.4882E-6	1.3174E-5	9.9871E-6	5.9568E-6	3.6235E-6	3.2220E-6	2.0318E-6	1.6537E-6	1.1404E-6	2.6204E-6	3.9474E-6	4.3157E-6	5.4553E-6	5.6427E-6	5.5038E-6	5.8884E-6	6.1520E-6	6.2188E-6	5.6275E-6	5.5219E-6	5.0782E-6	4.9357E-6	3.9354E-6	4.5668E-6	3.8901E-6	4.1114E-6	4.1383E-6	2.9733E-6	2.8970E-6	2.7107E-6	2.5487E-6	2.2615E-6	2.1288E-6	1.7374E-6	1.7923E-6
1.5679E+1	-6.4485E-6	-6.5566E-6	-8.6554E-6	-1.0473E-5	-1.1979E-5	-1.4928E-5	-1.5918E-5	-1.5897E-5	-1.1622E-5	-8.4895E-6	-6.3122E-6	-5.5334E-6	-3.9147E-6	-3.7958E-6	-2.6763E-6	-1.9268E-6	-2.2881E-6	-9.9331E-7	9.4820E-7	2.6156E-6	4.8003E-6	5.3429E-6	9.4079E-6	9.8081E-6	7.2696E-6	4.4724E-6	3.2879E-6	2.1808E-6	2.0309E-6	1.6375E-6	2.1597E-6	2.5369E-6	4.0305E-6	4.9856E-6	5.4886E-6	5.2337E-6	4.9762E-6	5.5220E-6	5.4118E-6	4.9272E-6	5.9093E-6	4.6090E-6	5.1609E-6	4.0030E-6	4.3054E-6	4.0362E-6	3.0563E-6	3.4930E-6	2.9357E-6	2.4407E-6	2.7774E-6	2.6402E-6	2.8969E-6	1.6767E-6	2.1739E-6	1.1726E-6
1.5717E+1	-6.6046E-6	-6.5490E-6	-7.5435E-6	-9.4146E-6	-1.0628E-5	-1.3330E-5	-1.4587E-5	-1.4295E-5	-1.2041E-5	-6.4834E-6	-5.3407E-6	-5.0012E-6	-3.6516E-6	-3.0736E-6	-2.8082E-6	-2.1255E-6	-1.4166E-6	-1.3979E-6	7.9618E-8	7.6802E-7	2.5357E-6	4.3366E-6	5.7251E-6	8.5074E-6	6.9703E-6	4.5844E-6	3.5471E-6	2.5939E-6	2.1712E-6	2.3543E-6	2.6102E-6	2.9526E-6	2.9600E-6	4.5624E-6	4.2536E-6	5.1687E-6	4.8465E-6	4.9178E-6	4.7567E-6	4.1338E-6	4.3022E-6	4.1794E-6	4.5840E-6	3.8506E-6	3.8784E-6	3.9571E-6	2.7753E-6	2.9503E-6	3.5001E-6	1.6781E-6	2.0810E-6	2.5514E-6	2.2760E-6	1.6909E-6	1.8096E-6	2.1779E-6
1.5755E+1	-5.1218E-6	-5.9904E-6	-7.4159E-6	-8.1999E-6	-9.6975E-6	-1.1550E-5	-1.3313E-5	-1.3711E-5	-1.2233E-5	-7.9250E-6	-3.7103E-6	-3.7781E-6	-3.3015E-6	-2.7252E-6	-2.4658E-6	-1.9322E-6	-1.5011E-6	-7.8710E-7	1.0756E-8	1.1753E-6	1.3713E-6	2.7406E-6	3.5095E-6	5.7179E-6	8.0733E-6	5.0895E-6	2.8575E-6	3.0031E-6	1.4666E-6	2.4303E-6	2.5422E-6	3.0015E-6	3.7415E-6	4.4171E-6	3.9259E-6	4.2805E-6	5.0417E-6	4.6565E-6	4.6174E-6	4.4157E-6	4.3774E-6	3.3634E-6	3.6217E-6	3.6194E-6	3.1975E-6	3.2499E-6	3.0456E-6	2.3292E-6	3.1455E-6	1.6852E-6	1.4858E-6	2.3649E-6	2.3356E-6	5.2047E-7	1.2436E-6	1.4616E-6
1.5793E+1	-5.2427E-6	-4.9426E-6	-5.9526E-6	-7.5337E-6	-8.6134E-6	-9.9351E-6	-1.1522E-5	-1.1576E-5	-1.1513E-5	-8.2979E-6	-4.8538E-6	-2.3547E-6	-3.1547E-6	-2.2074E-6	-2.9795E-6	-1.5363E-6	-2.0870E-6	-1.5120E-6	-1.7753E-7	1.2800E-7	1.6981E-6	2.0097E-6	2.9007E-6	2.9634E-6	5.4382E-6	7.0365E-6	3.8017E-6	3.1769E-6	2.0651E-6	1.7297E-6	2.2948E-6	2.5263E-6	2.8684E-6	3.9467E-6	3.8054E-6	3.9852E-6	4.2450E-6	4.1002E-6	4.1702E-6	4.2401E-6	4.1303E-6	3.8163E-6	3.4201E-6	3.1749E-6	3.4500E-6	2.2939E-6	3.0282E-6	2.8601E-6	2.3346E-6	1.4886E-6	1.4807E-6	1.9339E-6	1.9942E-6	1.3615E-6	2.2361E-7	1.7027E-6
1.5831E+1	-4.4296E-6	-4.8828E-6	-5.4102E-6	-5.9197E-6	-8.3744E-6	-8.0285E-6	-9.9833E-6	-1.0057E-5	-9.8625E-6	-8.1747E-6	-4.3605E-6	-2.0143E-6	-1.6909E-6	-1.3404E-6	-2.1672E-6	-1.5343E-6	-1.2351E-6	-2.0917E-6	-1.2590E-7	-2.9353E-7	7.6322E-7	1.2864E-6	2.1477E-6	3.0558E-6	3.1337E-6	4.9468E-6	5.3750E-6	3.3396E-6	2.2736E-6	2.4497E-6	2.1084E-6	3.1493E-6	3.2930E-6	2.5232E-6	3.6696E-6	3.7485E-6	4.2924E-6	3.5540E-6	3.8812E-6	3.6724E-6	3.7451E-6	3.2978E-6	3.0945E-6	2.8589E-6	2.5956E-6	2.5449E-6	1.5980E-6	3.2888E-6	1.5745E-6	2.0217E-6	1.2553E-6	1.9325E-6	1.3042E-6	1.5277E-6	3.4294E-7	7.5897E-7
1.5869E+1	-3.9639E-6	-3.9923E-6	-4.8224E-6	-5.0741E-6	-6.9467E-6	-7.8032E-6	-7.9887E-6	-8.8175E-6	-8.0435E-6	-7.5471E-6	-4.7438E-6	-2.0662E-6	-1.3951E-6	-4.6799E-7	-9.9550E-7	-1.5489E-6	-1.5492E-6	-9.6159E-7	-2.9804E-7	1.7943E-7	7.9459E-7	1.1550E-6	1.5861E-6	2.2803E-6	2.9395E-6	3.4993E-6	4.8602E-6	4.4104E-6	2.7059E-6	2.4440E-6	2.6310E-6	2.8710E-6	3.7311E-6	2.7653E-6	3.2050E-6	3.7171E-6	3.4710E-6	3.7302E-6	3.8130E-6	4.2944E-6	2.9389E-6	4.0810E-6	3.1235E-6	2.8133E-6	2.4395E-6	2.8668E-6	1.6043E-6	2.2224E-6	1.0410E-6	1.2930E-6	1.6870E-6	1.1118E-6	1.1073E-6	1.3488E-6	5.4109E-7	4.7966E-7
1.5906E+1	-3.8122E-6	-4.4544E-6	-4.1876E-6	-4.8309E-6	-5.3947E-6	-6.6079E-6	-6.6157E-6	-7.6889E-6	-6.6736E-6	-5.9278E-6	-3.9281E-6	-1.8994E-6	-1.1561E-6	-5.2819E-7	4.7606E-8	-3.8175E-7	-1.4193E-6	-1.1296E-6	-1.7411E-7	-1.7805E-7	4.1290E-7	5.5357E-7	1.3728E-6	2.2835E-6	2.4918E-6	2.7268E-6	3.7171E-6	4.0540E-6	3.7812E-6	2.7206E-6	2.9234E-6	3.7844E-6	3.3997E-6	2.9755E-6	3.0835E-6	3.6247E-6	3.5336E-6	2.8112E-6	2.9222E-6	3.5464E-6	3.5273E-6	2.6091E-6	3.8272E-6	2.4320E-6	2.1943E-6	2.6309E-6	2.0873E-6	2.6327E-6	1.4692E-6	2.0362E-6	1.3228E-6	1.0343E-6	8.3586E-7	1.4284E-6	4.8045E-7	7.5634E-7
1.5944E+1	-3.8474E-6	-4.3909E-6	-4.3784E-6	-4.7079E-6	-4.8352E-6	-5.5260E-6	-5.7676E-6	-5.6811E-6	-5.9259E-6	-5.0503E-6	-3.7528E-6	-1.5487E-6	-6.0802E-7	9.4371E-9	1.3901E-7	2.3086E-7	3.1923E-7	3.4475E-7	2.1750E-7	6.6971E-7	4.8738E-7	5.2127E-7	5.1619E-8	1.3910E-6	2.3325E-6	2.5056E-6	2.9161E-6	3.9215E-6	5.2047E-6	3.5112E-6	3.4688E-6	3.6514E-6	4.0879E-6	3.6686E-6	3.5764E-6	2.6693E-6	3.8233E-6	3.3128E-6	3.0245E-6	2.4243E-6	3.0091E-6	3.0636E-6	2.4687E-6	2.7516E-6	2.0438E-6	2.1207E-6	8.6673E-7	1.1486E-6	1.2812E-6	1.5975E-6	1.8373E-6	2.4741E-7	5.9824E-7	1.0853E-6	5.7771E-7	5.5624E-7
1.5982E+1	-3.2080E-6	-3.6203E-6	-4.6149E-6	-4.6829E-6	-4.8977E-6	-4.1492E-6	-5.0035E-6	-5.0132E-6	-4.0494E-6	-4.5537E-6	-2.7147E-6	-1.8411E-6	-1.1388E-6	3.5906E-8	7.3485E-7	3.0502E-7	4.1800E-7	6.9092E-7	7.2411E-7	1.0523E-6	1.1140E-6	1.1244E-6	9.8398E-7	1.0536E-6	1.6801E-6	1.4812E-6	1.8793E-6	1.9028E-6	5.7167E-6	5.0941E-6	4.5444E-6	4.8384E-6	3.8400E-6	4.1781E-6	4.5078E-6	3.8439E-6	3.5875E-6	3.8158E-6	3.1771E-6	3.6226E-6	2.6608E-6	2.7614E-6	2.9258E-6	2.1460E-6	2.4656E-6	2.2229E-6	2.0109E-6	9.8983E-7	1.6124E-6	1.5246E-6	7.7099E-7	7.9518E-7	5.3258E-7	8.7676E-7	3.8430E-7	7.9546E-7
1.6020E+1	-3.7412E-6	-3.7225E-6	-4.1832E-6	-5.3534E-6	-5.2164E-6	-4.6627E-6	-3.3737E-6	-4.1501E-6	-3.2742E-6	-3.6157E-6	-2.5165E-6	-3.8636E-7	-5.1652E-7	-1.6977E-7	4.6616E-7	1.1345E-6	1.2308E-6	1.0220E-6	7.8918E-7	1.1489E-6	5.1905E-7	4.4159E-7	4.2355E-7	1.5253E-6	1.7900E-6	1.4123E-6	1.6781E-6	2.0425E-6	3.1262E-6	5.7434E-6	4.8608E-6	5.0512E-6	5.1265E-6	4.2649E-6	3.5227E-6	3.7616E-6	4.2725E-6	4.2500E-6	3.3933E-6	3.9267E-6	3.7678E-6	2.9351E-6	2.9685E-6	2.5670E-6	2.3845E-6	1.2705E-6	1.3203E-6	1.1969E-6	1.4969E-6	1.9835E-6	9.7782E-7	2.2724E-7	8.0134E-7	1.0883E-6	7.6266E-7	1.0439E-6
1.6058E+1	-3.7067E-6	-4.2636E-6	-4.6430E-6	-5.4135E-6	-6.4488E-6	-5.4995E-6	-4.3489E-6	-2.5919E-6	-3.1888E-6	-2.9320E-6	-2.4713E-6	-8.7789E-7	4.2371E-7	8.8507E-7	5.8596E-7	1.1232E-6	1.0074E-6	1.8141E-6	1.2921E-6	2.3716E-6	1.3212E-6	8.5991E-7	2.6364E-7	1.0771E-6	1.2134E-6	7.7105E-7	7.3800E-7	2.2522E-6	2.8538E-6	4.2397E-6	6.4783E-6	4.8000E-6	5.0701E-6	5.7764E-6	4.4024E-6	3.9451E-6	3.8381E-6	4.0008E-6	3.3838E-6	3.9559E-6	3.5779E-6	2.8120E-6	3.4328E-6	2.7334E-6	3.1120E-6	2.0599E-6	1.3847E-6	1.9509E-6	1.3814E-6	1.5579E-6	9.0055E-7	1.1810E-6	2.3413E-7	4.5960E-7	3.8111E-7	9.2745E-7
1.6096E+1	-2.9497E-6	-3.8177E-6	-5.0198E-6	-5.4083E-6	-6.9984E-6	-6.3100E-6	-5.6010E-6	-2.4918E-6	-1.4658E-6	-2.4594E-6	-2.1210E-6	-1.3019E-6	-2.0032E-7	1.2627E-6	7.0303E-7	1.7564E-6	6.2350E-7	1.7970E-6	1.1610E-6	1.6590E-6	1.8481E-6	1.4157E-6	8.3946E-7	9.4723E-7	1.4919E-6	7.1645E-7	1.0151E-6	1.9574E-6	2.4011E-6	3.3412E-6	5.8581E-6	6.1193E-6	4.4430E-6	5.4101E-6	4.6593E-6	4.8080E-6	5.1565E-6	4.2481E-6	4.0971E-6	3.9740E-6	3.8626E-6	3.0631E-6	2.5279E-6	2.7865E-6	2.4523E-6	2.2695E-6	1.0932E-6	2.2707E-6	2.1917E-6	1.9757E-6	1.3470E-6	1.3644E-6	1.7852E-6	1.0695E-6	5.0108E-7	4.1990E-7
1.6134E+1	-3.4442E-6	-3.2744E-6	-4.8903E-6	-5.5129E-6	-7.4258E-6	-7.6952E-6	-6.3215E-6	-4.4439E-6	-1.2210E-6	-5.6299E-7	-1.4736E-6	-9.9328E-7	-8.1716E-7	9.7822E-7	9.3932E-7	1.0721E-6	1.4872E-6	1.7419E-6	2.3309E-6	1.3765E-6	1.3005E-6	1.7073E-6	1.8077E-6	5.7072E-7	9.9610E-7	1.9856E-8	3.7376E-7	1.3887E-6	2.1567E-6	2.7787E-6	5.0859E-6	6.0396E-6	5.7107E-6	4.9240E-6	5.1265E-6	4.4023E-6	5.0995E-6	3.9935E-6	4.4948E-6	4.2877E-6	3.7085E-6	3.8069E-6	3.3777E-6	2.4135E-6	2.7496E-6	2.1720E-6	2.0359E-6	1.6420E-6	1.5501E-6	1.5275E-6	1.5181E-6	1.0376E-6	8.4450E-7	1.7303E-6	1.2470E-6	1.3360E-6
1.6171E+1	-3.8415E-6	-3.8752E-6	-4.4847E-6	-5.7719E-6	-5.9016E-6	-8.4917E-6	-7.1104E-6	-4.8593E-6	-2.5073E-6	1.5261E-7	-4.9929E-7	-1.0419E-6	-3.8176E-7	-3.4811E-7	1.0307E-6	3.8595E-7	1.1877E-6	2.1957E-6	1.8184E-6	2.1781E-6	1.3738E-6	1.0263E-6	1.8633E-6	1.0735E-6	1.2296E-6	3.7604E-7	5.5929E-7	1.0198E-6	1.0948E-6	1.9898E-6	3.5860E-6	4.2042E-6	6.2075E-6	5.4045E-6	4.7299E-6	4.7886E-6	5.5676E-6	4.2886E-6	4.1546E-6	3.9953E-6	3.4949E-6	3.6434E-6	3.2305E-6	3.2658E-6	2.2778E-6	2.2432E-6	2.0552E-6	2.9528E-6	1.8293E-6	1.7566E-6	1.4649E-6	1.2121E-6	7.2647E-7	7.5597E-7	6.4874E-8	6.6565E-7
1.6209E+1	-3.8277E-6	-4.2248E-6	-4.4569E-6	-6.4250E-6	-6.3414E-6	-7.2154E-6	-8.2503E-6	-5.9080E-6	-3.6743E-6	-3.0734E-7	1.0212E-6	-8.7912E-7	-6.0679E-7	3.6381E-7	4.4331E-7	8.5994E-7	6.3101E-7	2.2689E-6	2.3260E-6	1.6366E-6	2.2389E-6	1.6502E-6	1.6279E-6	9.1624E-7	8.6863E-7	1.8793E-7	2.7491E-7	8.8486E-7	1.8928E-6	1.5743E-6	3.3473E-6	2.6114E-6	4.5630E-6	6.1449E-6	5.3138E-6	4.5997E-6	4.0587E-6	4.7602E-6	4.4099E-6	4.2704E-6	3.1180E-6	3.6585E-6	2.7798E-6	3.2580E-6	2.7617E-6	1.9744E-6	2.2388E-6	1.7620E-6	1.9685E-6	1.8577E-6	2.0353E-6	1.2688E-6	1.4601E-6	2.2761E-6	1.4520E-6	1.0673E-6
1.6247E+1	-3.6225E-6	-4.3045E-6	-4.5190E-6	-5.6237E-6	-6.5664E-6	-6.8090E-6	-7.6608E-6	-6.5547E-6	-4.8687E-6	-2.5372E-6	3.1226E-7	-2.8536E-7	-1.2078E-6	-7.4409E-7	3.1398E-7	2.7333E-7	8.4457E-7	8.0221E-7	1.7590E-6	1.3984E-6	1.6370E-6	1.2970E-6	1.6054E-6	8.5812E-7	8.0040E-7	3.6105E-7	6.8886E-7	3.0603E-7	1.3092E-6	1.9935E-6	2.4900E-6	3.1659E-6	3.5368E-6	5.0658E-6	5.3459E-6	5.8007E-6	4.6774E-6	3.6839E-6	4.3730E-6	3.9059E-6	3.6533E-6	3.0167E-6	3.1967E-6	2.5205E-6	2.7875E-6	2.0674E-6	2.6904E-6	2.1239E-6	1.2351E-6	1.0381E-6	1.6251E-6	9.9535E-7	9.7805E-7	7.1339E-7	1.8590E-6	1.4281E-6
1.6285E+1	-3.3658E-6	-3.8571E-6	-4.4598E-6	-5.0814E-6	-6.2937E-6	-5.9441E-6	-6.9839E-6	-6.5603E-6	-4.9222E-6	-3.0092E-6	-4.1555E-7	-6.6900E-7	-2.5895E-7	-2.6901E-7	3.5536E-8	4.0301E-7	3.8364E-7	9.8601E-7	9.5562E-7	7.0152E-7	1.3680E-6	1.2652E-6	7.5831E-7	7.1771E-7	-2.2860E-7	-4.0960E-7	-9.8037E-8	1.8292E-7	6.9012E-7	1.6165E-6	2.4446E-6	2.6928E-6	3.7011E-6	4.3087E-6	5.3914E-6	4.7236E-6	4.9699E-6	4.6276E-6	4.4444E-6	4.2054E-6	3.5568E-6	2.8902E-6	2.8047E-6	3.1880E-6	2.3168E-6	2.2158E-6	2.2663E-6	2.2308E-6	2.1468E-6	1.2534E-6	1.3023E-6	1.2021E-6	1.9180E-6	1.0308E-6	1.2028E-6	1.7937E-6
1.6323E+1	-3.6721E-6	-3.9438E-6	-5.2077E-6	-4.9713E-6	-6.0700E-6	-6.2596E-6	-6.2667E-6	-6.2531E-6	-5.8527E-6	-4.0879E-6	-1.5620E-6	-8.9784E-7	-1.0593E-6	2.7977E-7	-2.7127E-7	7.9560E-7	3.1105E-7	5.4928E-7	9.8248E-7	1.1437E-6	4.9855E-7	9.8546E-7	5.1418E-7	2.3811E-7	3.5764E-7	7.9126E-8	4.5237E-8	1.2515E-7	-2.2851E-7	9.5420E-7	1.7396E-6	2.8257E-6	3.4942E-6	2.9135E-6	4.6080E-6	5.3126E-6	4.0751E-6	4.8281E-6	4.0577E-6	4.5436E-6	3.9470E-6	3.5905E-6	2.6235E-6	2.4635E-6	2.9170E-6	2.6502E-6	2.5816E-6	1.7995E-6	1.7789E-6	1.9656E-6	1.8151E-6	8.4738E-7	1.6950E-6	1.0040E-6	1.1713E-6	8.0602E-7
1.6361E+1	-2.8771E-6	-3.2477E-6	-4.0873E-6	-5.3359E-6	-6.0358E-6	-6.3201E-6	-6.6699E-6	-5.3795E-6	-5.3612E-6	-4.0809E-6	-3.1169E-6	-1.5928E-6	-1.3612E-6	9.3045E-8	-1.7323E-7	-5.7882E-7	3.4082E-7	3.7611E-7	3.6930E-7	1.3272E-6	1.3048E-6	7.5635E-7	3.1857E-7	-7.7857E-7	-1.3920E-6	-5.3140E-7	-1.6527E-7	4.4781E-7	3.7974E-7	4.4569E-7	2.2400E-6	1.8882E-6	3.6584E-6	3.1072E-6	2.8482E-6	4.2263E-6	4.0058E-6	4.7405E-6	4.2867E-6	3.6462E-6	3.7301E-6	3.2948E-6	3.6869E-6	2.3502E-6	2.2855E-6	2.2651E-6	2.7493E-6	2.5267E-6	1.7552E-6	1.5817E-6	2.5970E-6	2.0639E-6	1.9447E-6	1.9188E-6	1.5481E-6	1.0275E-6
1.6399E+1	-2.9615E-6	-3.5549E-6	-4.2685E-6	-4.0921E-6	-5.0429E-6	-7.0114E-6	-6.5671E-6	-5.8081E-6	-4.9076E-6	-3.4002E-6	-2.7934E-6	-2.0364E-6	-1.2226E-6	-9.9202E-7	3.0794E-7	-8.2003E-8	-6.6761E-7	2.5425E-7	1.1260E-7	9.3071E-7	1.0548E-6	1.2334E-6	9.6382E-7	7.8443E-8	-3.9012E-7	-1.6811E-6	-8.6406E-7	-2.9247E-7	-1.9892E-7	-1.3998E-7	1.5751E-6	2.6075E-6	2.3629E-6	3.1412E-6	3.2649E-6	3.1166E-6	3.7396E-6	4.0816E-6	4.0325E-6	4.1395E-6	3.2870E-6	3.1214E-6	2.8294E-6	2.6772E-6	2.8270E-6	2.1240E-6	1.6293E-6	2.2987E-6	1.7298E-6	1.6291E-6	1.6624E-6	1.9079E-6	1.8229E-6	1.6788E-6	2.1596E-6	1.1548E-6
1.6437E+1	-2.6762E-6	-2.8117E-6	-3.6111E-6	-5.4125E-6	-3.9253E-6	-6.3607E-6	-6.8632E-6	-5.4724E-6	-5.2080E-6	-3.2056E-6	-2.9884E-6	-1.9881E-6	-9.7422E-7	-8.8831E-7	-1.3428E-6	1.1819E-8	-3.3342E-7	-1.0338E-7	3.4260E-7	5.8755E-7	6.7413E-7	3.6654E-7	5.2020E-7	-5.3220E-7	-1.4864E-8	-3.4424E-7	-1.2590E-6	-3.2589E-7	1.2201E-7	-5.8832E-7	4.7910E-7	1.4544E-6	2.5682E-6	2.1286E-6	2.9838E-6	3.4884E-6	2.9642E-6	4.5906E-6	3.3795E-6	4.1925E-6	3.8119E-6	2.8561E-6	3.2294E-6	1.8107E-6	2.6749E-6	2.4100E-6	1.8434E-6	2.0143E-6	1.6496E-6	1.5844E-6	2.2388E-6	1.2870E-6	1.3984E-6	1.4893E-6	1.5275E-6	2.0522E-6
1.6474E+1	-2.3895E-6	-3.1323E-6	-3.1660E-6	-4.0662E-6	-4.7127E-6	-5.7123E-6	-6.3054E-6	-5.2582E-6	-4.8437E-6	-2.6292E-6	-2.2500E-6	-1.7500E-6	-5.9033E-7	-1.9705E-7	-5.7993E-7	-3.3463E-7	-3.1680E-7	-2.1496E-7	6.3205E-7	5.4130E-7	8.8473E-7	3.4470E-7	4.6188E-7	-3.0515E-7	-6.3697E-7	-9.4641E-7	-8.6927E-7	-8.3325E-7	-1.8194E-7	9.3226E-8	-2.3679E-7	9.6788E-7	1.1923E-6	2.3787E-6	1.6589E-6	3.0517E-6	2.5731E-6	3.1732E-6	3.6304E-6	3.3214E-6	4.5635E-6	2.9613E-6	3.4160E-6	2.6292E-6	2.2173E-6	2.1946E-6	1.6506E-6	1.8934E-6	1.6561E-6	1.4487E-6	1.9455E-6	1.6593E-6	1.3155E-6	1.1433E-6	1.2465E-6	8.5098E-7
1.6512E+1	-3.2205E-6	-2.2159E-6	-3.6986E-6	-4.2995E-6	-4.6262E-6	-5.6404E-6	-6.3008E-6	-5.4000E-6	-5.2541E-6	-3.6493E-6	-2.2445E-6	-2.1453E-6	-1.5360E-6	-8.3494E-7	-5.5653E-7	-2.1340E-7	1.4132E-7	-3.4485E-7	9.5955E-7	2.2772E-7	7.6955E-7	4.0692E-7	4.7098E-8	3.4242E-7	2.9462E-8	-2.1721E-7	-1.4001E-6	-5.6946E-7	-6.1920E-7	9.6889E-8	1.8922E-7	6.7252E-7	1.5437E-6	2.2419E-6	2.5530E-6	2.4491E-6	2.5828E-6	2.3671E-6	2.9586E-6	2.2754E-6	3.3900E-6	3.3882E-6	3.0149E-6	3.1327E-6	3.2451E-6	2.0103E-6	1.7836E-6	1.5698E-6	2.0409E-6	1.4561E-6	1.6421E-6	9.0726E-7	1.1578E-6	1.3456E-6	1.2475E-6	1.2110E-6
1.6550E+1	-2.5156E-6	-2.5323E-6	-2.7975E-6	-3.4093E-6	-4.8628E-6	-5.3033E-6	-4.7986E-6	-5.3064E-6	-4.5681E-6	-3.9005E-6	-2.0448E-6	-1.1748E-6	-1.2252E-6	-1.7775E-6	-8.9177E-7	-7.5383E-7	-2.7955E-7	-4.8763E-7	-6.4523E-9	2.5031E-7	1.6994E-7	3.2886E-7	-7.3325E-7	-3.2021E-7	-5.9296E-7	-2.6757E-7	-8.6940E-7	-8.5910E-7	-7.4443E-7	-7.3252E-7	-3.8417E-8	7.3970E-7	6.8449E-7	2.2232E-6	2.3310E-6	2.7211E-6	2.6496E-6	2.2780E-6	2.8424E-6	2.3674E-6	2.2549E-6	2.8708E-6	2.9217E-6	2.1523E-6	3.1144E-6	2.9274E-6	2.1151E-6	1.3187E-6	1.4404E-6	2.2964E-6	1.4401E-6	1.3795E-6	6.7315E-7	5.4490E-7	1.2114E-6	4.3280E-7
1.6588E+1	-2.2050E-6	-1.9331E-6	-3.3147E-6	-3.2397E-6	-4.0521E-6	-5.1819E-6	-4.9244E-6	-4.4304E-6	-4.4116E-6	-4.2544E-6	-3.1662E-6	-1.7768E-6	-9.7676E-7	-9.8748E-7	-9.7491E-7	-3.8193E-7	-8.1277E-8	1.3939E-7	-1.5428E-7	-3.0243E-9	4.2615E-8	4.2723E-7	-1.0725E-7	-1.8590E-7	-8.4822E-7	-5.2506E-7	-1.2229E-6	-1.0020E-6	-5.4795E-7	-8.0490E-7	-4.1857E-7	9.1415E-7	1.2460E-6	1.7801E-6	2.1407E-6	2.2301E-6	2.3851E-6	2.4357E-6	2.5565E-6	2.2905E-6	2.2872E-6	2.7086E-6	2.7833E-6	2.2035E-6	2.2477E-6	1.8789E-6	2.4740E-6	2.2421E-6	1.1053E-6	1.1436E-6	1.8936E-6	8.6399E-7	1.5772E-6	3.6680E-7	8.9709E-7	7.8033E-7
1.6626E+1	-2.5024E-6	-1.3099E-6	-2.7959E-6	-3.4160E-6	-4.0436E-6	-4.0377E-6	-4.0838E-6	-4.7573E-6	-3.4641E-6	-3.3022E-6	-2.6794E-6	-1.9559E-6	-1.9477E-6	-1.5393E-6	-9.5944E-7	-4.5008E-7	-3.4301E-7	3.9158E-7	-6.2247E-7	2.5162E-7	-3.2800E-7	-4.3838E-7	-1.2193E-7	2.5771E-7	-6.9140E-7	-6.9305E-7	-5.6873E-7	-1.2101E-6	-9.3149E-7	-1.1851E-6	-7.1114E-7	4.6587E-8	5.5499E-7	1.8392E-6	1.5672E-6	1.9078E-6	2.2864E-6	2.0009E-6	2.4821E-6	2.4818E-6	2.3010E-6	2.7299E-6	2.8139E-6	2.2666E-6	2.3402E-6	2.0616E-6	1.2108E-6	2.0534E-6	2.1220E-6	9.3981E-7	1.0427E-6	1.4197E-6	9.6687E-7	1.0977E-6	5.9983E-7	4.6828E-7
1.6664E+1	-2.1962E-6	-1.9078E-6	-1.8234E-6	-2.9939E-6	-3.8536E-6	-4.2183E-6	-4.0090E-6	-4.0053E-6	-4.2075E-6	-3.0733E-6	-2.8262E-6	-1.4717E-6	-1.9018E-6	-1.4630E-6	-1.7364E-6	-1.4462E-7	-8.2303E-7	4.4957E-7	-3.3507E-7	-8.2129E-8	4.3370E-7	-4.1198E-7	-4.3606E-7	2.2223E-7	-3.2432E-7	-7.4354E-7	-8.2038E-7	-6.6807E-7	-5.5374E-8	-4.0866E-7	-7.2020E-7	1.5466E-7	3.8323E-7	6.0417E-7	1.0851E-6	1.1687E-6	1.5074E-6	2.2724E-6	1.3954E-6	2.1437E-6	2.3906E-6	3.1229E-6	2.2135E-6	2.5401E-6	2.1851E-6	2.0174E-6	1.5400E-6	1.3777E-6	1.7287E-6	1.3578E-6	1.0213E-6	5.7184E-7	1.1657E-6	6.8330E-7	1.1567E-6	5.4034E-7
1.6702E+1	-1.5999E-6	-1.8537E-6	-2.5361E-6	-2.1167E-6	-3.1997E-6	-3.3464E-6	-3.6565E-6	-4.0041E-6	-3.7993E-6	-2.9477E-6	-2.1526E-6	-1.5456E-6	-1.6187E-6	-1.2582E-6	-1.4654E-6	-5.9813E-7	-3.9394E-7	-8.0271E-7	-5.6539E-7	-6.5876E-7	-1.0005E-7	-1.4612E-7	-2.1283E-7	-1.3289E-7	-1.3132E-7	-9.1870E-7	-5.6670E-7	-1.4654E-6	-9.7364E-7	-9.1412E-9	4.2003E-7	-3.6583E-7	7.8584E-7	4.5581E-7	7.9123E-7	1.4283E-6	1.1060E-6	1.6380E-6	1.6157E-6	1.4023E-6	1.5921E-6	2.0813E-6	2.7877E-6	1.9811E-6	2.2795E-6	2.1308E-6	1.3491E-6	1.6457E-6	1.5549E-6	1.2269E-6	1.2988E-6	8.1873E-7	6.2702E-7	8.0357E-7	7.2557E-7	8.1620E-7
1.6739E+1	-1.5477E-6	-1.5868E-6	-1.7774E-6	-2.8767E-6	-2.7127E-6	-3.5104E-6	-3.3357E-6	-3.2881E-6	-3.6492E-6	-3.3873E-6	-2.3782E-6	-1.6859E-6	-1.6593E-6	-1.3427E-6	-1.1096E-6	-9.2081E-7	-2.1812E-7	-3.5870E-7	-5.7537E-7	-4.2754E-7	-4.3897E-7	-4.5030E-7	-3.3408E-7	-1.9204E-7	1.2233E-7	-6.2664E-7	-9.1172E-7	-4.0007E-7	-9.5753E-7	-8.3119E-7	-2.2978E-7	7.0882E-7	1.6483E-7	3.8125E-7	2.4195E-7	1.6513E-6	1.3064E-6	2.1662E-6	1.2168E-6	1.8280E-6	1.7441E-6	1.4732E-6	1.1202E-6	2.6036E-6	1.3043E-6	2.0664E-6	9.7206E-7	1.8375E-6	1.0354E-6	1.7499E-6	1.0951E-6	6.0814E-7	5.3742E-7	9.4962E-7	5.3643E-7	6.6492E-7
1.6777E+1	-1.2892E-6	-1.5917E-6	-1.6767E-6	-1.8154E-6	-3.0572E-6	-2.6373E-6	-3.3384E-6	-3.6712E-6	-3.0770E-6	-2.7574E-6	-1.9652E-6	-1.8867E-6	-1.5126E-6	-1.4357E-6	-9.7494E-7	-6.6752E-7	-8.1813E-7	-3.3165E-7	-9.8248E-7	6.7151E-8	-1.4860E-7	-7.4348E-8	-1.0014E-6	-6.6923E-7	-7.2071E-7	-2.5841E-7	-1.0978E-6	-9.8273E-7	-1.3940E-6	1.8011E-7	-7.5690E-7	2.5770E-7	6.3059E-7	2.2014E-7	7.3749E-7	6.3322E-7	1.1825E-6	1.5027E-6	1.7458E-6	1.4317E-6	1.7884E-6	1.4668E-6	1.6185E-6	1.8699E-6	1.6033E-6	1.5263E-6	1.0205E-6	1.5474E-6	1.2587E-6	9.6460E-7	1.8743E-6	9.1358E-7	4.2677E-7	7.3004E-7	1.5170E-6	1.1503E-7
1.6815E+1	-9.4650E-7	-1.2217E-6	-8.8612E-7	-1.9207E-6	-2.0567E-6	-3.3526E-6	-2.1613E-6	-3.2589E-6	-3.0999E-6	-3.0509E-6	-2.0277E-6	-2.2987E-6	-1.8955E-6	-1.6431E-6	-1.4864E-6	-5.9700E-7	-7.7128E-7	-5.3348E-7	-8.2216E-7	-3.1262E-7	2.3860E-7	5.8483E-7	-3.3422E-7	-5.2105E-7	-5.1057E-7	-9.9205E-7	-6.3717E-7	-4.8907E-7	-1.2620E-6	-1.1816E-6	-5.2947E-7	-7.0419E-8	6.3656E-7	1.2963E-7	1.3426E-6	8.1120E-7	7.3159E-7	1.0605E-6	7.9416E-7	1.2151E-6	1.6458E-6	1.2902E-6	8.8079E-7	2.0956E-6	1.4487E-6	1.6152E-6	1.2421E-6	1.3857E-6	9.2205E-7	1.3994E-6	6.9173E-7	1.1048E-6	8.3080E-7	4.1560E-7	9.9650E-7	8.7538E-7
1.6853E+1	-1.2208E-6	-1.2283E-6	-8.2288E-7	-1.2778E-6	-1.5555E-6	-2.3970E-6	-2.8347E-6	-2.5048E-6	-2.6253E-6	-1.9605E-6	-1.6932E-6	-2.0006E-6	-1.7964E-6	-1.4659E-6	-1.3482E-6	-1.0544E-6	-6.9091E-7	-4.2914E-7	-1.0810E-6	-4.5251E-7	-4.2277E-7	-2.2907E-7	-1.5338E-7	-5.0653E-7	-4.8446E-7	-6.7838E-7	-9.4779E-7	-1.1062E-6	-9.7654E-7	6.0160E-8	-6.9365E-7	-5.6106E-7	4.1976E-7	2.4596E-7	1.2437E-6	8.4954E-7	9.5610E-7	1.0193E-6	6.5035E-7	7.0529E-7	7.0473E-7	8.7965E-7	1.3615E-6	8.2094E-7	1.1063E-6	1.4266E-6	1.4243E-6	1.9021E-6	8.6468E-7	9.9462E-7	1.4413E-6	1.8388E-7	8.3510E-7	8.8608E-7	1.0969E-6	7.9577E-7
1.6891E+1	-1.2674E-6	-7.4348E-7	-6.6920E-7	-1.4458E-6	-1.6040E-6	-1.9344E-6	-2.4198E-6	-2.5301E-6	-2.3956E-6	-1.9281E-6	-1.5378E-6	-2.3090E-6	-2.0286E-6	-1.8974E-6	-1.0885E-6	-7.4289E-7	-1.3154E-6	-4.8221E-7	-5.0383E-7	-1.9265E-7	1.6148E-7	-5.7289E-7	-8.4594E-7	-2.1836E-8	-6.6680E-7	-8.2055E-7	-2.8449E-7	-4.2045E-7	-1.7749E-6	-9.7948E-7	3.7509E-7	-3.7882E-7	1.9827E-7	3.0295E-7	6.5554E-7	1.2047E-6	-2.4390E-8	1.4023E-6	4.3398E-7	8.2546E-7	1.3605E-6	6.8688E-7	9.4457E-7	1.5116E-6	3.2894E-7	1.4286E-6	1.0902E-6	1.3916E-6	1.0317E-6	1.0562E-6	1.1488E-6	7.5089E-7	-9.6038E-8	4.8197E-7	3.7112E-7	1.0475E-6
1.6929E+1	-1.2961E-6	-1.2062E-6	-9.1203E-7	-6.8394E-7	-1.6804E-6	-1.7239E-6	-2.2456E-6	-2.3405E-6	-2.2991E-6	-1.3195E-6	-1.3204E-6	-1.4304E-6	-1.6268E-6	-1.9178E-6	-1.6618E-6	-4.7441E-7	-1.0785E-6	-9.4194E-7	-1.1062E-6	-5.4620E-7	-1.4712E-7	-3.3821E-7	-6.5051E-7	-9.1539E-7	-7.1857E-7	-1.0224E-6	-1.1122E-6	-1.4857E-7	-7.6498E-7	-7.5911E-7	-8.7742E-8	3.7081E-8	2.3204E-7	9.5766E-7	-1.1384E-7	1.2193E-6	6.0710E-7	5.6831E-7	8.3035E-7	-2.1396E-7	4.8001E-7	8.7018E-7	9.2124E-7	1.0297E-6	1.0973E-6	8.7568E-7	1.4427E-6	1.6749E-6	7.7920E-7	3.1889E-7	1.5598E-6	7.4364E-7	9.7072E-7	2.8581E-7	5.2243E-7	-3.9945E-7
1.6967E+1	-3.9548E-7	-6.5837E-7	-7.5927E-7	-1.3593E-6	-1.2636E-6	-1.8752E-6	-1.7323E-6	-2.2055E-6	-1.7119E-6	-1.3443E-6	-1.1185E-6	-1.8423E-6	-1.0224E-6	-1.4329E-6	-1.1853E-6	-8.1393E-7	-6.5709E-7	-1.1513E-6	-1.6676E-7	-8.6188E-7	-1.2484E-7	-8.4195E-7	-7.0744E-9	-4.8979E-7	-1.0792E-6	-8.1180E-7	-1.0870E-6	-8.6027E-7	-1.0845E-6	-1.1168E-6	1.1025E-7	-4.7723E-7	8.8361E-8	4.5377E-7	1.0359E-6	2.2340E-7	9.1572E-7	9.4009E-7	1.4711E-6	6.3809E-7	8.3430E-7	5.8836E-7	7.8231E-7	4.1013E-7	1.2856E-6	1.1597E-6	4.4942E-7	1.0743E-6	1.5596E-6	1.9828E-7	8.0240E-7	5.9362E-7	7.4300E-7	4.0895E-7	9.8001E-7	5.9485E-7
1.7005E+1	-7.4091E-7	-1.3571E-6	-2.1591E-7	-6.2953E-7	-1.6511E-6	-1.3552E-6	-1.7893E-6	-2.2817E-6	-2.3546E-6	-1.5387E-6	-7.9474E-7	-6.4023E-7	-9.7978E-7	-1.1727E-6	-1.2358E-6	-1.0656E-6	-5.3348E-7	-1.0347E-6	-7.0868E-7	-2.4762E-7	-2.4561E-7	-4.9314E-7	-1.7155E-7	-5.4625E-7	-4.5062E-7	-9.6213E-7	-4.3925E-7	-8.2884E-7	-4.1823E-7	-1.2097E-6	-5.1741E-8	-4.0194E-7	9.3031E-8	-9.7978E-7	6.7128E-7	9.7676E-7	1.7988E-7	2.9911E-7	4.0370E-7	9.0509E-7	9.3782E-7	1.3808E-6	8.0870E-7	6.7820E-7	8.7238E-7	1.2762E-6	8.0298E-7	6.6024E-7	7.4871E-7	3.9647E-7	7.0441E-7	3.1079E-7	8.5999E-7	8.8997E-8	-4.8186E-8	9.6392E-7
1.7042E+1	1.0133E-7	-8.0594E-7	-8.6335E-7	-4.6476E-7	-1.5526E-6	-1.0516E-6	-1.0665E-6	-1.2062E-6	-1.6086E-6	-2.0163E-6	-1.9329E-6	-1.2378E-6	-2.4333E-7	-4.4398E-7	-7.7024E-7	-8.4680E-7	-1.4541E-6	-1.3746E-6	-6.0911E-7	-1.0925E-6	-1.6638E-7	-7.0896E-7	3.2126E-7	-1.0902E-6	8.6584E-8	-8.7844E-7	-5.0733E-7	-7.6580E-7	-4.1024E-7	-5.9827E-7	-3.4137E-7	-4.0075E-7	3.1231E-7	-3.6798E-7	-2.4239E-7	1.1278E-6	6.7924E-7	5.5898E-7	-3.2764E-8	8.0935E-8	6.8726E-7	1.4044E-6	1.0301E-6	5.2164E-7	1.6162E-6	6.0372E-7	8.3243E-7	5.4763E-7	1.2968E-6	3.2453E-7	4.9158E-7	3.0982E-7	9.1620E-8	5.1711E-7	1.3652E-7	-4.1392E-7
1.7080E+1	-7.1542E-7	-1.0441E-6	-3.5532E-7	-1.5658E-7	-1.5094E-6	-9.4478E-7	-1.1931E-6	-1.0939E-6	-1.7308E-6	-1.0181E-6	-1.1301E-6	-1.0011E-6	-1.0307E-6	-1.6556E-7	-8.8479E-7	-4.7631E-7	-4.2081E-7	-1.7295E-6	-6.0421E-7	-7.4013E-7	-6.6943E-7	-1.0507E-6	-1.2182E-8	-4.6629E-7	-1.5706E-7	-5.8662E-8	-6.0961E-7	-8.5573E-7	-1.8704E-7	-7.1344E-7	-4.2080E-7	-2.9896E-7	-4.1808E-7	-3.0673E-7	2.3460E-7	2.4974E-7	8.0298E-7	1.1542E-7	9.7865E-8	5.6840E-7	5.1960E-7	4.6546E-7	6.6665E-7	6.0946E-7	1.2273E-6	6.6664E-7	4.3434E-7	9.3720E-7	5.4713E-7	9.9226E-7	6.6944E-7	8.2724E-7	4.1852E-7	-6.3418E-8	8.8640E-7	7.5633E-7
1.7118E+1	2.2551E-7	-5.0193E-7	-1.1827E-6	-4.6461E-7	-7.8780E-7	-7.2518E-7	-8.7252E-7	3.8726E-8	-1.2879E-6	-1.3852E-6	-1.1034E-6	-1.0381E-6	-5.1655E-7	-4.6499E-7	-3.8795E-7	-7.7656E-7	-9.0768E-7	-1.1101E-6	-8.6308E-7	-6.0555E-7	-4.7670E-7	-1.0350E-6	-1.3590E-6	-5.6407E-7	1.8868E-7	-2.2410E-7	7.7639E-8	-8.7867E-7	-1.9575E-7	1.9665E-7	-6.9305E-7	-4.0316E-7	-1.3241E-7	-6.2102E-7	3.1802E-7	2.9754E-7	5.4676E-7	1.1573E-7	-2.6706E-7	8.3170E-8	1.0366E-6	1.0684E-6	-4.0346E-8	2.3296E-7	9.6114E-7	3.9621E-7	-1.5862E-7	1.6979E-7	1.4991E-6	4.1287E-8	7.2937E-7	5.7849E-7	4.5202E-7	2.3353E-7	4.1444E-7	2.9566E-7
1.7156E+1	5.1019E-7	3.2880E-7	1.7826E-7	-1.2457E-6	-9.1896E-7	-3.9533E-7	-1.3579E-6	-5.5065E-7	-8.1298E-7	-6.3195E-7	-1.2450E-7	-2.8761E-7	-8.9663E-7	-3.8695E-7	-9.5414E-7	-4.3649E-7	-7.3612E-7	-1.0359E-6	-1.4667E-7	7.1210E-8	-4.2039E-7	-3.0057E-7	-5.6204E-7	-7.6829E-7	-3.1859E-7	-2.5458E-7	-4.9585E-7	-5.1732E-8	-6.7889E-7	-4.8231E-7	6.3701E-7	-8.4186E-7	-9.7642E-8	-3.8949E-7	2.2951E-7	-9.2256E-8	6.0433E-7	-7.7537E-8	5.4055E-7	8.2760E-7	5.1152E-7	6.3733E-7	7.6776E-7	8.5062E-7	5.6063E-7	3.7447E-7	4.9263E-7	-5.6642E-7	2.6059E-7	1.2234E-6	2.3754E-7	6.9792E-7	2.8806E-7	1.5984E-7	5.1639E-7	9.8684E-7
1.7194E+1	4.0577E-7	1.3546E-7	8.3096E-8	-3.5421E-7	-8.0824E-7	-5.1174E-7	-7.3512E-7	-1.0087E-6	-1.0521E-6	-9.8270E-7	-1.2081E-6	-2.5941E-7	-9.4716E-8	-8.6083E-7	-4.7190E-7	-1.0738E-6	-1.0486E-6	-1.2818E-6	-9.6452E-7	-2.1878E-7	-5.2812E-7	-9.0684E-7	-6.2453E-7	4.0997E-7	-2.3178E-7	-4.2327E-7	-8.5743E-7	-2.2067E-7	1.3745E-7	-1.0039E-6	1.0083E-9	-9.1872E-8	-6.4477E-7	9.8900E-8	-4.2690E-7	-8.1250E-8	-5.7048E-7	-5.0677E-7	-4.7618E-7	5.8070E-7	1.0514E-6	2.5750E-7	-2.4731E-7	9.7431E-7	7.8065E-7	6.1108E-7	5.0294E-7	7.2612E-7	-6.2800E-8	2.4139E-7	9.0610E-7	4.7585E-7	5.0904E-7	6.4259E-7	-2.0108E-7	-5.9107E-9
1.7232E+1	-8.8436E-8	1.8537E-7	-2.7266E-7	-1.0126E-6	-1.1690E-7	-2.2128E-7	-3.4692E-7	-6.9277E-7	-1.2155E-6	2.2541E-7	-5.6811E-7	-1.1512E-6	-2.4102E-7	-2.8161E-7	-8.3351E-7	-4.5976E-7	-1.1393E-6	-2.2474E-7	-2.6456E-7	-4.4690E-8	-1.0012E-6	-7.1457E-7	-9.7544E-7	1.7137E-7	-3.8872E-7	-4.6008E-8	-9.9672E-7	-5.1933E-7	-3.9097E-7	-2.5184E-7	-3.5232E-7	-1.0630E-7	-4.6850E-7	-1.0545E-7	4.8246E-7	7.3903E-8	2.9441E-7	-8.8763E-7	4.0535E-7	-5.8097E-7	8.4741E-7	8.7473E-8	-2.1322E-7	2.2715E-7	-2.4996E-8	-1.3816E-7	4.4998E-7	6.8067E-8	2.6110E-7	2.9742E-7	3.7591E-7	2.1970E-7	3.5385E-7	4.4223E-7	7.8817E-7	-2.1998E-7
1.7270E+1	-7.6873E-8	1.3964E-7	-2.6980E-7	-6.1318E-7	-9.1481E-7	-2.1900E-7	-6.2120E-7	-5.4536E-7	-1.0064E-6	-5.6781E-7	-2.0110E-7	-1.1259E-6	-9.5230E-7	-4.6085E-7	-5.7520E-7	-7.5501E-8	-9.8323E-7	-8.2053E-7	1.5600E-7	1.5027E-7	-3.6906E-8	-9.5413E-7	-3.4642E-7	-4.0997E-8	-4.3981E-7	-6.6532E-7	-1.4837E-7	-5.3608E-7	-7.8592E-7	-5.6701E-7	-5.2606E-8	-4.5892E-7	7.7684E-8	-3.5540E-7	-3.7348E-7	-2.4937E-7	5.6762E-7	-6.0352E-7	4.1030E-7	-5.7227E-8	3.3225E-7	5.0113E-7	2.9251E-7	4.6892E-7	7.1346E-7	1.6717E-7	1.2531E-7	4.5800E-7	3.6672E-8	-2.1950E-7	9.6712E-7	1.6039E-7	3.8424E-7	4.7184E-7	2.2915E-8	2.3046E-7
1.7307E+1	1.0765E-7	-2.1802E-7	-4.7394E-7	-7.1900E-7	2.0448E-7	-1.2255E-7	1.3158E-7	-8.2633E-7	-3.0563E-7	-2.0255E-7	-1.1242E-7	-5.3033E-7	-8.8333E-7	-4.3948E-7	-1.2004E-6	-8.5284E-7	-2.0189E-7	-6.2455E-7	-2.2050E-7	-6.8608E-8	-4.2084E-7	6.6482E-8	-1.3712E-7	5.7095E-7	-8.3370E-7	-1.1788E-7	-6.2919E-7	-6.2297E-8	-7.5306E-7	-5.0086E-7	-3.7221E-7	-3.2323E-7	-4.5482E-7	4.0559E-7	6.9797E-7	-8.1222E-7	1.9576E-7	6.0892E-8	1.1092E-7	-2.8541E-7	2.0409E-7	-3.6679E-7	-3.8815E-8	2.3159E-7	3.7435E-7	4.0884E-7	5.2416E-7	9.9849E-8	4.5576E-7	9.1822E-9	-4.0949E-7	8.6596E-7	-4.1904E-7	5.3513E-7	2.0605E-7	5.0997E-7
1.7345E+1	-5.1899E-7	-1.9370E-7	-2.5446E-7	-8.1247E-7	-8.3855E-7	-1.0502E-7	-6.9897E-7	-6.8748E-7	-6.1202E-7	-3.2696E-7	-3.4028E-7	-4.2009E-7	-2.7922E-7	-3.5275E-8	4.4816E-8	-5.5642E-7	-9.5387E-7	3.5628E-8	-7.6412E-7	-1.3215E-7	-5.0894E-7	-5.9858E-7	-1.1443E-7	1.4235E-7	-3.0064E-7	-7.8491E-7	6.3520E-7	-7.3568E-7	-5.5550E-7	-5.0990E-7	-3.7779E-8	-1.0900E-7	-2.0029E-7	-2.6739E-7	7.0728E-7	-4.2169E-8	-1.7735E-7	1.0875E-7	7.6476E-7	-6.2240E-8	4.5998E-7	1.8097E-7	3.3712E-7	-2.4697E-7	9.0665E-7	4.4251E-7	6.3160E-7	4.1216E-7	-1.7477E-8	1.1108E-6	-4.8694E-8	1.8772E-7	6.3094E-7	-2.6613E-7	-3.1548E-7	8.1762E-7
1.7383E+1	-2.3870E-7	-6.6339E-7	-4.5835E-7	-1.9282E-7	2.1682E-7	3.0822E-7	1.0551E-7	-9.2791E-7	-3.2433E-7	-9.5200E-7	-5.3146E-7	-8.2685E-7	-4.9925E-7	8.6149E-8	-1.8386E-7	2.1639E-7	-5.4430E-7	-1.8211E-7	-1.9973E-7	-6.5492E-7	-2.1747E-7	-1.7807E-7	5.4064E-8	8.7821E-8	-6.7679E-7	-2.3286E-7	-3.8893E-7	-1.6822E-7	-6.8690E-7	-4.4791E-7	-4.7623E-7	-9.2005E-8	-5.8396E-7	-1.0413E-7	6.9864E-7	-2.5031E-7	1.2771E-7	-4.6638E-7	6.3364E-8	3.7245E-8	3.1423E-7	-2.3997E-7	6.0025E-8	-2.1498E-7	2.9487E-7	2.8317E-7	6.3748E-7	5.2739E-7	-3.2458E-7	1.4559E-7	6.5737E-7	2.6160E-8	3.5999E-7	5.6064E-7	-1.0306E-7	3.1895E-7
1.7421E+1	-6.3482E-7	-5.5840E-7	-2.3978E-7	-1.1025E-6	-8.5363E-7	1.6039E-7	6.3980E-8	-3.4328E-7	2.0750E-7	-3.4569E-7	-4.1541E-7	-4.4200E-7	-7.9063E-7	-3.4657E-7	2.2600E-7	5.0157E-8	2.0640E-7	-1.8087E-7	-2.2276E-7	-4.3844E-8	-5.6577E-7	-3.2244E-7	-3.0978E-7	1.4541E-7	1.4343E-7	-9.3616E-8	9.7067E-7	-1.0377E-6	-1.3824E-7	-3.3135E-7	4.8960E-7	1.8962E-7	-2.8065E-8	-3.6238E-7	4.9153E-7	1.2828E-7	3.6336E-7	-4.7541E-9	7.9982E-9	-1.9454E-7	6.4537E-7	2.1093E-7	8.2835E-7	-4.4450E-7	8.0192E-7	-1.3009E-7	2.7197E-7	-1.1807E-8	2.7208E-7	-1.1695E-7	-9.9218E-8	-1.2914E-7	3.1645E-7	2.4867E-7	1.1750E-7	3.3173E-7
