0.0000E+0	1.4422E+1	1.4478E+1	1.4533E+1	1.4589E+1	1.4644E+1	1.4700E+1	1.4755E+1	1.4811E+1	1.4866E+1	1.4922E+1	1.4977E+1	1.5033E+1	1.5088E+1	1.5143E+1	1.5199E+1	1.5254E+1	1.5310E+1	1.5365E+1	1.5421E+1	1.5476E+1	1.5532E+1	1.5587E+1	1.5643E+1	1.5698E+1	1.5754E+1	1.5809E+1	1.5865E+1	1.5920E+1	1.5976E+1	1.6031E+1	1.6087E+1	1.6142E+1	1.6197E+1	1.6253E+1	1.6308E+1	1.6364E+1	1.6419E+1	1.6475E+1	1.6530E+1	1.6586E+1	1.6641E+1	1.6697E+1	1.6752E+1	1.6808E+1	1.6863E+1	1.6919E+1	1.6974E+1	1.7030E+1	1.7085E+1	1.7140E+1	1.7196E+1	1.7251E+1	1.7307E+1	1.7362E+1	1.7418E+1	1.7473E+1
1.4430E+1	3.9083E-8	4.7342E-8	6.9158E-8	6.3020E-8	8.8558E-8	8.9586E-8	7.7125E-8	7.0625E-8	2.0972E-9	3.7852E-8	3.4129E-8	-1.9206E-8	-3.6868E-8	-3.7763E-8	-5.4842E-8	-5.7215E-8	-5.1822E-8	-5.8425E-8	-3.1777E-8	2.8234E-9	-1.9984E-8	6.1413E-9	-1.6102E-8	2.1629E-8	5.7275E-9	-2.4683E-8	2.9943E-8	-2.5119E-8	-2.1697E-8	1.8342E-8	1.2204E-8	-3.3980E-10	-9.6592E-9	-1.2818E-8	-3.5465E-8	3.6980E-10	-2.3375E-8	-1.4573E-8	-2.1823E-8	-4.6555E-8	3.7756E-10	4.7341E-9	-4.7902E-8	-1.6258E-8	-4.0893E-8	-1.7631E-8	7.1543E-9	-1.8275E-9	-2.3472E-8	1.6171E-8	3.1761E-8	7.1546E-10	-1.0497E-8	-1.0144E-8	-1.7982E-8	4.1052E-9
1.4468E+1	6.8483E-8	1.0864E-7	1.5253E-7	1.4144E-7	1.6249E-7	1.3762E-7	1.4770E-7	9.1494E-8	8.6040E-8	-4.1066E-10	3.6378E-8	-1.8669E-8	1.2223E-8	-8.3495E-8	-9.0535E-8	-8.7113E-8	-2.7382E-8	-2.7688E-8	-8.5428E-8	-5.0875E-8	-3.5818E-8	-2.1086E-8	-2.2317E-8	-3.6101E-10	2.4423E-9	-3.0176E-8	9.4139E-9	5.9227E-9	-2.1812E-8	-4.9285E-8	-5.7345E-8	1.5989E-8	-1.6002E-8	-3.4387E-8	-3.6555E-8	-8.1105E-8	-4.7743E-8	-1.5104E-8	-2.7837E-8	-2.0254E-8	-4.9761E-8	-1.0434E-8	-5.4830E-8	-2.3990E-9	-3.4591E-8	-2.5753E-8	-1.1354E-8	1.4543E-8	-1.5981E-8	-6.3847E-9	1.1519E-8	-1.9869E-8	-3.7868E-10	1.7523E-8	-2.4922E-8	-5.2293E-8
1.4505E+1	1.8479E-7	1.8897E-7	2.8920E-7	2.4015E-7	3.1474E-7	1.9795E-7	2.1069E-7	1.0740E-7	1.2841E-7	1.2184E-7	2.2515E-8	9.8163E-10	3.4854E-8	-2.5516E-8	-1.2969E-7	-1.1520E-7	-1.0041E-7	-5.3246E-8	-5.1657E-8	-8.3625E-8	-5.0380E-8	-6.8136E-8	-4.9076E-8	-1.3793E-8	-4.1910E-9	-2.4617E-8	-2.4526E-8	-8.2757E-9	3.0367E-8	-1.4464E-9	-8.3349E-8	-4.4699E-8	6.5910E-9	-5.8069E-8	2.2755E-8	-4.8566E-8	-7.7919E-8	-6.3647E-8	-5.0879E-8	-5.7929E-8	-1.9620E-8	-4.7385E-8	-7.2168E-8	-5.2556E-8	-4.2566E-8	-4.1551E-8	-3.9061E-8	-5.2948E-8	-8.3690E-9	-5.5972E-9	2.1761E-8	-8.8156E-8	1.3691E-8	-7.1696E-8	-4.9650E-8	-4.6549E-8
1.4543E+1	2.7232E-7	3.1071E-7	4.7402E-7	5.3272E-7	5.8542E-7	4.6125E-7	3.2237E-7	2.6031E-7	1.4166E-7	1.2803E-7	1.0797E-7	3.5044E-8	9.9480E-8	2.6699E-9	-6.4952E-8	-1.1372E-7	-1.6040E-8	-8.3139E-8	-8.9845E-8	-9.9747E-8	-3.6921E-8	-1.0787E-7	-7.4934E-8	-7.3813E-8	-1.7640E-8	-6.4621E-9	-5.0392E-8	-1.1462E-8	-4.3983E-8	-1.9276E-8	-1.7717E-8	-7.9042E-8	-2.9805E-8	-8.0387E-8	-3.8244E-8	-4.4537E-8	-1.6917E-8	-1.2824E-7	-5.1333E-8	-6.3327E-8	-5.7091E-8	-8.1341E-8	-7.0670E-8	-3.2238E-8	-5.3719E-8	-2.4753E-8	1.0289E-8	-6.2713E-8	-1.1290E-7	-6.6569E-8	-7.7572E-8	-8.5629E-8	-3.0643E-8	-2.1780E-8	-1.0767E-7	-3.0529E-8
1.4581E+1	3.5894E-7	3.8630E-7	6.5870E-7	8.6427E-7	9.9751E-7	8.4524E-7	6.1144E-7	4.3245E-7	3.7559E-7	1.7377E-7	1.5572E-7	8.9798E-8	1.1210E-7	1.3423E-7	6.0760E-8	-3.7888E-8	-4.0763E-8	1.1376E-8	-8.1253E-8	-3.5481E-8	-3.3700E-9	-2.0253E-8	-4.5617E-8	-5.7339E-8	-2.9630E-8	5.7235E-8	2.0267E-8	2.8515E-8	2.0741E-8	-2.7601E-8	-4.5033E-9	-4.3685E-8	-3.4573E-8	-3.0524E-8	-3.7870E-8	-5.2588E-8	1.2856E-8	-1.3293E-7	-1.4867E-7	-9.1397E-8	-1.0273E-7	-9.3006E-8	-1.7582E-7	-6.6952E-8	-1.0958E-7	-1.1173E-7	-4.5700E-8	7.4415E-9	-1.3327E-7	-8.7976E-8	-1.6856E-7	-1.3689E-7	-1.1388E-7	-1.0531E-7	-8.0045E-8	-8.2553E-9
1.4619E+1	4.2640E-7	4.9879E-7	7.7112E-7	1.4485E-6	1.6494E-6	1.4271E-6	1.0448E-6	5.6197E-7	3.7774E-7	3.4599E-7	2.6021E-7	2.5868E-7	8.8831E-8	1.2988E-7	2.0325E-7	1.4672E-7	2.3023E-8	7.6916E-8	-5.3926E-8	-6.3802E-8	1.3367E-8	-3.2283E-8	1.7761E-8	-3.7734E-8	1.3215E-9	-1.2036E-8	1.6973E-7	1.3970E-7	1.0009E-7	9.0265E-8	3.5184E-8	-2.9519E-8	-1.9371E-8	-1.7886E-8	-6.6799E-8	-1.1197E-8	2.5500E-8	-6.6569E-9	-6.5807E-8	-6.3631E-8	-1.9794E-7	-6.2480E-8	-1.4046E-7	-1.2301E-7	-6.4553E-8	-1.6056E-7	-1.2900E-7	-1.1966E-7	-1.1270E-7	-1.7375E-7	-1.4638E-7	-1.7707E-7	-1.3111E-7	-1.4296E-7	-1.5926E-7	-9.7710E-8
1.4657E+1	3.8216E-7	4.9166E-7	5.9978E-7	1.5653E-6	2.8012E-6	2.4575E-6	1.9453E-6	1.0958E-6	5.3139E-7	4.1397E-7	4.5649E-7	4.9073E-7	3.6115E-7	2.3464E-7	3.7141E-7	3.3544E-7	1.5247E-7	1.8739E-7	2.9376E-7	1.3483E-7	4.9102E-8	3.9667E-8	3.2900E-8	2.9473E-8	6.3347E-8	3.4084E-8	1.3287E-7	3.4202E-7	3.0132E-7	2.9078E-7	1.8065E-7	1.1326E-7	6.3743E-8	1.4370E-7	-4.2645E-8	4.5043E-8	-8.8817E-8	-4.7232E-8	-6.3442E-8	3.8616E-8	-1.4207E-7	-1.4948E-7	-8.6705E-8	-1.4583E-7	-8.7786E-8	-1.0868E-7	-9.0213E-8	-1.5766E-7	-1.3026E-7	-1.3680E-7	-1.3919E-7	-1.5266E-7	-1.7297E-7	-1.3981E-7	-1.1587E-7	-2.2162E-7
1.4695E+1	2.6870E-6	1.7129E-6	3.3431E-6	6.1223E-6	2.9190E-5	3.9541E-5	3.0057E-5	1.9740E-5	1.0462E-5	6.8387E-6	5.5915E-6	7.6633E-6	5.9302E-6	3.8152E-6	5.2142E-6	6.8843E-6	4.5578E-6	3.2318E-6	4.0558E-6	5.9033E-6	2.2831E-6	1.8105E-6	2.0230E-6	2.0172E-6	9.1812E-7	1.6872E-6	1.7745E-6	3.6581E-6	5.6534E-6	5.7491E-6	4.5775E-6	3.3064E-6	2.2032E-6	3.2585E-6	2.8145E-6	3.1589E-6	1.5315E-6	5.5981E-7	-1.6690E-8	4.0999E-7	4.6922E-7	-7.3256E-7	-6.2872E-7	-6.2734E-7	-7.7091E-7	-7.5551E-7	-6.9954E-7	-9.5965E-7	-9.4978E-7	-1.7643E-6	-2.8694E-7	-1.2445E-6	-7.2739E-7	-1.1795E-6	-3.2348E-7	-1.3344E-6
1.4733E+1	-3.3235E-7	-6.2181E-7	-1.0708E-6	-1.0541E-6	1.1961E-5	4.5558E-5	4.6087E-5	3.0989E-5	1.9095E-5	1.1125E-5	6.8888E-6	8.5986E-6	1.0255E-5	5.8359E-6	3.9738E-6	6.6619E-6	7.8480E-6	5.8152E-6	5.7902E-6	7.4035E-6	5.7026E-6	2.8058E-6	2.8111E-6	3.7872E-6	2.4842E-6	1.9482E-6	2.6703E-6	2.7665E-6	6.3161E-6	8.2023E-6	8.1388E-6	6.0084E-6	4.0904E-6	3.6056E-6	4.0606E-6	4.9254E-6	3.7975E-6	3.1675E-6	1.7486E-6	1.6047E-6	1.7942E-6	1.4405E-6	2.5760E-7	3.0732E-7	-2.8665E-7	8.6064E-7	-3.6976E-7	-5.7196E-7	-2.3322E-8	-9.5573E-7	-1.0691E-6	-5.1889E-7	-9.8970E-7	-8.8152E-7	-8.0347E-7	-1.4797E-7
1.4770E+1	-4.3768E-6	-3.9064E-6	-5.7404E-6	-6.1785E-6	-2.8484E-6	2.7281E-5	6.3433E-5	4.8572E-5	3.1690E-5	1.6280E-5	9.1084E-6	7.4381E-6	1.2025E-5	1.1383E-5	6.7274E-6	4.8056E-6	9.2061E-6	8.3645E-6	6.2381E-6	7.9650E-6	8.7490E-6	6.5011E-6	4.0795E-6	4.1883E-6	4.1180E-6	2.5751E-6	3.1342E-6	2.9756E-6	4.9587E-6	9.4120E-6	1.2127E-5	9.5901E-6	7.7306E-6	5.9014E-6	5.6136E-6	5.8843E-6	5.5256E-6	5.0688E-6	4.1852E-6	3.4921E-6	3.0806E-6	3.1326E-6	2.1152E-6	1.7935E-6	4.9751E-7	1.6509E-6	1.6800E-6	6.2072E-7	1.6709E-7	3.5855E-7	2.1823E-8	-4.2320E-7	6.0698E-7	-1.1000E-7	-6.8389E-7	-9.5046E-8
1.4808E+1	-5.9494E-6	-9.2418E-6	-9.2457E-6	-1.4223E-5	-1.0546E-5	-1.1551E-6	5.3878E-5	7.8879E-5	5.0251E-5	3.0655E-5	1.1779E-5	9.0726E-6	9.1344E-6	1.4307E-5	1.0385E-5	6.0947E-6	7.4570E-6	1.1361E-5	8.5607E-6	6.1171E-6	8.7237E-6	1.0235E-5	6.5160E-6	5.1177E-6	5.4157E-6	4.7005E-6	2.9075E-6	2.9770E-6	3.7796E-6	7.2496E-6	1.3687E-5	1.2449E-5	1.1450E-5	9.0207E-6	7.6034E-6	7.9710E-6	7.3830E-6	6.9933E-6	5.8604E-6	5.8280E-6	5.3465E-6	4.4294E-6	3.7585E-6	3.4925E-6	2.3571E-6	2.1779E-6	2.3737E-6	2.6891E-6	1.9406E-6	1.5547E-6	6.9875E-7	5.6178E-7	6.8196E-7	1.0043E-6	3.0622E-7	4.1968E-7
1.4846E+1	-1.0405E-5	-1.1945E-5	-1.5839E-5	-1.8499E-5	-2.2001E-5	-1.7918E-5	8.7002E-6	7.9808E-5	7.8100E-5	4.7324E-5	2.5684E-5	1.1810E-5	1.0995E-5	1.3624E-5	1.5689E-5	8.4850E-6	8.0893E-6	9.9473E-6	1.1796E-5	8.2563E-6	7.2153E-6	1.0987E-5	9.6435E-6	5.9838E-6	5.6267E-6	6.5368E-6	5.5804E-6	3.4681E-6	4.3480E-6	5.5548E-6	1.1734E-5	1.3644E-5	1.3369E-5	1.2276E-5	9.2984E-6	8.9224E-6	9.3231E-6	9.5945E-6	8.5127E-6	7.0117E-6	7.3813E-6	6.5608E-6	5.7610E-6	5.5417E-6	4.2776E-6	3.6618E-6	3.1084E-6	3.7909E-6	3.6616E-6	4.1123E-6	2.6237E-6	1.5295E-6	2.4178E-6	2.0559E-6	9.5212E-7	1.5106E-6
1.4884E+1	-1.3086E-5	-1.4790E-5	-1.9346E-5	-2.2575E-5	-2.7943E-5	-2.7366E-5	-1.8724E-5	3.1925E-5	9.5949E-5	6.8981E-5	3.9913E-5	1.8890E-5	1.1923E-5	1.2332E-5	1.6243E-5	1.2829E-5	8.6667E-6	9.5039E-6	1.1078E-5	1.0418E-5	8.0182E-6	9.1089E-6	1.0814E-5	8.0859E-6	5.6700E-6	5.4889E-6	6.0794E-6	4.4447E-6	4.1878E-6	4.8089E-6	8.7730E-6	1.3113E-5	1.4639E-5	1.3514E-5	1.2598E-5	9.1009E-6	9.3297E-6	9.7712E-6	1.0720E-5	8.8004E-6	8.1557E-6	7.5921E-6	7.6852E-6	7.2030E-6	6.6157E-6	5.0467E-6	3.9818E-6	4.0544E-6	5.0021E-6	4.2752E-6	3.7791E-6	2.5818E-6	1.9135E-6	2.7179E-6	2.3094E-6	1.5297E-6
1.4922E+1	-1.5582E-5	-1.9078E-5	-2.1442E-5	-2.8207E-5	-3.1985E-5	-3.7657E-5	-3.0445E-5	-1.2825E-5	6.2801E-5	1.0376E-4	5.9016E-5	3.4951E-5	1.6060E-5	1.5645E-5	1.4677E-5	1.7490E-5	1.1608E-5	1.0634E-5	1.0818E-5	1.2707E-5	9.4240E-6	8.9410E-6	1.0067E-5	1.1217E-5	7.4428E-6	6.6620E-6	5.7785E-6	6.6945E-6	4.6953E-6	5.0305E-6	6.0412E-6	1.0605E-5	1.4272E-5	1.4339E-5	1.4524E-5	1.2340E-5	1.0016E-5	1.0572E-5	1.0526E-5	1.1413E-5	8.9072E-6	9.0524E-6	8.5926E-6	8.6745E-6	7.8172E-6	7.6981E-6	6.0087E-6	5.7036E-6	5.6565E-6	6.6584E-6	4.2623E-6	4.6777E-6	3.2476E-6	2.4761E-6	2.8087E-6	3.4189E-6
1.4960E+1	-1.8820E-5	-2.0586E-5	-2.5502E-5	-2.9686E-5	-3.7900E-5	-4.0633E-5	-4.3220E-5	-2.9733E-5	4.0065E-6	9.0028E-5	9.0012E-5	4.6961E-5	2.7423E-5	1.6273E-5	1.6577E-5	1.5817E-5	1.6070E-5	1.1166E-5	1.1664E-5	1.2205E-5	1.2179E-5	8.4291E-6	8.3013E-6	1.0833E-5	9.4998E-6	6.8681E-6	5.7700E-6	6.9416E-6	6.6714E-6	5.8976E-6	6.8403E-6	8.6969E-6	1.2785E-5	1.3824E-5	1.4271E-5	1.3535E-5	1.1816E-5	1.0749E-5	1.0616E-5	1.1632E-5	1.0765E-5	9.6515E-6	1.0055E-5	8.5674E-6	8.5202E-6	7.9087E-6	7.2667E-6	6.4128E-6	5.5414E-6	6.5051E-6	5.6512E-6	5.2665E-6	4.7038E-6	3.9281E-6	3.5752E-6	4.0731E-6
1.4998E+1	-1.9078E-5	-2.1401E-5	-2.5825E-5	-3.0587E-5	-3.7911E-5	-4.2374E-5	-4.5776E-5	-3.8787E-5	-2.0015E-5	3.3753E-5	9.7678E-5	6.6815E-5	3.7831E-5	2.2193E-5	1.7959E-5	1.5809E-5	1.5740E-5	1.3080E-5	1.1519E-5	1.1875E-5	1.1774E-5	1.0333E-5	8.1178E-6	8.5516E-6	9.7621E-6	7.4861E-6	6.0979E-6	6.0859E-6	7.1967E-6	5.8185E-6	7.2032E-6	8.1499E-6	1.1317E-5	1.3266E-5	1.3946E-5	1.3193E-5	1.3509E-5	1.0739E-5	1.0562E-5	1.0532E-5	1.1099E-5	1.0006E-5	1.0917E-5	9.4933E-6	8.7142E-6	8.4033E-6	8.2227E-6	7.3700E-6	5.4858E-6	6.2266E-6	5.7025E-6	5.3381E-6	4.9856E-6	3.9792E-6	4.3401E-6	4.0784E-6
1.5036E+1	-1.8328E-5	-2.1938E-5	-2.5284E-5	-3.1565E-5	-3.5809E-5	-4.2797E-5	-4.3581E-5	-4.3283E-5	-2.8978E-5	-4.1542E-6	5.6236E-5	8.2996E-5	4.6661E-5	3.0915E-5	1.9297E-5	1.8139E-5	1.4768E-5	1.4856E-5	1.1721E-5	1.1905E-5	1.0587E-5	1.0060E-5	8.7203E-6	7.5834E-6	7.4254E-6	7.8603E-6	6.3364E-6	6.1486E-6	7.0187E-6	7.3561E-6	6.8866E-6	8.9725E-6	9.3617E-6	1.2152E-5	1.2631E-5	1.3055E-5	1.3410E-5	1.2297E-5	1.0512E-5	1.0580E-5	1.0498E-5	9.9428E-6	9.2820E-6	1.0274E-5	9.1880E-6	8.2149E-6	7.5102E-6	7.6594E-6	6.2229E-6	6.0096E-6	5.9011E-6	5.9016E-6	4.8219E-6	4.9594E-6	4.2011E-6	4.5637E-6
1.5073E+1	-1.7149E-5	-1.9989E-5	-2.4929E-5	-2.9924E-5	-3.5839E-5	-3.9440E-5	-4.2691E-5	-3.9286E-5	-3.3704E-5	-1.4080E-5	1.3914E-5	6.3423E-5	6.1281E-5	3.4582E-5	2.4617E-5	1.6222E-5	1.5475E-5	1.4093E-5	1.3349E-5	1.1009E-5	1.0536E-5	9.6563E-6	9.2896E-6	7.1264E-6	6.0278E-6	6.0737E-6	6.6108E-6	5.4486E-6	5.7656E-6	7.0249E-6	7.4682E-6	8.5320E-6	9.9874E-6	1.0247E-5	1.1640E-5	1.1667E-5	1.2507E-5	1.1355E-5	1.1374E-5	9.9627E-6	1.0651E-5	1.0232E-5	9.3535E-6	8.6099E-6	9.8220E-6	8.3042E-6	8.2566E-6	6.7876E-6	6.7377E-6	6.7186E-6	4.9759E-6	5.8174E-6	4.9654E-6	4.3992E-6	4.6915E-6	3.9726E-6
1.5111E+1	-1.6658E-5	-1.8198E-5	-2.3313E-5	-2.8173E-5	-3.4587E-5	-3.8310E-5	-3.9249E-5	-3.7612E-5	-3.1889E-5	-1.8949E-5	-1.0490E-8	2.7186E-5	5.8757E-5	4.4188E-5	2.7998E-5	1.9228E-5	1.3437E-5	1.3701E-5	1.3011E-5	1.1275E-5	9.3096E-6	9.0540E-6	8.5837E-6	6.9331E-6	5.6119E-6	5.0111E-6	5.3301E-6	5.8758E-6	5.4398E-6	6.2007E-6	7.9087E-6	8.2573E-6	9.7197E-6	1.0325E-5	1.0608E-5	1.0908E-5	1.1667E-5	1.0906E-5	1.0330E-5	9.7270E-6	9.0907E-6	8.8939E-6	9.2484E-6	8.6649E-6	8.3498E-6	7.5653E-6	7.1834E-6	7.1554E-6	5.9210E-6	7.0280E-6	5.6381E-6	5.2341E-6	5.2199E-6	4.5778E-6	4.0876E-6	4.6964E-6
1.5149E+1	-1.5316E-5	-1.7936E-5	-2.1165E-5	-2.6537E-5	-3.2023E-5	-3.7646E-5	-3.6895E-5	-3.5785E-5	-2.9112E-5	-1.9845E-5	-5.3969E-6	9.5827E-6	3.3759E-5	4.9578E-5	3.2377E-5	2.2950E-5	1.5155E-5	1.3183E-5	1.1681E-5	1.1430E-5	9.0605E-6	9.0016E-6	7.6813E-6	6.2734E-6	4.4951E-6	4.4924E-6	3.0756E-6	4.3263E-6	4.5364E-6	5.5857E-6	7.0320E-6	8.5084E-6	9.2464E-6	9.8637E-6	1.0676E-5	9.9550E-6	1.0420E-5	1.0955E-5	1.0296E-5	9.5161E-6	9.2782E-6	8.5288E-6	7.5913E-6	8.2387E-6	7.9121E-6	7.6399E-6	7.1965E-6	6.4905E-6	5.7522E-6	5.5965E-6	5.1618E-6	5.0400E-6	4.4342E-6	4.6408E-6	3.8903E-6	3.7718E-6
1.5187E+1	-1.3937E-5	-1.5971E-5	-2.0401E-5	-2.4138E-5	-2.9764E-5	-3.4872E-5	-3.5906E-5	-3.2752E-5	-2.7848E-5	-1.7097E-5	-8.3633E-6	4.2024E-6	1.4855E-5	3.6985E-5	3.9711E-5	2.5208E-5	1.8179E-5	1.3823E-5	1.2269E-5	9.8654E-6	9.5540E-6	7.9176E-6	7.3373E-6	6.1799E-6	4.8653E-6	3.8006E-6	2.8462E-6	3.0095E-6	3.7015E-6	4.6916E-6	5.9976E-6	7.5258E-6	9.2498E-6	9.0836E-6	9.7601E-6	9.6299E-6	9.6308E-6	1.0068E-5	9.1225E-6	8.4061E-6	8.3409E-6	9.1541E-6	7.6026E-6	7.2868E-6	6.5819E-6	6.5316E-6	6.8306E-6	6.5693E-6	5.6275E-6	5.3539E-6	4.8706E-6	4.9225E-6	4.2102E-6	4.1994E-6	4.4280E-6	3.5289E-6
1.5225E+1	-1.3168E-5	-1.4564E-5	-1.7806E-5	-2.2952E-5	-2.6620E-5	-3.1561E-5	-3.4516E-5	-3.1339E-5	-2.4968E-5	-1.5826E-5	-7.3996E-6	1.0664E-6	8.3249E-6	1.9658E-5	3.6591E-5	3.1527E-5	2.0903E-5	1.5083E-5	1.2726E-5	1.0630E-5	9.2964E-6	8.3389E-6	6.3425E-6	5.3639E-6	4.2995E-6	3.8187E-6	2.2186E-6	3.3420E-6	3.3379E-6	5.0534E-6	5.1868E-6	7.0158E-6	8.3529E-6	9.3378E-6	9.1376E-6	8.7225E-6	8.8171E-6	1.0008E-5	9.0990E-6	7.3716E-6	7.2083E-6	8.4130E-6	7.4808E-6	7.5039E-6	6.8494E-6	6.6818E-6	6.2998E-6	5.8256E-6	5.0368E-6	4.5954E-6	4.2817E-6	4.3629E-6	3.7966E-6	4.0121E-6	3.8591E-6	4.3112E-6
1.5263E+1	-1.2713E-5	-1.4099E-5	-1.6453E-5	-2.0587E-5	-2.5185E-5	-2.7551E-5	-3.1220E-5	-3.0755E-5	-2.4230E-5	-1.4373E-5	-7.1438E-6	-4.8911E-7	5.0748E-6	1.1405E-5	2.3531E-5	3.2798E-5	2.5086E-5	1.7830E-5	1.3343E-5	1.0662E-5	9.6041E-6	7.9104E-6	6.9456E-6	5.5810E-6	3.4564E-6	3.1594E-6	1.7833E-6	2.6240E-6	3.2593E-6	4.7970E-6	5.4641E-6	6.8939E-6	7.5270E-6	8.3003E-6	8.9754E-6	8.9604E-6	8.2423E-6	8.2610E-6	8.3718E-6	7.4780E-6	6.4991E-6	7.3765E-6	6.4848E-6	6.6192E-6	6.3976E-6	6.5067E-6	6.1643E-6	6.0756E-6	5.3116E-6	4.8393E-6	4.8147E-6	4.2468E-6	3.4163E-6	3.6887E-6	3.6049E-6	3.3627E-6
1.5301E+1	-1.2073E-5	-1.2989E-5	-1.5481E-5	-1.8696E-5	-2.3046E-5	-2.5320E-5	-2.7491E-5	-2.7863E-5	-2.4165E-5	-1.4540E-5	-6.7081E-6	-1.2155E-6	2.3515E-6	7.5126E-6	1.4931E-5	2.5158E-5	2.8784E-5	2.0269E-5	1.6086E-5	1.1447E-5	9.8335E-6	8.1909E-6	6.8263E-6	5.7218E-6	3.8274E-6	3.1936E-6	2.3574E-6	2.2919E-6	2.5491E-6	4.1514E-6	5.2862E-6	6.9324E-6	7.8391E-6	7.6431E-6	8.3657E-6	8.4515E-6	8.8535E-6	8.3259E-6	7.3272E-6	6.7839E-6	7.0521E-6	6.5315E-6	6.4828E-6	5.4671E-6	6.3025E-6	5.7783E-6	5.6655E-6	4.6600E-6	4.5774E-6	4.3027E-6	4.9689E-6	4.5472E-6	3.7956E-6	3.1165E-6	3.3919E-6	2.7632E-6
1.5338E+1	-1.0543E-5	-1.2810E-5	-1.4469E-5	-1.7284E-5	-2.1828E-5	-2.4076E-5	-2.4384E-5	-2.4999E-5	-2.1958E-5	-1.5712E-5	-7.0812E-6	-2.5496E-6	1.3795E-6	3.7136E-6	9.6847E-6	1.6256E-5	2.6282E-5	2.4727E-5	1.7550E-5	1.3556E-5	9.8606E-6	8.4631E-6	7.2525E-6	5.8450E-6	3.9893E-6	2.8860E-6	3.0705E-6	2.7646E-6	2.8279E-6	3.1035E-6	5.6480E-6	6.1487E-6	8.0033E-6	7.7256E-6	8.6504E-6	8.2982E-6	8.1132E-6	8.3509E-6	7.9422E-6	6.3388E-6	7.0813E-6	6.0338E-6	7.1250E-6	5.6154E-6	5.4966E-6	5.3498E-6	5.6923E-6	5.8145E-6	4.0672E-6	4.3514E-6	4.4393E-6	4.6035E-6	4.1434E-6	3.5732E-6	3.3061E-6	2.8918E-6
1.5376E+1	-1.0760E-5	-1.1863E-5	-1.4221E-5	-1.5929E-5	-1.9740E-5	-2.3961E-5	-2.4113E-5	-2.2102E-5	-2.0503E-5	-1.4897E-5	-8.4405E-6	-3.1476E-6	-8.3744E-7	2.4772E-6	5.2840E-6	1.0125E-5	1.7927E-5	2.5720E-5	2.0993E-5	1.5565E-5	1.1241E-5	8.7903E-6	6.9749E-6	5.6352E-6	5.0511E-6	3.1668E-6	2.4910E-6	2.8260E-6	2.8173E-6	3.3605E-6	4.9678E-6	6.5403E-6	7.1627E-6	7.9272E-6	8.2823E-6	8.7431E-6	7.8727E-6	7.6348E-6	7.4263E-6	6.8002E-6	7.1288E-6	5.7388E-6	6.3630E-6	6.0968E-6	5.5555E-6	4.8349E-6	4.3438E-6	5.3238E-6	4.4869E-6	4.4388E-6	4.3227E-6	3.7431E-6	4.1266E-6	3.3090E-6	3.4455E-6	2.7641E-6
1.5414E+1	-9.4775E-6	-1.1815E-5	-1.3651E-5	-1.5518E-5	-1.8527E-5	-2.0915E-5	-2.4291E-5	-2.0969E-5	-1.8771E-5	-1.4267E-5	-8.8821E-6	-4.2373E-6	-1.5808E-6	4.1323E-7	3.6381E-6	7.0791E-6	1.1009E-5	1.9406E-5	2.3292E-5	1.7318E-5	1.3421E-5	9.3621E-6	7.8604E-6	5.3835E-6	5.2581E-6	4.3396E-6	2.3928E-6	2.6355E-6	2.8454E-6	3.3799E-6	5.0555E-6	6.0141E-6	7.5287E-6	7.3347E-6	8.3691E-6	8.2115E-6	8.6846E-6	7.5890E-6	6.6675E-6	6.1977E-6	7.4497E-6	6.2566E-6	6.4072E-6	5.4407E-6	5.5074E-6	5.0347E-6	5.0754E-6	4.7924E-6	4.2866E-6	4.6157E-6	4.1893E-6	3.6215E-6	3.2164E-6	3.7736E-6	2.3820E-6	2.7027E-6
1.5452E+1	-9.5490E-6	-1.0249E-5	-1.3341E-5	-1.5254E-5	-1.7723E-5	-1.9831E-5	-2.1927E-5	-2.1185E-5	-1.7556E-5	-1.3229E-5	-8.6971E-6	-5.2772E-6	-2.6216E-6	-1.3504E-6	1.3286E-6	5.2084E-6	8.0389E-6	1.2137E-5	2.0837E-5	2.0062E-5	1.5054E-5	1.0949E-5	7.9170E-6	6.4492E-6	5.0355E-6	4.9318E-6	2.9166E-6	2.4882E-6	3.3311E-6	3.6122E-6	4.8745E-6	5.8918E-6	6.8448E-6	7.4708E-6	7.5157E-6	7.8419E-6	7.9228E-6	8.2732E-6	6.3999E-6	5.6230E-6	6.3686E-6	6.2689E-6	5.9295E-6	5.2406E-6	5.6264E-6	4.7584E-6	4.5414E-6	5.3140E-6	3.9108E-6	4.8567E-6	3.8896E-6	3.9951E-6	2.9142E-6	3.7926E-6	3.1533E-6	2.3717E-6
1.5490E+1	-9.6787E-6	-1.0155E-5	-1.1566E-5	-1.5359E-5	-1.6965E-5	-1.7864E-5	-1.9626E-5	-1.9941E-5	-1.7568E-5	-1.2567E-5	-8.2944E-6	-5.4183E-6	-2.5891E-6	-2.4722E-6	-5.1937E-7	2.5273E-6	4.9429E-6	7.5770E-6	1.3183E-5	2.0058E-5	1.7007E-5	1.2125E-5	9.4797E-6	7.1395E-6	5.4856E-6	4.2363E-6	3.4047E-6	2.7823E-6	3.5245E-6	4.1264E-6	4.7779E-6	5.9580E-6	6.3786E-6	7.2837E-6	7.4533E-6	7.4842E-6	8.1786E-6	7.7661E-6	7.3890E-6	6.0833E-6	6.4223E-6	6.0999E-6	6.1119E-6	4.6804E-6	5.1073E-6	5.9141E-6	4.4566E-6	4.5708E-6	4.1507E-6	3.7803E-6	3.9109E-6	3.5174E-6	3.1871E-6	2.8853E-6	3.1137E-6	2.7353E-6
1.5528E+1	-8.7913E-6	-1.0138E-5	-1.1312E-5	-1.4436E-5	-1.7013E-5	-1.7691E-5	-1.6420E-5	-1.7855E-5	-1.6429E-5	-1.2647E-5	-7.9995E-6	-6.0194E-6	-3.5823E-6	-2.4627E-6	-1.3204E-6	8.3788E-7	2.6124E-6	5.8230E-6	7.8481E-6	1.3884E-5	1.8273E-5	1.2579E-5	9.3899E-6	7.3455E-6	5.9621E-6	3.8444E-6	2.9015E-6	2.6341E-6	3.2712E-6	3.7024E-6	4.7303E-6	5.3408E-6	5.8704E-6	6.3348E-6	6.8741E-6	6.4332E-6	7.6927E-6	7.1657E-6	6.8177E-6	6.5177E-6	6.2152E-6	6.1201E-6	5.7022E-6	6.0476E-6	4.8049E-6	5.2207E-6	5.6665E-6	4.0659E-6	4.6104E-6	3.8873E-6	3.2943E-6	3.5600E-6	3.1069E-6	2.7450E-6	2.5521E-6	2.5423E-6
1.5566E+1	-7.9035E-6	-9.2338E-6	-1.0651E-5	-1.4145E-5	-1.6317E-5	-1.8072E-5	-1.6470E-5	-1.4733E-5	-1.4242E-5	-1.1883E-5	-7.9151E-6	-4.7593E-6	-4.0701E-6	-3.6125E-6	-1.7158E-6	-6.8503E-7	4.8485E-7	3.5544E-6	6.6490E-6	8.7715E-6	1.4713E-5	1.5905E-5	1.0204E-5	6.7594E-6	5.0814E-6	3.6669E-6	2.5502E-6	2.6062E-6	2.7688E-6	3.0781E-6	4.1097E-6	5.1292E-6	5.6735E-6	6.2460E-6	6.2718E-6	6.4715E-6	7.1717E-6	7.3135E-6	6.3634E-6	6.4710E-6	5.8328E-6	5.8677E-6	5.0222E-6	5.3779E-6	5.4331E-6	4.3316E-6	4.8903E-6	3.8827E-6	3.7705E-6	4.2267E-6	3.2583E-6	2.5702E-6	3.3991E-6	2.3194E-6	2.4718E-6	2.1186E-6
1.5604E+1	-6.6773E-6	-8.3249E-6	-9.4934E-6	-1.2025E-5	-1.5303E-5	-1.6795E-5	-1.7542E-5	-1.4627E-5	-1.1854E-5	-1.0335E-5	-8.4560E-6	-5.5361E-6	-3.8338E-6	-3.7767E-6	-2.1899E-6	-1.5296E-6	1.9735E-7	1.5036E-6	3.7351E-6	6.5197E-6	9.1800E-6	1.4722E-5	1.3383E-5	7.7828E-6	5.1650E-6	3.6401E-6	2.4660E-6	2.0673E-6	2.6455E-6	2.5219E-6	3.6146E-6	4.1538E-6	4.9771E-6	5.6459E-6	5.7292E-6	5.7975E-6	6.5789E-6	6.8942E-6	6.8560E-6	6.4662E-6	6.3882E-6	5.3031E-6	5.4159E-6	5.2756E-6	5.2338E-6	4.0401E-6	4.7286E-6	3.8803E-6	3.7583E-6	3.4924E-6	3.9950E-6	2.2647E-6	2.8284E-6	2.8916E-6	2.4191E-6	2.1042E-6
1.5641E+1	-7.5689E-6	-7.8676E-6	-9.9168E-6	-1.0975E-5	-1.4016E-5	-1.5006E-5	-1.6567E-5	-1.4414E-5	-1.0997E-5	-8.1966E-6	-6.8021E-6	-5.3819E-6	-4.6359E-6	-4.5097E-6	-3.0920E-6	-2.5565E-6	-1.2479E-6	1.5363E-6	2.0115E-6	3.6254E-6	6.0269E-6	9.4080E-6	1.3723E-5	9.5825E-6	5.6159E-6	4.0520E-6	3.2623E-6	2.0705E-6	2.6455E-6	2.5204E-6	3.1839E-6	4.3824E-6	4.9239E-6	5.0058E-6	5.6194E-6	5.4147E-6	5.8453E-6	5.6968E-6	5.8417E-6	5.3725E-6	6.4296E-6	5.2022E-6	4.5455E-6	4.6643E-6	4.7515E-6	3.3499E-6	3.5174E-6	4.0624E-6	3.4771E-6	3.0619E-6	2.7891E-6	2.5008E-6	2.2154E-6	2.6074E-6	2.6469E-6	2.3411E-6
1.5679E+1	-6.7893E-6	-7.7525E-6	-8.6438E-6	-1.0979E-5	-1.2845E-5	-1.4648E-5	-1.5801E-5	-1.4375E-5	-1.0423E-5	-7.5394E-6	-5.6197E-6	-4.5215E-6	-3.7058E-6	-3.3548E-6	-2.8279E-6	-2.5244E-6	-1.9188E-6	-5.9602E-7	1.6560E-6	1.6456E-6	4.7627E-6	4.8717E-6	9.4023E-6	1.0882E-5	6.8627E-6	4.4367E-6	3.2881E-6	2.3268E-6	2.6892E-6	3.0172E-6	2.7964E-6	3.8440E-6	4.9811E-6	4.9563E-6	5.4825E-6	5.6642E-6	5.6840E-6	6.1888E-6	5.4003E-6	4.8743E-6	5.2152E-6	5.2915E-6	4.5010E-6	4.3330E-6	4.0988E-6	3.8531E-6	3.3547E-6	3.7648E-6	3.7240E-6	3.4994E-6	2.6196E-6	2.1757E-6	1.6630E-6	2.5552E-6	1.8564E-6	1.9805E-6
1.5717E+1	-6.7786E-6	-7.1092E-6	-7.4626E-6	-9.7022E-6	-1.1852E-5	-1.3138E-5	-1.5008E-5	-1.4074E-5	-1.1033E-5	-7.0445E-6	-5.0224E-6	-3.6883E-6	-4.3446E-6	-3.3604E-6	-2.3284E-6	-1.7784E-6	-1.6669E-6	-6.7808E-7	-3.2520E-9	1.0705E-6	3.1618E-6	3.9554E-6	4.9372E-6	8.5927E-6	7.9203E-6	4.9515E-6	3.8250E-6	2.3190E-6	2.5547E-6	2.8986E-6	2.7590E-6	3.8291E-6	4.2475E-6	4.6784E-6	4.6283E-6	5.1855E-6	4.1938E-6	5.9951E-6	5.0230E-6	4.4717E-6	5.3969E-6	4.5616E-6	4.7831E-6	3.6410E-6	3.6625E-6	3.0908E-6	3.4143E-6	3.6042E-6	2.6440E-6	3.6554E-6	2.6156E-6	3.0220E-6	2.0616E-6	2.3204E-6	2.5361E-6	1.5580E-6
1.5755E+1	-5.8329E-6	-7.1498E-6	-6.6403E-6	-8.6202E-6	-9.9982E-6	-1.2353E-5	-1.3597E-5	-1.3414E-5	-1.1016E-5	-7.7302E-6	-4.6527E-6	-2.7831E-6	-3.1391E-6	-3.2571E-6	-2.5984E-6	-2.1795E-6	-2.0394E-6	-9.8502E-7	-6.6248E-7	5.1006E-7	2.5084E-6	2.2896E-6	3.9553E-6	5.5493E-6	8.0104E-6	5.1622E-6	3.8065E-6	3.2154E-6	2.7002E-6	2.7791E-6	2.6457E-6	3.6382E-6	4.2975E-6	4.9997E-6	4.1099E-6	5.0480E-6	3.9875E-6	4.2875E-6	5.0677E-6	3.6084E-6	4.2110E-6	4.1751E-6	4.8803E-6	4.4554E-6	3.7861E-6	4.0082E-6	3.0931E-6	3.4252E-6	2.5498E-6	2.8850E-6	2.5502E-6	2.1246E-6	2.6326E-6	2.2850E-6	2.2611E-6	2.4011E-6
1.5793E+1	-4.7624E-6	-5.5562E-6	-6.4300E-6	-7.9049E-6	-9.0778E-6	-1.0358E-5	-1.2362E-5	-1.2018E-5	-1.0503E-5	-7.7398E-6	-4.6023E-6	-2.1201E-6	-2.5331E-6	-2.6622E-6	-1.9419E-6	-1.9238E-6	-2.5536E-6	-9.6922E-7	-1.2679E-6	-8.2695E-8	1.0639E-6	1.4693E-6	2.6145E-6	4.0480E-6	5.5539E-6	6.3650E-6	3.5046E-6	2.9164E-6	3.2249E-6	2.4318E-6	2.6362E-6	3.4898E-6	3.2461E-6	5.0161E-6	3.9795E-6	3.9916E-6	4.3151E-6	4.1746E-6	3.8699E-6	4.5717E-6	3.9283E-6	2.8773E-6	3.8120E-6	3.3521E-6	3.5786E-6	3.2016E-6	3.8588E-6	2.8150E-6	2.2647E-6	2.5239E-6	2.2715E-6	2.1332E-6	1.9954E-6	2.0466E-6	1.8496E-6	2.3295E-6
1.5831E+1	-4.0104E-6	-4.8331E-6	-5.3263E-6	-6.6269E-6	-8.3056E-6	-9.8680E-6	-1.0975E-5	-1.1085E-5	-9.0980E-6	-7.5173E-6	-4.3815E-6	-1.8516E-6	-1.3792E-6	-1.8392E-6	-1.7622E-6	-1.2761E-6	-2.2957E-6	-1.1302E-6	-7.1441E-7	6.6128E-7	4.1208E-7	3.5891E-7	1.8205E-6	3.2169E-6	3.6660E-6	4.6222E-6	5.6815E-6	2.8611E-6	2.8405E-6	2.9413E-6	2.8781E-6	3.5555E-6	3.5381E-6	3.9630E-6	4.3679E-6	3.5757E-6	4.1296E-6	3.4463E-6	4.2875E-6	3.7392E-6	4.5955E-6	3.5545E-6	3.9812E-6	3.4575E-6	3.1374E-6	2.8145E-6	2.8184E-6	2.9314E-6	2.4853E-6	2.4576E-6	1.9669E-6	1.4865E-6	1.7871E-6	1.6476E-6	1.0155E-6	1.8782E-6
1.5869E+1	-3.7720E-6	-4.4459E-6	-5.2414E-6	-5.5998E-6	-7.2057E-6	-8.4367E-6	-9.7316E-6	-1.0358E-5	-9.0936E-6	-6.3648E-6	-4.0614E-6	-1.6782E-6	-1.1656E-6	-1.0613E-6	-8.6560E-7	-1.0191E-6	-1.1786E-6	-9.8301E-7	-7.9235E-7	3.4422E-7	9.0107E-7	5.1275E-7	1.3100E-6	2.1701E-6	2.8321E-6	2.5929E-6	4.5752E-6	4.6750E-6	2.5816E-6	2.2554E-6	3.3538E-6	3.2396E-6	3.7073E-6	3.8025E-6	4.1808E-6	3.0929E-6	4.2984E-6	3.3199E-6	2.8049E-6	4.3387E-6	3.1034E-6	3.6119E-6	3.8415E-6	3.6054E-6	3.2101E-6	1.9797E-6	2.9431E-6	1.9369E-6	2.0740E-6	2.4254E-6	2.7203E-6	2.1502E-6	1.6757E-6	1.8513E-6	1.4760E-6	1.2087E-6
1.5906E+1	-3.3957E-6	-4.4839E-6	-4.8183E-6	-5.1084E-6	-6.1023E-6	-7.6433E-6	-7.7342E-6	-8.4639E-6	-8.7113E-6	-6.6424E-6	-3.4750E-6	-2.4058E-6	-3.9318E-7	-1.1602E-6	2.7195E-7	-4.3082E-7	-5.6773E-7	2.6417E-7	2.5103E-7	1.7930E-7	3.2264E-7	7.4420E-7	1.3299E-6	1.8860E-6	2.2336E-6	2.5406E-6	3.6780E-6	4.5460E-6	3.8476E-6	2.9500E-6	2.8572E-6	3.4107E-6	3.9244E-6	3.8894E-6	4.2992E-6	3.7893E-6	3.5004E-6	3.7935E-6	3.1806E-6	3.2784E-6	3.1501E-6	2.0056E-6	3.3755E-6	3.0566E-6	3.7375E-6	2.0070E-6	2.1016E-6	2.1908E-6	1.9564E-6	1.0603E-6	1.6286E-6	1.6630E-6	1.7824E-6	2.0486E-6	1.6491E-6	2.3931E-6
1.5944E+1	-3.5817E-6	-4.5406E-6	-4.5812E-6	-5.2012E-6	-5.4188E-6	-6.0071E-6	-7.5046E-6	-6.7007E-6	-7.6104E-6	-5.5234E-6	-2.9910E-6	-2.3043E-6	-8.2016E-7	-8.7190E-7	-1.4887E-7	1.0120E-6	-8.1916E-7	7.4518E-7	8.2104E-7	8.1914E-7	3.8558E-7	7.1880E-7	9.4245E-7	1.2200E-6	1.1765E-6	1.9702E-6	2.8454E-6	4.5640E-6	3.9766E-6	4.0901E-6	3.5961E-6	3.0392E-6	3.8178E-6	4.6030E-6	3.8257E-6	3.8161E-6	4.0039E-6	3.1220E-6	3.1119E-6	3.8994E-6	3.5400E-6	2.5441E-6	2.5571E-6	2.0965E-6	2.4140E-6	2.6601E-6	2.1757E-6	1.6723E-6	2.0294E-6	1.9509E-6	9.9535E-7	1.1632E-6	3.7923E-7	2.0082E-6	8.3730E-7	2.4090E-6
1.5982E+1	-3.7191E-6	-4.7431E-6	-4.6859E-6	-4.7894E-6	-5.3795E-6	-3.8115E-6	-6.0270E-6	-6.2627E-6	-6.4833E-6	-6.0219E-6	-2.3872E-6	-1.8157E-6	-1.9647E-7	-9.4613E-8	1.2562E-7	1.2974E-6	5.1614E-7	7.6027E-7	1.2059E-6	9.7875E-7	9.1428E-7	5.2810E-7	1.4683E-6	1.1641E-6	1.0949E-6	1.7573E-6	1.8757E-6	3.2032E-6	4.6716E-6	4.8346E-6	4.5353E-6	4.3266E-6	4.1228E-6	4.7290E-6	4.8321E-6	3.8389E-6	3.7151E-6	3.5641E-6	3.1623E-6	2.5346E-6	3.1389E-6	2.6457E-6	3.2915E-6	2.9448E-6	2.4974E-6	2.2476E-6	2.0737E-6	2.2921E-6	1.7771E-6	1.3269E-6	1.6324E-6	8.0727E-7	5.9307E-7	1.0602E-6	1.2033E-6	1.1546E-6
1.6020E+1	-3.2324E-6	-4.5075E-6	-5.0335E-6	-5.7440E-6	-6.4462E-6	-4.3996E-6	-3.5322E-6	-5.5392E-6	-4.4107E-6	-4.7719E-6	-3.4874E-6	-1.1556E-6	-7.3643E-7	5.5990E-7	2.0017E-7	1.3097E-6	9.9763E-7	1.6892E-6	1.2968E-6	1.0926E-6	1.3801E-6	5.6015E-7	1.2004E-6	1.1794E-6	5.3049E-7	1.7361E-6	1.5801E-6	2.2486E-6	3.3864E-6	5.0968E-6	5.1070E-6	4.8128E-6	5.2651E-6	5.0275E-6	4.8342E-6	4.4572E-6	4.2854E-6	3.3658E-6	3.5727E-6	3.8542E-6	2.9524E-6	2.4526E-6	2.5663E-6	2.3592E-6	2.8857E-6	2.7454E-6	2.0121E-6	1.8768E-6	2.4902E-6	1.4835E-6	1.5019E-6	1.4558E-6	6.8126E-7	9.0378E-7	1.0879E-6	1.1546E-6
1.6058E+1	-3.8206E-6	-3.9317E-6	-4.6528E-6	-5.0805E-6	-6.2108E-6	-6.3957E-6	-3.9603E-6	-3.8717E-6	-5.1308E-6	-3.1342E-6	-3.5484E-6	-8.7161E-7	-5.9713E-7	1.2083E-6	8.3699E-7	1.1045E-6	1.6957E-6	1.6554E-6	2.2711E-6	1.3424E-6	1.3857E-6	1.1846E-6	1.4366E-6	1.7861E-6	1.0578E-6	1.0230E-6	1.3933E-6	1.7953E-6	3.1602E-6	4.2853E-6	5.6978E-6	4.9510E-6	5.8036E-6	5.2143E-6	5.9316E-6	4.1380E-6	4.7928E-6	4.4771E-6	3.4549E-6	3.0934E-6	3.9700E-6	3.2805E-6	3.2505E-6	2.5981E-6	2.6649E-6	2.3381E-6	2.1858E-6	2.2902E-6	1.2016E-6	1.4555E-6	1.3454E-6	1.5276E-6	1.2177E-6	1.0839E-6	1.0800E-6	1.1697E-6
1.6096E+1	-4.0477E-6	-4.7472E-6	-5.2373E-6	-6.4128E-6	-6.2036E-6	-6.2767E-6	-5.6789E-6	-2.3894E-6	-3.2123E-6	-3.7388E-6	-3.3496E-6	-1.7979E-6	-1.2537E-6	1.7323E-8	1.2104E-6	7.3295E-7	2.1424E-6	1.3801E-6	2.2456E-6	1.9601E-6	1.7209E-6	1.4008E-6	1.5359E-6	1.2054E-6	1.7559E-6	6.2399E-7	1.5378E-6	1.3295E-6	2.4459E-6	3.1987E-6	5.9613E-6	5.0413E-6	5.6757E-6	4.6335E-6	5.3291E-6	4.5185E-6	4.2671E-6	4.8375E-6	4.6044E-6	4.1392E-6	3.4851E-6	4.1344E-6	3.5282E-6	2.7645E-6	2.9129E-6	2.3941E-6	2.0616E-6	2.8114E-6	1.7612E-6	8.2508E-7	1.5135E-6	1.7600E-6	1.5065E-6	1.2734E-6	1.2474E-6	8.2204E-7
1.6134E+1	-3.8021E-6	-4.3022E-6	-4.7908E-6	-6.1664E-6	-7.5424E-6	-6.6533E-6	-6.3101E-6	-4.0108E-6	-1.5098E-6	-1.8774E-6	-2.4288E-6	-1.6270E-6	-1.1371E-6	1.7564E-7	2.6339E-7	9.6546E-7	1.5593E-6	1.2695E-6	1.8426E-6	1.8130E-6	1.7688E-6	2.0459E-6	1.7238E-6	1.6145E-6	1.3588E-6	7.9085E-7	1.1383E-6	1.8232E-6	2.5504E-6	2.7563E-6	4.4403E-6	6.2555E-6	6.1889E-6	5.6664E-6	5.1581E-6	4.2477E-6	3.8563E-6	4.3546E-6	3.8249E-6	3.8460E-6	3.9203E-6	3.5580E-6	3.8070E-6	3.2679E-6	2.8365E-6	2.0900E-6	2.1427E-6	2.4392E-6	1.8004E-6	1.3724E-6	1.1053E-6	1.7313E-6	1.5840E-6	1.9889E-6	1.3296E-6	1.0421E-6
1.6171E+1	-4.0821E-6	-4.1831E-6	-5.4615E-6	-5.8203E-6	-7.9113E-6	-7.4054E-6	-6.8930E-6	-4.8460E-6	-2.7049E-6	-1.1337E-6	-1.8814E-6	-1.3065E-6	-2.1437E-6	3.6331E-7	7.8839E-7	7.4300E-7	1.5405E-6	1.1571E-6	1.5111E-6	1.7041E-6	1.6689E-6	2.0121E-6	1.1866E-6	1.5396E-6	8.2658E-7	6.2367E-7	1.0671E-6	6.9369E-7	2.0541E-6	2.6509E-6	3.3456E-6	4.4987E-6	5.8758E-6	5.8968E-6	5.9512E-6	5.3416E-6	4.5511E-6	4.6089E-6	4.3568E-6	3.8496E-6	3.8399E-6	3.7421E-6	2.9226E-6	2.7201E-6	2.9488E-6	2.4577E-6	2.1650E-6	2.1228E-6	1.4967E-6	1.8255E-6	1.4315E-6	1.8741E-6	1.1130E-6	1.4872E-6	1.2019E-6	6.7656E-7
1.6209E+1	-3.7693E-6	-3.4920E-6	-4.6327E-6	-5.6972E-6	-6.6354E-6	-7.5920E-6	-6.9703E-6	-6.3055E-6	-3.2494E-6	-1.4821E-6	-1.0800E-6	-1.3908E-6	-1.3269E-6	-1.1558E-6	1.0588E-6	8.7875E-7	4.8040E-7	1.5202E-6	1.7061E-6	1.3533E-6	1.7847E-6	1.9376E-6	1.3692E-6	1.6079E-6	1.0159E-6	2.4331E-7	1.3617E-6	5.9042E-7	2.1065E-6	2.0694E-6	2.8006E-6	4.5287E-6	5.1263E-6	4.9001E-6	5.1270E-6	5.0568E-6	4.9728E-6	4.8299E-6	4.1938E-6	3.3420E-6	3.8396E-6	3.0170E-6	3.7134E-6	2.7827E-6	2.4729E-6	2.4891E-6	2.4438E-6	2.4028E-6	1.3502E-6	1.7129E-6	1.3095E-6	1.6995E-6	1.7951E-6	1.3531E-6	1.1262E-6	1.0576E-6
1.6247E+1	-3.5247E-6	-3.8163E-6	-4.9702E-6	-6.1406E-6	-6.4762E-6	-6.3324E-6	-6.5628E-6	-6.4422E-6	-4.0456E-6	-1.9515E-6	-1.2890E-6	-1.1133E-6	-1.4703E-6	-7.4411E-7	3.8589E-8	1.2736E-6	3.4173E-7	8.0923E-7	1.9073E-6	1.9395E-6	1.6695E-6	1.1834E-6	1.1818E-6	9.7958E-7	1.3651E-6	5.4903E-7	7.7313E-7	1.0791E-7	1.9065E-6	2.5283E-6	2.3643E-6	3.3747E-6	5.4841E-6	5.2942E-6	4.8893E-6	5.4972E-6	4.8151E-6	5.0872E-6	4.7074E-6	3.7037E-6	3.8049E-6	3.1581E-6	2.6655E-6	3.5121E-6	2.4667E-6	2.9380E-6	1.7789E-6	2.5870E-6	2.1871E-6	1.7180E-6	1.5409E-6	1.2598E-6	1.4663E-6	1.0874E-6	9.4967E-7	9.4816E-7
1.6285E+1	-3.4891E-6	-2.8784E-6	-4.5804E-6	-5.9793E-6	-6.8278E-6	-6.9598E-6	-5.9513E-6	-6.9079E-6	-4.6144E-6	-2.2778E-6	-1.4567E-6	-1.0919E-6	-9.3204E-7	-1.1612E-6	-2.8299E-7	3.4935E-9	3.1270E-7	1.0350E-6	7.1235E-7	1.5489E-6	2.0296E-6	8.0184E-7	8.7471E-7	7.3272E-7	3.7997E-7	6.6478E-7	2.0811E-7	2.8694E-7	1.0007E-6	2.0535E-6	2.7390E-6	3.5308E-6	3.6525E-6	4.8368E-6	3.9684E-6	5.3472E-6	4.7876E-6	4.4057E-6	3.8003E-6	3.4786E-6	3.4836E-6	3.4457E-6	3.4288E-6	3.3952E-6	2.8077E-6	2.8809E-6	2.4082E-6	2.1752E-6	2.5202E-6	1.8310E-6	1.5543E-6	1.4894E-6	1.6552E-6	1.6576E-6	8.4289E-7	1.8737E-6
1.6323E+1	-3.7345E-6	-3.9308E-6	-4.5730E-6	-5.9178E-6	-6.2567E-6	-6.8380E-6	-6.7039E-6	-5.7848E-6	-5.1158E-6	-2.7758E-6	-1.5824E-6	-5.5745E-7	-9.0316E-7	1.3361E-8	-3.7187E-7	4.8312E-7	-3.5618E-8	1.5196E-6	1.6023E-6	1.2745E-6	1.3443E-6	1.2063E-6	5.0370E-7	8.4404E-7	5.1431E-7	2.0414E-7	-7.5684E-7	-7.4324E-8	6.9035E-7	1.1076E-6	2.1116E-6	3.3953E-6	4.0879E-6	4.2869E-6	4.1529E-6	4.9151E-6	5.1221E-6	4.3053E-6	3.7997E-6	3.1333E-6	3.0805E-6	2.8036E-6	3.0291E-6	3.2534E-6	2.6460E-6	2.8451E-6	2.1657E-6	2.3850E-6	2.1406E-6	1.8758E-6	1.3773E-6	1.4755E-6	1.0452E-6	1.7216E-6	1.1670E-6	1.3034E-6
1.6361E+1	-3.5816E-6	-3.1107E-6	-4.6720E-6	-5.5830E-6	-6.9964E-6	-6.6839E-6	-7.2085E-6	-6.1962E-6	-5.1375E-6	-3.8602E-6	-2.2274E-6	-7.9842E-7	-7.8026E-7	-6.3610E-7	-1.2608E-7	-3.0017E-7	5.5630E-7	5.6237E-7	1.4744E-6	1.6657E-6	1.5615E-6	1.2530E-6	1.0931E-6	6.6827E-7	7.0711E-7	5.4000E-7	-6.4534E-8	-2.0738E-7	8.9195E-7	1.0025E-6	1.5708E-6	2.5734E-6	2.9962E-6	3.4647E-6	3.2693E-6	4.6511E-6	4.6207E-6	4.5221E-6	3.9775E-6	4.1453E-6	3.4724E-6	3.2519E-6	3.4654E-6	3.0612E-6	2.1381E-6	2.6123E-6	2.8587E-6	2.7901E-6	1.9685E-6	1.9795E-6	1.7443E-6	1.5418E-6	1.4233E-6	1.6475E-6	1.2612E-6	1.5866E-6
1.6399E+1	-3.8143E-6	-3.5864E-6	-3.5295E-6	-4.7709E-6	-6.1822E-6	-7.0895E-6	-7.1603E-6	-5.9766E-6	-4.1531E-6	-4.2862E-6	-2.8298E-6	-1.4670E-6	-9.3873E-7	-1.0023E-6	-2.8562E-7	-5.9291E-7	9.7629E-8	1.5635E-7	5.9151E-7	7.1159E-7	6.4102E-7	8.9134E-7	1.0133E-6	5.9466E-7	1.5576E-7	-2.7403E-7	-4.4003E-7	-1.4498E-7	-4.8886E-9	1.4056E-6	1.3671E-6	2.6332E-6	3.0804E-6	3.3857E-6	2.6912E-6	3.7475E-6	3.4703E-6	3.5703E-6	3.2531E-6	3.4164E-6	3.8391E-6	3.2401E-6	3.3330E-6	3.2387E-6	2.0373E-6	1.8969E-6	1.9230E-6	2.6743E-6	2.0767E-6	1.5099E-6	2.2809E-6	1.8812E-6	1.4036E-6	2.0634E-6	1.2573E-6	1.5707E-6
1.6437E+1	-3.1346E-6	-3.8834E-6	-3.8091E-6	-3.9347E-6	-5.5204E-6	-5.9644E-6	-6.3563E-6	-6.5360E-6	-4.6667E-6	-2.8827E-6	-2.6770E-6	-1.5020E-6	-7.8407E-7	-1.2011E-6	-6.7616E-7	-2.6494E-7	1.5231E-7	4.4048E-7	-7.7162E-8	7.8551E-7	4.5301E-7	2.1824E-7	8.2738E-7	1.2242E-6	-4.9591E-7	1.8127E-8	-8.5717E-7	4.6845E-8	-2.8541E-7	7.1081E-7	7.3068E-7	1.9388E-6	2.4040E-6	3.1680E-6	2.6923E-6	3.8980E-6	3.5392E-6	3.9878E-6	3.7109E-6	3.1611E-6	2.9577E-6	3.3892E-6	3.5100E-6	2.8446E-6	1.9626E-6	2.2192E-6	1.9153E-6	1.8870E-6	1.7193E-6	1.5778E-6	1.5227E-6	1.5882E-6	1.2941E-6	1.9182E-6	1.2428E-6	1.4809E-6
1.6474E+1	-2.8849E-6	-3.3639E-6	-4.3287E-6	-4.3142E-6	-6.2617E-6	-6.4442E-6	-6.1026E-6	-5.0426E-6	-5.6349E-6	-3.8879E-6	-2.5426E-6	-2.0470E-6	-1.6200E-6	-8.7303E-7	-1.3874E-6	-6.9043E-7	-4.8125E-7	4.8601E-7	5.2398E-7	4.5893E-7	4.1710E-7	1.1743E-7	-2.5081E-7	1.2358E-6	-2.1368E-7	-4.7333E-7	-7.7591E-7	-7.5255E-7	-7.8424E-8	7.5165E-7	9.2711E-7	1.6787E-6	2.4358E-6	2.4818E-6	2.4965E-6	2.7281E-6	2.8643E-6	3.1704E-6	3.7478E-6	3.3436E-6	3.1759E-6	2.8681E-6	3.5753E-6	3.3351E-6	2.1727E-6	2.2790E-6	1.7698E-6	1.9490E-6	1.8097E-6	1.4687E-6	2.3727E-6	1.3866E-6	1.2104E-6	1.3717E-6	1.0376E-6	1.1291E-6
1.6512E+1	-2.5410E-6	-2.4981E-6	-3.2096E-6	-3.2698E-6	-5.1911E-6	-5.8756E-6	-6.0573E-6	-5.8082E-6	-4.5260E-6	-3.6458E-6	-2.5798E-6	-1.6683E-6	-1.9526E-6	-2.0999E-6	-1.1751E-6	-1.0604E-6	-3.9918E-7	-8.1684E-7	1.3629E-7	8.8074E-7	9.4865E-7	6.7298E-7	-4.0777E-7	-5.5472E-7	-2.3573E-7	-7.1851E-7	-3.3903E-7	-4.7658E-7	-5.3280E-7	-1.7016E-7	7.7322E-7	1.1662E-6	2.4640E-6	2.0316E-6	2.7679E-6	3.1994E-6	3.3416E-6	3.3193E-6	3.5237E-6	3.1413E-6	2.7065E-6	2.7681E-6	3.0000E-6	2.1960E-6	1.9551E-6	2.4790E-6	2.1432E-6	1.6225E-6	2.2701E-6	1.5307E-6	1.8547E-6	1.3630E-6	1.7720E-6	1.2667E-6	1.2224E-6	4.8839E-7
1.6550E+1	-2.2412E-6	-3.2259E-6	-3.6486E-6	-3.7155E-6	-5.1684E-6	-5.7770E-6	-5.5325E-6	-5.4388E-6	-5.5850E-6	-3.5671E-6	-2.4663E-6	-1.8109E-6	-1.3942E-6	-1.6304E-6	-1.8639E-6	-1.0368E-6	-6.6842E-8	-1.2562E-7	9.0547E-8	8.6879E-7	3.6022E-7	1.5065E-6	9.4853E-7	-5.4159E-8	-7.3710E-7	-4.9671E-7	-1.3314E-6	-8.4049E-8	3.1362E-7	-4.5867E-7	7.6678E-7	1.0923E-6	1.8362E-6	1.8674E-6	1.5489E-6	2.2499E-6	2.9031E-6	2.6787E-6	3.3089E-6	3.6971E-6	3.4835E-6	3.0830E-6	3.5363E-6	3.0311E-6	1.1087E-6	1.8494E-6	1.3230E-6	1.4070E-6	1.5279E-6	1.7744E-6	2.3128E-6	1.2317E-6	1.4184E-6	1.6244E-6	7.8348E-7	1.6070E-6
1.6588E+1	-2.0663E-6	-2.1639E-6	-3.4117E-6	-3.2777E-6	-4.2416E-6	-5.3612E-6	-5.8533E-6	-5.6570E-6	-5.0640E-6	-4.4178E-6	-2.5043E-6	-1.8903E-6	-2.5626E-6	-1.9883E-6	-1.6116E-6	-1.7303E-6	-6.5810E-7	-6.9446E-7	-4.0157E-7	1.4230E-6	5.7619E-7	-4.2989E-8	-5.3961E-8	2.7113E-7	2.0887E-7	-2.3402E-7	1.4873E-7	-1.0427E-6	1.0175E-6	-1.9096E-7	4.0138E-7	1.1824E-6	1.8116E-6	1.8502E-6	2.7545E-6	1.6265E-6	3.5407E-6	2.3855E-6	2.1719E-6	2.7552E-6	2.8545E-6	3.4080E-6	2.6677E-6	3.1913E-6	2.3020E-6	2.2635E-6	1.8312E-6	1.3956E-6	1.2728E-6	3.4523E-7	1.3364E-6	1.1380E-6	1.1876E-6	1.4428E-6	1.2297E-6	8.1964E-7
1.6626E+1	-1.9415E-6	-2.2234E-6	-2.7196E-6	-3.9909E-6	-3.8270E-6	-4.6556E-6	-4.9764E-6	-4.7959E-6	-4.6482E-6	-3.8468E-6	-3.0442E-6	-1.5233E-6	-1.9238E-6	-2.0262E-6	-1.2021E-6	-1.3207E-6	-5.4239E-7	-4.4309E-7	-2.2002E-7	2.3627E-7	1.3361E-6	4.5461E-7	1.5560E-8	-1.1704E-6	2.0088E-7	-5.9804E-7	-2.1266E-7	-2.1437E-7	1.8819E-7	8.7721E-7	8.7735E-7	6.4938E-7	1.0563E-6	9.1853E-7	2.3008E-6	1.5320E-6	2.0417E-6	2.8051E-6	2.1680E-6	2.8717E-6	2.3786E-6	3.1657E-6	3.0935E-6	2.8167E-6	2.4203E-6	2.3347E-6	1.8238E-6	2.0793E-6	2.0989E-6	1.0096E-6	1.2251E-6	7.6618E-7	1.1086E-6	8.1395E-7	9.1336E-7	1.3021E-6
1.6664E+1	-2.3390E-6	-1.6003E-6	-2.0577E-6	-2.7015E-6	-3.6695E-6	-3.9185E-6	-5.1530E-6	-4.1964E-6	-3.7488E-6	-3.5943E-6	-2.2962E-6	-2.5296E-6	-2.1364E-6	-2.5531E-6	-1.2753E-6	-1.1180E-6	-1.0337E-6	-6.9224E-7	7.6551E-8	2.9813E-7	3.3048E-7	-1.8902E-7	-3.1172E-9	3.7930E-7	-5.2629E-7	4.2997E-8	-9.0898E-7	-8.2899E-7	-6.5791E-8	9.1914E-8	1.3878E-6	1.3111E-6	1.3305E-6	1.1039E-6	2.1953E-6	1.8747E-6	2.1043E-6	1.7274E-6	1.5146E-6	1.8877E-6	1.6755E-6	2.1190E-6	1.5525E-6	2.4907E-6	2.2672E-6	3.1225E-6	1.6161E-6	1.8769E-6	1.5502E-6	1.3780E-6	1.0994E-6	1.2084E-6	1.2646E-6	1.5640E-6	8.3676E-7	1.4834E-6
1.6702E+1	-2.4838E-6	-2.1184E-6	-2.5661E-6	-2.8683E-6	-3.3167E-6	-3.3697E-6	-3.7694E-6	-3.7624E-6	-3.0268E-6	-3.4064E-6	-2.2613E-6	-1.6945E-6	-1.8543E-6	-1.1769E-6	-1.7954E-6	-4.3371E-7	-1.0244E-6	-6.1347E-7	3.2724E-7	3.8685E-7	6.9571E-7	4.2511E-8	1.6448E-7	3.4540E-7	7.8223E-7	-1.7210E-8	1.2373E-8	-1.1673E-6	-5.4057E-7	-4.7926E-7	7.5981E-7	4.4500E-7	6.1113E-7	1.1410E-6	1.4779E-6	1.6342E-6	1.6967E-6	2.4663E-6	1.7549E-6	2.0355E-6	1.4507E-6	2.4017E-6	1.6068E-6	1.7097E-6	9.3471E-7	1.9869E-6	2.1000E-6	1.8652E-6	9.3773E-7	1.2902E-6	1.0691E-6	7.6583E-7	1.1728E-6	8.9137E-7	3.7213E-7	1.6321E-6
1.6739E+1	-1.9571E-6	-1.4525E-6	-2.4499E-6	-2.9967E-6	-3.5755E-6	-3.4424E-6	-3.8229E-6	-3.0396E-6	-2.8275E-6	-2.9052E-6	-2.8097E-6	-2.5641E-6	-2.5705E-6	-2.0926E-6	-1.3399E-6	-1.3860E-6	-1.0462E-6	-1.3576E-6	8.0679E-8	-3.2988E-7	1.9805E-7	-7.2558E-7	1.7313E-7	4.8310E-7	3.5708E-7	5.7374E-7	2.2212E-7	1.7719E-7	-1.4392E-7	-4.0514E-8	8.7483E-7	1.6158E-6	3.4606E-7	1.1289E-6	1.4454E-6	1.3833E-6	1.7494E-6	1.4224E-6	1.9585E-6	1.3079E-6	1.6851E-6	1.8965E-6	1.7530E-6	2.5803E-6	1.8710E-6	1.4446E-6	1.1709E-6	2.7387E-6	6.7993E-7	1.2467E-6	1.0784E-6	1.2884E-6	1.3281E-6	1.5984E-6	3.7631E-7	7.9764E-7
1.6777E+1	-1.5608E-6	-1.6606E-6	-1.9427E-6	-2.8466E-6	-3.6043E-6	-3.4811E-6	-3.1206E-6	-3.5516E-6	-2.4813E-6	-2.7218E-6	-2.1173E-6	-2.0519E-6	-1.6306E-6	-1.6309E-6	-1.7834E-6	-5.6389E-7	-1.6891E-6	-7.8612E-7	-3.7826E-7	-3.9363E-7	-9.6013E-8	3.5820E-9	-2.1043E-7	-1.3458E-7	-2.4940E-7	-4.6362E-7	-4.6947E-7	-2.0890E-7	-4.3406E-7	-8.0886E-7	3.4017E-7	7.1826E-7	1.4285E-6	5.4962E-7	1.1447E-6	7.5138E-7	1.7154E-6	1.3076E-6	1.3265E-6	1.5562E-6	7.8086E-7	2.2191E-6	1.3518E-6	1.5041E-6	1.6344E-6	2.1080E-6	1.0138E-6	1.8865E-6	9.1716E-7	1.1033E-6	1.0282E-6	1.3323E-6	1.1620E-6	1.0251E-6	1.3296E-6	1.2723E-6
1.6815E+1	-1.1748E-6	-8.7008E-7	-1.9817E-6	-2.0377E-6	-2.6058E-6	-3.2625E-6	-2.8147E-6	-2.7248E-6	-3.4842E-6	-2.3565E-6	-3.1613E-6	-1.9963E-6	-2.5920E-6	-1.4960E-6	-1.8065E-6	-6.4144E-7	-1.0670E-6	-8.5461E-7	-4.5747E-9	-7.9999E-7	-8.2285E-8	-5.4111E-7	4.9949E-7	2.2509E-7	3.0858E-7	-3.1415E-7	-3.4558E-7	9.6766E-9	3.5821E-7	-5.1055E-7	1.2346E-7	6.2388E-7	6.8945E-7	1.4395E-6	7.5914E-7	1.4088E-6	1.3852E-6	1.7012E-6	1.1076E-6	1.5635E-6	1.2966E-6	1.2462E-6	2.1132E-6	1.1018E-6	1.3688E-6	1.2950E-6	1.5229E-6	2.1593E-6	6.3936E-7	8.2856E-7	5.6570E-7	1.7207E-6	1.1629E-6	8.2181E-7	8.5876E-7	1.0681E-6
1.6853E+1	-1.3466E-6	-1.4015E-6	-1.6164E-6	-2.5582E-6	-2.5367E-6	-2.7990E-6	-2.7923E-6	-2.0831E-6	-2.3920E-6	-2.3140E-6	-1.8502E-6	-1.9003E-6	-1.6883E-6	-1.9085E-6	-1.5470E-6	-1.0361E-6	-1.0614E-6	-5.6750E-7	-3.1989E-7	-3.5197E-7	1.8199E-7	1.0163E-7	-4.2325E-7	-1.3131E-7	-2.4465E-7	3.8508E-9	-4.1985E-7	1.6445E-8	-5.2253E-7	-2.7285E-7	-1.0570E-7	4.2777E-7	5.8017E-7	3.9801E-7	4.4760E-7	4.9050E-7	1.4631E-6	5.6248E-7	1.3335E-6	1.5385E-6	1.5575E-6	1.2050E-6	2.1026E-6	9.2953E-7	1.4457E-6	1.1462E-6	9.4585E-7	1.8114E-6	7.8070E-7	1.1229E-6	4.4883E-7	8.8398E-7	8.4007E-7	7.0438E-7	1.3174E-6	7.3128E-7
1.6891E+1	-5.2055E-7	-1.3858E-6	-1.4270E-6	-1.7286E-6	-1.9890E-6	-2.5693E-6	-2.8047E-6	-3.0335E-6	-2.2886E-6	-2.5357E-6	-2.3239E-6	-1.2595E-6	-2.3331E-6	-1.4290E-6	-1.3659E-6	-9.2798E-7	-9.8935E-7	-9.7440E-8	-5.7015E-7	-7.5526E-7	-3.8719E-7	3.0732E-8	2.7151E-7	2.9327E-7	-2.0372E-8	-3.9056E-7	7.1999E-8	-9.9420E-9	6.9114E-7	-5.5022E-7	3.8178E-7	3.9124E-7	8.6237E-7	1.0966E-6	8.2163E-7	7.3821E-7	1.2562E-6	1.1071E-6	8.1226E-7	9.3514E-7	1.4362E-6	7.4059E-7	1.5908E-6	9.5093E-7	1.6057E-6	1.2953E-6	1.0436E-6	1.9864E-6	5.9731E-7	3.4170E-7	1.3797E-6	1.0409E-6	2.5706E-9	4.6118E-7	5.1490E-7	8.3980E-7
1.6929E+1	-3.9194E-7	-1.0721E-6	-1.1514E-6	-1.3532E-6	-1.7026E-6	-1.6767E-6	-1.3012E-6	-2.0660E-6	-1.5595E-6	-1.5504E-6	-1.9706E-6	-1.4212E-6	-1.7263E-6	-1.8072E-6	-1.1138E-6	-1.2586E-6	-8.8016E-7	-2.6530E-8	3.9525E-8	1.8972E-7	-4.7732E-7	-5.8231E-7	-4.6374E-7	4.1493E-7	1.2953E-7	2.1408E-8	2.4208E-8	-5.7953E-7	-2.7828E-7	1.8628E-8	-3.9059E-7	6.6578E-8	1.3863E-7	1.5887E-7	8.1167E-7	6.3045E-7	8.7232E-7	3.1060E-7	1.9093E-6	1.5468E-6	8.8911E-7	1.0627E-6	1.0661E-6	8.0293E-7	1.1039E-6	1.2124E-6	9.5786E-7	1.5534E-6	1.5822E-6	5.8282E-7	7.1671E-7	1.6715E-6	5.9391E-8	7.7466E-7	6.1508E-7	1.1951E-7
1.6967E+1	-8.1802E-7	-1.0603E-6	-1.3080E-6	-1.2022E-6	-1.5145E-6	-2.1233E-6	-1.5592E-6	-2.2481E-6	-1.4509E-6	-1.0473E-6	-1.0677E-6	-1.1885E-6	-1.6545E-6	-1.0310E-6	-8.5046E-7	-1.5881E-6	-1.2203E-6	-3.4361E-7	-5.5829E-7	3.8197E-7	7.0758E-8	2.6888E-8	-4.1234E-7	1.2569E-7	1.9290E-7	-5.8457E-8	2.7627E-7	-3.5496E-7	4.8723E-7	7.9833E-8	1.1159E-6	-3.5335E-8	5.0052E-7	4.4210E-7	1.6428E-7	3.6628E-7	7.4085E-7	4.7383E-7	6.6601E-9	1.0570E-6	7.4750E-7	1.0495E-6	6.5011E-7	1.3838E-6	1.5231E-6	9.1657E-7	5.7591E-7	1.3243E-6	9.4152E-7	1.1800E-6	8.5777E-7	9.6733E-7	6.7122E-7	5.6825E-7	4.4144E-7	3.0105E-8
1.7005E+1	-8.3706E-7	-2.5552E-7	-6.5040E-7	-7.5600E-7	-1.6909E-6	-1.6043E-6	-1.1121E-6	-1.7357E-6	-1.7993E-6	-1.2257E-6	-1.1295E-6	-1.2341E-6	-1.4802E-6	-1.0939E-6	-3.7969E-7	-7.4910E-7	-1.1940E-6	-5.7250E-7	-8.6514E-7	-1.6723E-7	-3.6425E-7	4.9278E-7	1.3020E-7	3.6124E-7	-3.7389E-8	2.0083E-7	-1.3283E-7	-1.2026E-6	-4.4955E-7	-2.6105E-7	7.4027E-8	9.5618E-7	2.1868E-7	8.3933E-7	8.5740E-7	1.0035E-7	-2.1190E-7	8.6609E-7	7.6349E-7	7.7737E-7	-6.1731E-8	4.0953E-7	1.3492E-7	7.5144E-7	1.1825E-6	1.4319E-6	8.1240E-7	1.0909E-6	1.4071E-6	1.2727E-6	1.1049E-6	5.8922E-7	5.9651E-7	1.1934E-6	6.8877E-7	-1.1793E-7
1.7042E+1	-1.1949E-6	-6.9396E-7	-2.1210E-7	-2.8119E-7	-6.3500E-7	-1.5385E-6	-1.5514E-6	-1.8117E-6	-1.0736E-6	-1.1903E-6	-9.2719E-7	-1.4615E-6	-1.2316E-6	-1.0742E-6	-8.5354E-7	-7.2923E-7	-3.5529E-7	-5.8717E-7	-5.3504E-7	-1.0478E-6	-6.5400E-7	5.4958E-8	3.1592E-7	3.4188E-8	5.4585E-7	8.6204E-8	3.0845E-7	-5.4439E-7	-3.0346E-8	-1.0160E-8	-3.1134E-8	-5.5750E-7	6.1803E-7	4.3401E-7	1.0469E-6	1.2862E-6	-1.0339E-7	1.2073E-7	-3.0755E-7	2.8190E-7	1.0253E-6	8.5432E-7	1.9821E-7	7.8827E-7	7.8335E-7	2.2736E-7	6.2610E-7	8.5274E-7	7.5112E-7	1.5820E-6	1.1060E-6	1.1007E-6	8.1058E-7	8.9620E-7	6.0792E-7	4.6937E-7
1.7080E+1	-1.3517E-6	-7.8154E-7	-3.9724E-7	-4.4390E-7	-8.6165E-7	-7.5107E-7	-4.0144E-7	-2.0722E-6	-1.2073E-6	-9.5316E-7	-7.3597E-7	-1.2777E-6	-1.1486E-6	-1.2918E-6	-5.3129E-7	-1.1389E-6	-1.2050E-7	-4.7399E-7	8.5979E-8	-4.5076E-7	-1.1098E-6	-6.2475E-8	1.4511E-7	-4.1987E-8	-5.6347E-7	2.8592E-7	-4.3988E-7	-7.1649E-7	-5.3554E-7	-4.1587E-8	2.3921E-7	3.4167E-8	-4.9396E-7	-1.5974E-8	2.0083E-9	1.0189E-6	8.9209E-7	7.7549E-7	1.3581E-7	-2.7069E-7	-5.5637E-7	2.8156E-7	6.6923E-7	6.3443E-7	1.0744E-6	3.5361E-7	3.4639E-7	7.8085E-7	4.1206E-7	8.0476E-7	1.4601E-7	7.0201E-7	9.3925E-7	8.5327E-7	1.2546E-6	5.2453E-7
1.7118E+1	-9.6888E-7	-8.3748E-7	-8.6375E-7	-4.0326E-7	-5.8060E-7	-1.4868E-6	-8.9766E-7	-6.0307E-7	-1.2542E-6	-6.5337E-7	-9.5238E-7	-3.0087E-7	-3.3320E-7	-1.2702E-6	-6.9545E-7	-6.0151E-7	-1.0636E-6	3.0779E-8	-4.7611E-7	3.8397E-7	-2.4475E-7	-1.4072E-7	1.5048E-7	5.3754E-7	-4.5476E-8	-2.5836E-7	-7.3396E-8	-4.4680E-7	-4.8623E-7	-2.2014E-7	-3.4575E-7	1.8769E-7	5.3447E-7	-2.9405E-7	-1.4441E-7	-4.2570E-8	3.6885E-7	6.1642E-7	1.6787E-7	4.7700E-7	6.1201E-7	2.5982E-7	6.9318E-7	-8.7595E-8	7.4977E-7	1.2363E-7	3.5715E-7	6.0801E-7	4.6865E-7	7.7478E-7	-1.2725E-8	3.9530E-7	4.5374E-7	-3.9267E-7	1.4631E-7	5.8467E-7
1.7156E+1	-2.6569E-7	8.1658E-8	-7.7129E-7	-9.1508E-7	-6.9854E-7	-8.4221E-7	-1.4634E-6	-9.4234E-7	-7.7436E-7	-4.2361E-7	-7.9231E-7	-9.2397E-7	2.4103E-7	-6.6459E-7	-4.6562E-7	-3.8531E-7	-7.3873E-7	-9.3108E-7	9.7149E-8	-5.0339E-7	3.0223E-7	2.1905E-8	-3.2597E-8	4.9644E-7	1.3407E-8	3.1288E-7	-2.5251E-8	-2.8982E-7	-4.9892E-7	-3.1059E-8	-1.8595E-7	-3.5545E-7	6.8037E-7	-1.9620E-7	1.8089E-7	-6.9358E-8	9.5922E-8	5.7906E-7	-2.4312E-8	7.7402E-8	-2.1672E-7	-1.4475E-7	1.7916E-6	5.5806E-7	-1.1907E-7	1.1352E-7	6.2311E-7	5.9805E-7	5.8290E-7	6.0003E-7	-1.5725E-7	1.1787E-6	6.1598E-7	8.6193E-8	5.0021E-7	1.6960E-7
1.7194E+1	-9.4885E-7	-3.4095E-7	1.8906E-7	-7.6664E-7	-5.5482E-7	-1.0320E-6	-8.5290E-7	-6.7932E-7	-7.2696E-7	-8.0685E-7	-7.4266E-8	-6.6411E-7	9.5892E-8	-5.9650E-7	2.9861E-7	-4.1688E-7	-2.2838E-7	-6.9717E-7	-3.2915E-7	2.4667E-7	-6.7203E-7	6.3332E-7	1.2468E-7	5.0527E-7	-7.7086E-8	-1.2355E-7	6.4887E-7	2.5777E-7	-2.9624E-7	-1.4079E-7	2.3225E-7	1.0547E-7	3.0353E-7	-5.7213E-9	-3.6603E-7	7.1985E-7	-3.9277E-7	4.7957E-7	3.5246E-7	-7.8356E-9	6.1161E-7	-1.5479E-7	-5.3116E-8	1.0005E-6	4.8227E-7	-4.9605E-7	5.3772E-8	4.0867E-7	3.6059E-7	6.3845E-7	-4.5867E-9	6.4335E-7	6.0932E-7	-3.2436E-7	5.2490E-7	5.6628E-7
1.7232E+1	-6.1254E-7	-1.0126E-6	-6.0105E-7	-4.7140E-7	-6.6658E-7	-7.8372E-7	-1.1880E-6	-6.9119E-7	-3.8767E-7	-7.7396E-7	-6.1952E-7	-6.2531E-7	-4.1122E-7	-7.0091E-7	-2.6334E-7	-4.1634E-7	-7.3911E-7	-1.1002E-7	-9.1218E-7	6.3872E-7	-7.5084E-7	-3.5713E-7	-1.7209E-7	9.1156E-7	-4.4535E-7	-1.1101E-7	-5.0682E-8	1.8762E-7	-1.0113E-7	-2.6092E-8	-1.0962E-7	4.6971E-7	7.0370E-7	3.1625E-7	-3.8415E-7	1.2305E-7	9.3347E-7	-1.1293E-8	6.2076E-7	-9.2534E-8	-1.9889E-7	4.9089E-7	4.7432E-7	-3.7357E-7	3.6915E-7	9.7480E-8	1.9072E-7	7.6394E-8	8.2666E-7	-3.9193E-7	6.2602E-7	1.1103E-6	3.1131E-7	-2.0488E-7	6.7777E-7	2.0474E-7
1.7270E+1	-1.0152E-6	-1.4607E-7	-4.5045E-7	-5.4076E-7	-5.0928E-7	-7.4142E-8	-4.1372E-7	-6.8549E-7	-2.2840E-7	-4.4084E-7	-3.9619E-7	-4.4045E-7	1.1936E-7	-3.8148E-7	1.9685E-8	-4.5141E-7	-8.0658E-7	-3.2304E-7	-6.8629E-7	-4.4383E-7	1.7296E-7	2.9131E-7	-8.5289E-7	-2.6326E-7	5.1670E-7	-9.4628E-7	8.8690E-7	-6.3236E-7	-3.7462E-8	-3.6457E-7	2.4171E-7	-5.9674E-7	2.2305E-8	2.3097E-7	-1.4273E-7	1.4097E-7	5.5092E-7	6.8553E-7	2.5941E-7	-5.2105E-8	5.4002E-7	3.6060E-7	2.9455E-7	1.7438E-7	9.9138E-8	-2.3282E-7	-5.8418E-8	-3.6652E-8	8.3973E-7	4.3555E-8	-5.5369E-7	5.8828E-7	3.6975E-7	2.2878E-7	3.0785E-7	2.8010E-7
1.7307E+1	-2.7550E-7	-9.1583E-7	2.1655E-7	-1.9819E-7	-5.7011E-7	-2.8210E-7	1.8910E-7	-7.7539E-7	-2.8336E-7	-1.2997E-7	-2.3924E-7	-9.8432E-7	-2.6100E-7	-1.4976E-7	2.5737E-8	-3.7400E-7	-2.7613E-7	-4.2511E-8	-8.3223E-8	-4.3284E-7	-1.1930E-6	5.3381E-7	-3.1436E-7	-6.9530E-7	-4.0370E-7	-3.2061E-7	-1.6183E-7	1.9562E-7	-8.9892E-7	6.1033E-7	-3.4792E-7	4.2250E-7	-4.5271E-7	3.2577E-7	-5.1155E-7	-2.9918E-7	6.8841E-7	8.3401E-7	3.8598E-7	-4.4504E-7	-5.1111E-7	5.6165E-7	4.5722E-7	2.0037E-7	2.0778E-7	4.0155E-8	-2.3490E-7	8.6031E-8	9.2606E-7	6.7037E-7	6.9962E-7	1.0713E-7	-4.9331E-7	2.1373E-7	6.6837E-7	4.7219E-7
1.7345E+1	-1.5156E-7	1.6034E-7	-2.9180E-7	2.5101E-7	-2.8166E-7	4.6936E-7	1.7325E-7	3.4801E-7	-5.0731E-7	-1.9257E-8	3.2365E-7	-8.0376E-8	-3.2573E-7	-1.3903E-7	-2.4879E-7	2.4468E-7	-5.2733E-7	-7.2212E-8	8.0501E-8	5.3206E-7	1.0724E-7	3.0022E-7	-2.7847E-7	-6.2423E-7	-1.9286E-7	-2.6843E-7	3.8665E-7	-2.6906E-8	-6.9699E-7	1.0440E-7	3.3327E-7	-1.3270E-6	2.1396E-7	-4.7066E-7	4.9625E-7	4.8709E-8	-2.2738E-7	7.0572E-7	6.6500E-7	1.7508E-7	1.1954E-7	-2.5273E-7	1.7663E-7	8.0836E-8	9.7136E-7	7.5775E-8	-2.5700E-7	-7.6932E-7	2.2555E-7	-3.9262E-9	4.3180E-7	4.4726E-7	2.6176E-8	2.2704E-7	-2.2775E-9	8.7943E-7
1.7383E+1	-6.2998E-7	-3.0983E-7	2.4771E-7	-2.5447E-7	-1.0463E-6	-6.2383E-8	-5.7565E-7	-2.8819E-7	-5.2948E-8	-5.4199E-7	1.7512E-7	1.8788E-7	-1.7750E-8	-2.0757E-7	-4.7239E-7	-4.3327E-7	2.9597E-7	-4.3215E-7	-4.6782E-8	-5.5248E-7	3.5279E-8	7.3245E-7	-4.6399E-8	-3.9305E-7	-1.0820E-6	-2.1610E-7	-1.6351E-7	2.7772E-7	-7.6300E-8	4.9379E-7	9.5823E-7	-4.4112E-7	-3.5295E-7	2.8394E-7	-8.0352E-7	4.5986E-7	1.9481E-7	-1.0209E-7	3.7819E-8	5.1108E-9	4.0512E-7	3.9424E-7	6.3847E-7	-2.6928E-7	-9.2894E-8	9.2439E-7	7.3115E-7	3.3605E-7	3.6631E-7	5.3245E-7	9.6887E-8	-1.8827E-7	-2.4144E-7	5.0659E-7	6.2309E-8	9.5166E-7
1.7421E+1	3.7725E-7	-2.3923E-8	3.8828E-7	6.6540E-7	-2.0115E-7	-6.0919E-8	-2.6502E-7	-7.5996E-7	-2.7087E-7	-7.2509E-7	-2.1183E-7	-5.8052E-8	4.6465E-7	-5.0667E-7	1.0997E-7	1.2840E-7	-1.7882E-7	-3.3688E-7	4.1265E-8	2.5488E-7	-1.3866E-7	4.8324E-7	2.3700E-7	3.2828E-7	-5.7053E-7	-5.9499E-7	-2.3499E-7	-8.4967E-7	-2.9137E-7	-1.3807E-7	1.5748E-7	-2.2307E-7	-3.5416E-7	1.2648E-8	5.4831E-7	-4.1078E-7	2.1778E-7	-1.5488E-7	-4.1699E-7	-5.2341E-7	-3.2420E-7	3.3662E-8	3.0676E-7	7.6480E-7	-2.1657E-7	-5.9995E-7	-8.2174E-8	-3.3276E-7	3.2316E-8	3.3888E-7	4.6954E-7	-3.9295E-7	-2.0465E-7	9.5673E-8	-3.8916E-7	3.9469E-7
