0.0000E+0	1.4422E+1	1.4478E+1	1.4533E+1	1.4589E+1	1.4644E+1	1.4700E+1	1.4755E+1	1.4811E+1	1.4866E+1	1.4922E+1	1.4977E+1	1.5033E+1	1.5088E+1	1.5143E+1	1.5199E+1	1.5254E+1	1.5310E+1	1.5365E+1	1.5421E+1	1.5476E+1	1.5532E+1	1.5587E+1	1.5643E+1	1.5698E+1	1.5754E+1	1.5809E+1	1.5865E+1	1.5920E+1	1.5976E+1	1.6031E+1	1.6087E+1	1.6142E+1	1.6197E+1	1.6253E+1	1.6308E+1	1.6364E+1	1.6419E+1	1.6475E+1	1.6530E+1	1.6586E+1	1.6641E+1	1.6697E+1	1.6752E+1	1.6808E+1	1.6863E+1	1.6919E+1	1.6974E+1	1.7030E+1	1.7085E+1	1.7140E+1	1.7196E+1	1.7251E+1	1.7307E+1	1.7362E+1	1.7418E+1	1.7473E+1
1.4430E+1	5.5895E-8	7.4704E-8	8.1390E-8	9.6535E-8	1.0360E-7	1.0610E-7	9.0591E-8	9.0123E-9	4.4029E-8	-2.6912E-8	-4.5013E-8	8.8770E-9	1.6851E-8	7.1602E-8	6.4681E-8	4.1281E-8	-1.1373E-8	5.5732E-8	-4.2882E-8	-2.8797E-8	-1.7223E-8	-3.0405E-8	-5.8294E-8	-9.4440E-9	1.0628E-8	-1.3206E-8	-1.4783E-8	1.1241E-8	-2.8512E-8	-3.1736E-8	-2.0795E-8	-6.4754E-8	-4.1654E-8	-1.8074E-8	-3.1958E-8	-2.0620E-8	-4.8221E-8	-3.3392E-8	-2.4079E-8	-2.9076E-8	-1.3625E-8	-4.3449E-8	-5.4386E-8	1.8693E-9	-2.1421E-8	-1.6899E-8	-1.6553E-8	1.2029E-8	-1.4401E-8	-2.5868E-9	-1.7980E-8	-3.0390E-8	-5.1654E-8	-1.5625E-8	-2.7071E-8	-2.0834E-8
1.4468E+1	1.1121E-7	1.3141E-7	1.7225E-7	1.5887E-7	1.7832E-7	1.5408E-7	1.1372E-7	2.3151E-8	1.4973E-8	-6.1986E-9	-8.8602E-8	1.4848E-9	4.2808E-8	6.8077E-8	8.9211E-8	6.2941E-8	-1.3621E-8	-1.0905E-8	-1.0519E-8	-6.2292E-8	-6.4018E-8	-3.7427E-8	-6.8622E-8	-9.3852E-8	-3.4678E-8	2.4117E-9	-1.9288E-8	2.7483E-8	2.8150E-8	-1.5434E-8	7.9176E-10	-3.5379E-8	-4.7783E-8	-4.3704E-8	-5.7531E-8	-5.8274E-8	-5.6081E-8	-3.4885E-8	-2.0992E-8	-4.1957E-8	-3.1310E-8	-1.9994E-8	-5.6205E-8	-5.0994E-8	-2.4937E-9	-2.1081E-8	-3.6929E-8	-1.2965E-9	-1.0955E-8	-3.2768E-8	6.0555E-9	-2.2098E-8	-4.9737E-8	-3.8909E-8	-2.6158E-8	-8.7872E-9
1.4505E+1	1.3563E-7	2.1079E-7	2.8682E-7	3.0666E-7	2.7437E-7	2.4851E-7	2.3861E-7	8.2091E-8	2.9550E-8	-1.1597E-8	-5.9625E-8	-1.1828E-7	3.5419E-8	7.4491E-8	1.0360E-7	6.0539E-8	7.0330E-8	-6.9775E-9	-8.5335E-8	-8.1500E-8	-1.2770E-7	-7.9718E-8	-5.4099E-8	-6.7768E-8	-8.1019E-8	4.2769E-9	6.3690E-9	1.8386E-8	4.5528E-8	-4.6411E-10	-2.3845E-8	-6.2243E-8	-3.0935E-8	-3.0453E-8	-6.9268E-8	-1.0290E-7	-1.2289E-7	-5.8663E-8	-6.6471E-8	-1.1171E-7	-6.1327E-8	-5.5834E-8	-6.8287E-8	-7.8573E-8	-3.2492E-8	-2.2078E-8	-6.4965E-8	-2.2748E-8	-5.0319E-8	-5.8865E-8	9.4963E-10	-1.7579E-8	-3.7314E-8	-3.6145E-8	-4.8343E-8	-1.7299E-8
1.4543E+1	2.2182E-7	3.0212E-7	4.9164E-7	5.8624E-7	6.0301E-7	4.6216E-7	4.0215E-7	2.2953E-7	1.4843E-7	1.5653E-8	-1.6501E-8	-1.0502E-7	-4.3230E-8	2.0273E-8	7.5879E-8	9.4142E-8	8.2116E-8	2.6627E-8	-7.3622E-8	-1.8173E-7	-2.2648E-7	-2.1393E-7	-1.2988E-7	-1.0600E-7	-5.8154E-8	3.0567E-8	8.7053E-8	7.6127E-8	8.9387E-8	4.5298E-8	3.1237E-8	-2.3169E-8	-1.0678E-7	-2.5633E-8	-8.3502E-8	-1.0091E-7	-1.4303E-7	-8.9191E-8	-5.7618E-8	-1.5272E-7	-1.1473E-7	-1.0401E-7	-6.6615E-8	-1.2322E-7	-1.2623E-7	-7.0877E-8	-6.7052E-8	-8.5113E-8	-8.8690E-8	-1.0502E-7	-5.9016E-8	-5.7449E-8	-5.4960E-8	-1.5788E-8	-7.0266E-8	-8.1452E-8
1.4581E+1	3.3726E-7	3.5912E-7	6.9557E-7	9.8434E-7	1.0741E-6	9.2188E-7	8.0379E-7	4.3886E-7	3.2619E-7	1.4693E-7	8.0876E-8	-1.5641E-8	2.0467E-9	2.3941E-8	3.8484E-8	1.0649E-7	2.2499E-7	8.0599E-8	1.3599E-8	-1.5912E-7	-2.5360E-7	-2.6665E-7	-2.3273E-7	-1.6041E-7	-1.1174E-7	-1.3781E-8	1.5547E-7	1.9636E-7	1.5559E-7	1.3564E-7	4.1703E-8	2.1285E-8	-6.3632E-8	-7.2837E-8	-5.6511E-8	-1.3681E-7	-1.2422E-7	-1.5147E-7	-1.5260E-7	-1.7983E-7	-1.3570E-7	-1.4419E-7	-9.9161E-8	-7.4595E-8	-1.4367E-7	-1.4458E-7	-1.0606E-7	-1.0535E-7	-1.3485E-7	-1.0047E-7	-1.3102E-7	-8.0474E-8	-1.2174E-7	-3.7331E-8	-5.3165E-8	-1.0250E-7
1.4619E+1	3.1653E-7	4.2668E-7	7.5509E-7	1.5497E-6	1.8580E-6	1.5638E-6	1.2084E-6	7.5609E-7	4.0940E-7	1.7901E-7	1.7274E-7	1.3395E-7	9.6690E-8	9.7133E-8	1.2436E-7	7.9050E-8	2.8345E-7	3.1040E-7	1.3564E-7	-1.2191E-7	-3.1525E-7	-3.0275E-7	-3.0765E-7	-1.5054E-7	-4.9441E-8	9.7295E-9	1.7121E-7	3.2032E-7	2.8047E-7	2.9159E-7	2.2738E-7	-9.8665E-9	-6.8707E-8	-9.4947E-8	-1.1193E-7	-1.0463E-7	-1.4171E-7	-1.4888E-7	-2.2607E-7	-2.5743E-7	-2.6158E-7	-2.3224E-7	-1.7601E-7	-1.6914E-7	-1.7170E-7	-1.0516E-7	-1.4587E-7	-1.6802E-7	-1.2012E-7	-1.7373E-7	-1.5483E-7	-1.5629E-7	-1.7874E-7	-1.3314E-7	-1.5970E-7	-1.7267E-7
1.4657E+1	3.1608E-7	3.6884E-7	5.5324E-7	1.5835E-6	3.0124E-6	2.8708E-6	2.1771E-6	1.2641E-6	8.2082E-7	3.4296E-7	2.2642E-7	2.5552E-7	3.0076E-7	2.2330E-7	3.3432E-7	2.1051E-7	2.8714E-7	5.6063E-7	5.6277E-7	1.8180E-7	-1.8818E-7	-3.1430E-7	-3.8340E-7	-1.7325E-7	-1.6849E-8	1.1641E-7	3.3938E-7	5.5159E-7	5.4639E-7	5.1351E-7	5.0167E-7	2.6528E-7	1.1968E-7	1.8158E-8	-2.7854E-8	-9.4847E-8	-8.9182E-8	-1.7089E-7	-2.0067E-7	-2.1144E-7	-2.3815E-7	-3.1741E-7	-2.5350E-7	-2.4993E-7	-2.9046E-7	-2.0442E-7	-1.1359E-7	-2.0381E-7	-9.6898E-8	-1.6506E-7	-1.8346E-7	-1.0344E-7	-2.4670E-7	-1.2941E-7	-1.9369E-7	-2.2477E-7
1.4695E+1	1.6037E-6	7.1446E-7	2.4213E-6	5.5053E-6	2.9098E-5	4.2497E-5	3.3706E-5	2.2560E-5	1.2240E-5	8.7165E-6	3.8836E-6	4.0217E-6	5.3774E-6	4.3358E-6	5.1951E-6	4.7610E-6	3.3008E-6	5.6377E-6	8.2365E-6	6.8114E-6	9.8029E-7	-1.8159E-6	-3.5544E-6	-1.5436E-6	-3.3632E-7	1.4727E-6	2.9737E-6	6.7548E-6	8.8036E-6	9.0291E-6	8.3173E-6	5.7071E-6	4.4206E-6	2.8352E-6	2.7038E-6	1.8157E-6	5.1060E-7	6.5304E-7	-2.9832E-7	-9.4829E-7	-1.0342E-6	-1.7205E-6	-1.3601E-6	-2.2719E-6	-2.4203E-6	-2.0134E-6	-1.8647E-6	-1.4816E-6	-1.4598E-6	-1.2460E-6	-1.5525E-6	-9.6275E-7	-1.6102E-6	-1.6441E-6	-1.1752E-6	-2.1148E-6
1.4733E+1	-1.6354E-6	-2.2611E-6	-2.2385E-6	-1.2824E-6	1.1196E-5	4.7283E-5	5.0237E-5	3.5807E-5	2.1945E-5	1.2030E-5	7.3013E-6	3.7223E-6	6.4083E-6	6.3438E-6	6.3587E-6	6.5555E-6	5.9837E-6	5.7772E-6	8.5525E-6	1.1084E-5	6.2748E-6	3.7385E-8	-2.7205E-6	-2.2615E-6	-4.8798E-7	1.5971E-6	2.6525E-6	4.1559E-6	8.6698E-6	1.1368E-5	1.1505E-5	9.8891E-6	7.3503E-6	4.4122E-6	4.8341E-6	4.2687E-6	2.3788E-6	1.8511E-6	2.2033E-6	1.0057E-6	4.7413E-7	-5.9543E-7	-3.3790E-7	-5.9545E-7	-1.5602E-6	-8.7343E-7	-1.1580E-6	-6.4367E-7	-1.1665E-6	-1.1021E-6	-6.4114E-7	-2.8594E-7	-1.3522E-6	-1.2224E-6	-7.4295E-7	-9.4329E-7
1.4770E+1	-4.0636E-6	-5.2426E-6	-7.6134E-6	-7.9843E-6	-4.7266E-6	2.5880E-5	6.7177E-5	5.5451E-5	3.7296E-5	1.9851E-5	1.1605E-5	6.6953E-6	6.1050E-6	7.7691E-6	8.1451E-6	7.1601E-6	7.8879E-6	6.7341E-6	8.0215E-6	1.2304E-5	1.2398E-5	5.5738E-6	5.6063E-7	-2.0998E-6	-1.2224E-6	1.5355E-6	3.4410E-6	3.8093E-6	6.4210E-6	1.1996E-5	1.3844E-5	1.3498E-5	1.1799E-5	7.3802E-6	7.0489E-6	7.2008E-6	5.5572E-6	4.5260E-6	3.3609E-6	3.1539E-6	2.2176E-6	1.4278E-6	1.0558E-6	-1.7224E-7	4.9192E-8	-4.1384E-7	-6.6192E-7	1.7402E-7	-3.1551E-7	-4.9588E-7	-2.7691E-8	7.3339E-7	-5.9760E-8	-1.3980E-6	-7.8803E-7	-8.1459E-7
1.4808E+1	-6.5137E-6	-9.8648E-6	-1.0417E-5	-1.6119E-5	-1.4221E-5	-3.5118E-6	5.3066E-5	8.4395E-5	5.6775E-5	3.4534E-5	1.6422E-5	1.1190E-5	6.7249E-6	8.7904E-6	9.0131E-6	9.3215E-6	9.1405E-6	8.9166E-6	7.9703E-6	1.1242E-5	1.4319E-5	1.2505E-5	4.7277E-6	3.6576E-7	-1.4651E-6	-7.7275E-8	2.7420E-6	4.7827E-6	5.3996E-6	9.8819E-6	1.5709E-5	1.6197E-5	1.5127E-5	1.1581E-5	9.5732E-6	9.4534E-6	8.8155E-6	7.2125E-6	5.9092E-6	5.1107E-6	4.8139E-6	3.1287E-6	3.4723E-6	1.9127E-6	1.7798E-6	9.8118E-7	1.2292E-7	7.4698E-7	9.0673E-7	7.5289E-7	1.0425E-6	1.8409E-6	1.3499E-6	-3.3661E-8	5.2878E-8	-4.2890E-7
1.4846E+1	-1.1606E-5	-1.3492E-5	-1.7535E-5	-2.0868E-5	-2.6250E-5	-2.1924E-5	6.5692E-6	8.1246E-5	8.5536E-5	5.2519E-5	3.0356E-5	1.5527E-5	1.1736E-5	8.9411E-6	1.1238E-5	9.6707E-6	1.0602E-5	1.0337E-5	9.8411E-6	9.9013E-6	1.2927E-5	1.6409E-5	1.1499E-5	3.6206E-6	9.6974E-7	-5.0552E-7	1.4763E-6	4.4198E-6	5.6516E-6	7.2789E-6	1.3854E-5	1.7629E-5	1.6947E-5	1.5955E-5	1.3153E-5	1.1904E-5	1.1940E-5	1.0730E-5	8.1861E-6	7.8262E-6	7.0213E-6	6.0205E-6	5.0633E-6	3.4584E-6	3.5224E-6	2.6914E-6	1.5406E-6	1.6723E-6	1.7679E-6	2.2924E-6	2.3294E-6	2.6513E-6	2.9716E-6	1.4463E-6	6.0710E-7	9.2898E-7
1.4884E+1	-1.4000E-5	-1.5981E-5	-2.0757E-5	-2.5611E-5	-3.2646E-5	-3.3012E-5	-2.3576E-5	2.9094E-5	9.8901E-5	7.5650E-5	4.5234E-5	2.3091E-5	1.6079E-5	1.1524E-5	1.1022E-5	1.2177E-5	1.0441E-5	1.1660E-5	1.0621E-5	9.7237E-6	1.0177E-5	1.4233E-5	1.4773E-5	8.7446E-6	3.1503E-6	1.7693E-7	7.3802E-7	3.8592E-6	5.0922E-6	6.4654E-6	1.0305E-5	1.5789E-5	1.6719E-5	1.6689E-5	1.6109E-5	1.3248E-5	1.3193E-5	1.2604E-5	1.1510E-5	9.3415E-6	9.6912E-6	8.0132E-6	7.9458E-6	5.7383E-6	4.7483E-6	3.6015E-6	3.2716E-6	2.7229E-6	2.6135E-6	2.7614E-6	3.6042E-6	3.1842E-6	3.4720E-6	3.8998E-6	2.5273E-6	1.8992E-6
1.4922E+1	-1.6403E-5	-2.0392E-5	-2.2668E-5	-3.0194E-5	-3.6111E-5	-4.4757E-5	-3.6112E-5	-1.8100E-5	6.0749E-5	1.0769E-4	6.4019E-5	3.9553E-5	2.0689E-5	1.8442E-5	1.1963E-5	1.3694E-5	1.1928E-5	1.3219E-5	1.2383E-5	1.1481E-5	9.7668E-6	1.2360E-5	1.4336E-5	1.3282E-5	7.1241E-6	3.1287E-6	7.7636E-7	3.1834E-6	4.5831E-6	7.0686E-6	8.3606E-6	1.3582E-5	1.6603E-5	1.6986E-5	1.7188E-5	1.5684E-5	1.4038E-5	1.4128E-5	1.3211E-5	1.2221E-5	1.0070E-5	9.8859E-6	8.4352E-6	8.5480E-6	6.6418E-6	5.3369E-6	4.2552E-6	4.2261E-6	3.5499E-6	3.9980E-6	3.8147E-6	3.7734E-6	3.5135E-6	4.0326E-6	4.0370E-6	3.4882E-6
1.4960E+1	-1.8352E-5	-2.1315E-5	-2.6790E-5	-3.1951E-5	-4.0535E-5	-4.7426E-5	-4.9832E-5	-3.6279E-5	-4.3760E-7	8.9667E-5	9.3948E-5	5.1702E-5	3.3046E-5	1.9380E-5	1.8715E-5	1.3159E-5	1.3626E-5	1.2513E-5	1.3437E-5	1.2113E-5	1.0779E-5	1.0130E-5	1.2483E-5	1.4054E-5	1.0465E-5	5.2519E-6	3.6354E-6	2.4513E-6	3.9204E-6	7.3044E-6	8.4734E-6	1.0853E-5	1.5112E-5	1.6370E-5	1.7171E-5	1.7004E-5	1.4972E-5	1.4544E-5	1.4407E-5	1.3869E-5	1.3269E-5	1.0337E-5	9.7427E-6	9.2045E-6	8.8093E-6	6.8101E-6	5.8714E-6	4.6101E-6	4.3918E-6	4.5244E-6	5.1442E-6	4.6131E-6	4.5879E-6	4.7443E-6	5.2546E-6	4.4255E-6
1.4998E+1	-1.8362E-5	-2.1251E-5	-2.6227E-5	-3.2757E-5	-4.1147E-5	-4.8174E-5	-5.1625E-5	-4.6395E-5	-2.4973E-5	2.9854E-5	9.8051E-5	7.1158E-5	4.2800E-5	2.5584E-5	1.9968E-5	1.6675E-5	1.3458E-5	1.3138E-5	1.2974E-5	1.2469E-5	1.0876E-5	9.8878E-6	1.0144E-5	1.1485E-5	1.2101E-5	6.7164E-6	4.8572E-6	3.0349E-6	3.3526E-6	6.0745E-6	9.1128E-6	1.0335E-5	1.3297E-5	1.4963E-5	1.5899E-5	1.6729E-5	1.6155E-5	1.4278E-5	1.4155E-5	1.3151E-5	1.3470E-5	1.1924E-5	1.0109E-5	9.7562E-6	9.4761E-6	8.3929E-6	7.0468E-6	5.4816E-6	4.7763E-6	4.5770E-6	4.4080E-6	4.9554E-6	5.2258E-6	4.6497E-6	5.8955E-6	5.7116E-6
1.5036E+1	-1.8347E-5	-2.1144E-5	-2.5396E-5	-3.2535E-5	-3.8563E-5	-4.7708E-5	-4.9442E-5	-5.0447E-5	-3.4558E-5	-8.1441E-6	5.3379E-5	8.5235E-5	5.0841E-5	3.4216E-5	2.1764E-5	1.9740E-5	1.3862E-5	1.3578E-5	1.2681E-5	1.3039E-5	1.0556E-5	1.0155E-5	8.9855E-6	9.2320E-6	9.0066E-6	8.2573E-6	5.4891E-6	4.5031E-6	2.8188E-6	5.6438E-6	7.2845E-6	1.0677E-5	1.1586E-5	1.4014E-5	1.4657E-5	1.6394E-5	1.4897E-5	1.5710E-5	1.3842E-5	1.4111E-5	1.2651E-5	1.2070E-5	1.0825E-5	1.0256E-5	9.0221E-6	8.4247E-6	7.5971E-6	6.4403E-6	5.1311E-6	5.6078E-6	4.2144E-6	4.9603E-6	5.0568E-6	5.0398E-6	5.1155E-6	5.3742E-6
1.5073E+1	-1.7813E-5	-1.9835E-5	-2.4518E-5	-3.0832E-5	-3.7502E-5	-4.3020E-5	-4.8538E-5	-4.6107E-5	-3.9936E-5	-1.8398E-5	1.0703E-5	6.2557E-5	6.3619E-5	3.7832E-5	2.6495E-5	1.9020E-5	1.6629E-5	1.2315E-5	1.3730E-5	1.2231E-5	1.1274E-5	1.0163E-5	8.5201E-6	7.9202E-6	7.0477E-6	5.7910E-6	5.4733E-6	5.1324E-6	3.7107E-6	4.4181E-6	7.1592E-6	8.6884E-6	1.1748E-5	1.1637E-5	1.3330E-5	1.5852E-5	1.4224E-5	1.3631E-5	1.4448E-5	1.3174E-5	1.3222E-5	1.1786E-5	1.1423E-5	1.0740E-5	9.9069E-6	7.8319E-6	7.5729E-6	6.5459E-6	5.8413E-6	5.6196E-6	4.4636E-6	4.5458E-6	5.4896E-6	4.7749E-6	5.2223E-6	5.3655E-6
1.5111E+1	-1.6469E-5	-1.9168E-5	-2.3175E-5	-2.8916E-5	-3.5324E-5	-3.9722E-5	-4.4856E-5	-4.3711E-5	-3.8778E-5	-2.3946E-5	-3.6441E-6	2.5188E-5	5.8159E-5	4.6973E-5	3.0566E-5	2.0367E-5	1.6605E-5	1.2904E-5	1.2345E-5	1.2561E-5	1.0882E-5	1.0416E-5	8.4785E-6	6.8621E-6	6.0916E-6	4.5711E-6	4.4667E-6	4.0791E-6	4.4639E-6	3.9052E-6	6.7631E-6	7.6987E-6	1.0269E-5	1.1638E-5	1.1478E-5	1.4050E-5	1.4198E-5	1.2635E-5	1.3164E-5	1.2864E-5	1.2149E-5	1.1318E-5	1.0735E-5	1.0541E-5	9.3899E-6	8.1607E-6	7.3633E-6	6.6205E-6	6.0337E-6	5.8778E-6	4.9396E-6	4.1691E-6	4.3898E-6	5.1417E-6	4.4777E-6	4.9180E-6
1.5149E+1	-1.5031E-5	-1.7849E-5	-2.1586E-5	-2.7434E-5	-3.3610E-5	-3.8147E-5	-4.0501E-5	-4.0574E-5	-3.5415E-5	-2.5505E-5	-9.1786E-6	6.9562E-6	3.1930E-5	4.9868E-5	3.5459E-5	2.4340E-5	1.7410E-5	1.4777E-5	1.1548E-5	1.1266E-5	1.0371E-5	9.8402E-6	7.8082E-6	7.1079E-6	5.0741E-6	3.9859E-6	4.1030E-6	3.5662E-6	3.4239E-6	4.7209E-6	5.6238E-6	8.0864E-6	8.8955E-6	1.0664E-5	1.1125E-5	1.1808E-5	1.2505E-5	1.2285E-5	1.2463E-5	1.2103E-5	1.1482E-5	1.1195E-5	9.3569E-6	1.0072E-5	8.4626E-6	7.8061E-6	7.0299E-6	6.4456E-6	6.1771E-6	4.9763E-6	4.9667E-6	4.4121E-6	4.1419E-6	4.0439E-6	4.6230E-6	4.4907E-6
1.5187E+1	-1.4305E-5	-1.5964E-5	-1.9623E-5	-2.4603E-5	-3.1008E-5	-3.6401E-5	-3.8835E-5	-3.6493E-5	-3.2780E-5	-2.2918E-5	-1.2593E-5	1.5789E-6	1.2946E-5	3.6407E-5	4.0710E-5	2.7027E-5	2.0158E-5	1.5782E-5	1.3326E-5	1.1215E-5	9.6652E-6	9.1313E-6	7.2958E-6	6.0197E-6	5.0989E-6	2.8448E-6	3.2844E-6	2.5610E-6	2.8617E-6	4.6757E-6	6.1020E-6	6.9297E-6	9.1773E-6	1.0084E-5	1.1156E-5	1.0492E-5	1.1175E-5	1.0842E-5	1.1382E-5	1.1826E-5	1.0770E-5	1.0425E-5	9.3983E-6	8.4901E-6	7.9667E-6	7.0627E-6	7.0782E-6	6.1660E-6	5.9512E-6	4.5777E-6	4.7302E-6	3.4749E-6	3.6010E-6	3.8612E-6	3.5303E-6	3.8601E-6
1.5225E+1	-1.4069E-5	-1.5650E-5	-1.7739E-5	-2.3066E-5	-2.8501E-5	-3.2953E-5	-3.6355E-5	-3.4183E-5	-2.9389E-5	-2.1227E-5	-1.1449E-5	-2.6198E-6	6.0902E-6	1.9302E-5	3.6599E-5	3.2600E-5	2.2794E-5	1.7582E-5	1.3376E-5	1.2199E-5	9.9979E-6	8.3105E-6	8.4200E-6	5.8113E-6	4.8560E-6	3.4247E-6	2.6055E-6	1.8145E-6	2.2058E-6	3.5449E-6	6.1050E-6	6.9438E-6	7.7922E-6	9.6326E-6	1.0603E-5	1.0312E-5	1.0231E-5	1.0803E-5	1.0105E-5	1.0621E-5	1.0357E-5	9.2323E-6	8.7109E-6	8.5106E-6	7.5201E-6	7.0237E-6	5.9896E-6	6.6300E-6	5.2592E-6	3.8577E-6	4.5094E-6	3.8587E-6	3.1346E-6	3.3389E-6	3.4088E-6	3.1958E-6
1.5263E+1	-1.2578E-5	-1.4457E-5	-1.6857E-5	-2.0099E-5	-2.6580E-5	-3.0493E-5	-3.3256E-5	-3.2007E-5	-2.6995E-5	-2.0630E-5	-1.0820E-5	-4.3843E-6	1.5205E-6	9.8455E-6	2.2898E-5	3.3842E-5	2.7081E-5	1.9972E-5	1.4633E-5	1.2653E-5	1.0183E-5	7.8368E-6	7.4496E-6	6.7392E-6	3.6067E-6	3.6348E-6	2.1942E-6	1.7474E-6	2.6733E-6	3.7594E-6	4.8534E-6	7.1427E-6	7.3771E-6	9.1164E-6	9.1218E-6	9.9490E-6	9.6095E-6	1.0563E-5	1.0190E-5	1.0368E-5	9.3083E-6	8.9120E-6	7.6198E-6	7.4268E-6	7.2974E-6	7.5012E-6	6.2511E-6	6.0962E-6	5.3810E-6	3.9126E-6	3.1936E-6	3.4455E-6	2.9562E-6	3.3746E-6	2.9950E-6	3.0025E-6
1.5301E+1	-1.1914E-5	-1.2576E-5	-1.6001E-5	-1.8761E-5	-2.2721E-5	-2.6884E-5	-2.9879E-5	-2.9749E-5	-2.5328E-5	-1.8400E-5	-1.0991E-5	-4.8354E-6	-1.0831E-6	5.4222E-6	1.1959E-5	2.5374E-5	3.0607E-5	2.2464E-5	1.6468E-5	1.3922E-5	1.0921E-5	8.7205E-6	7.2157E-6	6.4490E-6	4.2607E-6	2.8223E-6	2.0936E-6	1.3481E-6	1.8381E-6	3.5767E-6	4.7373E-6	6.3543E-6	7.0957E-6	8.1741E-6	8.5185E-6	8.9635E-6	9.1104E-6	9.8013E-6	9.5636E-6	9.6350E-6	9.0156E-6	8.1944E-6	7.9874E-6	7.2443E-6	6.6570E-6	6.6259E-6	6.2159E-6	5.9773E-6	4.8332E-6	4.7561E-6	3.2957E-6	3.4709E-6	3.3552E-6	2.3435E-6	3.1987E-6	2.1372E-6
1.5338E+1	-1.0799E-5	-1.2118E-5	-1.4513E-5	-1.8158E-5	-2.1903E-5	-2.4400E-5	-2.6402E-5	-2.6438E-5	-2.4923E-5	-1.7861E-5	-1.0227E-5	-5.7171E-6	-2.0505E-6	2.2623E-6	7.8799E-6	1.4921E-5	2.7337E-5	2.6616E-5	1.9216E-5	1.5415E-5	1.1600E-5	9.6404E-6	7.5791E-6	6.1386E-6	4.7204E-6	3.3038E-6	1.7475E-6	2.3536E-6	2.4572E-6	3.1921E-6	5.0391E-6	6.4053E-6	7.4691E-6	7.5814E-6	7.8647E-6	8.7517E-6	8.9557E-6	9.2520E-6	9.6350E-6	8.4830E-6	8.5615E-6	7.7947E-6	7.3512E-6	7.0908E-6	7.0067E-6	6.6194E-6	5.3788E-6	5.4449E-6	4.2254E-6	4.0450E-6	3.1982E-6	2.9390E-6	3.9472E-6	2.9341E-6	2.8783E-6	2.5637E-6
1.5376E+1	-1.0427E-5	-1.1868E-5	-1.4432E-5	-1.6805E-5	-2.0460E-5	-2.3927E-5	-2.5182E-5	-2.4238E-5	-2.2807E-5	-1.7711E-5	-1.0787E-5	-6.2677E-6	-3.0889E-6	-7.2236E-7	4.0745E-6	9.1860E-6	1.7587E-5	2.6573E-5	2.2975E-5	1.7999E-5	1.2948E-5	1.0659E-5	8.4567E-6	6.3848E-6	4.8280E-6	3.6005E-6	2.1956E-6	1.4164E-6	2.1879E-6	2.9902E-6	5.2057E-6	6.7392E-6	7.7107E-6	7.9431E-6	8.2009E-6	8.4357E-6	8.8130E-6	8.6013E-6	9.3704E-6	8.4762E-6	8.1421E-6	8.4446E-6	7.8056E-6	7.0900E-6	6.2951E-6	7.0930E-6	4.7807E-6	5.4225E-6	4.2724E-6	3.8181E-6	3.1800E-6	2.9487E-6	2.8017E-6	2.7461E-6	2.4977E-6	2.9610E-6
1.5414E+1	-1.0088E-5	-1.1011E-5	-1.4433E-5	-1.6391E-5	-1.9528E-5	-2.2511E-5	-2.4469E-5	-2.2992E-5	-2.1784E-5	-1.6645E-5	-1.1225E-5	-6.3380E-6	-4.0142E-6	-1.3925E-6	1.3457E-6	5.7133E-6	1.0301E-5	1.9116E-5	2.4668E-5	1.9443E-5	1.5386E-5	1.0913E-5	8.9855E-6	7.1713E-6	5.6136E-6	3.4010E-6	3.2532E-6	2.2210E-6	2.2883E-6	2.5236E-6	4.4041E-6	6.5162E-6	7.5570E-6	7.8622E-6	8.5866E-6	9.1813E-6	9.0446E-6	8.4331E-6	8.3968E-6	8.1775E-6	7.7076E-6	7.8306E-6	8.0731E-6	7.4380E-6	6.7644E-6	7.0543E-6	5.0344E-6	5.0025E-6	4.2211E-6	3.5100E-6	3.4445E-6	3.4264E-6	2.7953E-6	2.6273E-6	1.9549E-6	2.5585E-6
1.5452E+1	-9.9357E-6	-1.0306E-5	-1.3681E-5	-1.5993E-5	-1.8438E-5	-2.1594E-5	-2.2774E-5	-2.2322E-5	-1.9453E-5	-1.5818E-5	-1.1346E-5	-6.7985E-6	-4.3607E-6	-3.0125E-6	4.1277E-7	2.8721E-6	7.5006E-6	1.1718E-5	2.1017E-5	2.1541E-5	1.6258E-5	1.2517E-5	8.6152E-6	7.3033E-6	5.3183E-6	3.5272E-6	3.0818E-6	2.1622E-6	2.4984E-6	3.6935E-6	4.0274E-6	6.0290E-6	6.9673E-6	7.4714E-6	8.1249E-6	8.8322E-6	8.9767E-6	8.9320E-6	8.5906E-6	8.1677E-6	7.8438E-6	7.3671E-6	7.4903E-6	6.4676E-6	6.3759E-6	6.5470E-6	5.3280E-6	5.6009E-6	4.4760E-6	3.4188E-6	3.4038E-6	3.7081E-6	3.2076E-6	2.6921E-6	2.1027E-6	2.4201E-6
1.5490E+1	-9.5405E-6	-1.0576E-5	-1.2308E-5	-1.5722E-5	-1.8669E-5	-2.0831E-5	-2.1307E-5	-2.1109E-5	-1.8777E-5	-1.4251E-5	-1.0982E-5	-7.3642E-6	-5.1684E-6	-3.0996E-6	-1.5670E-6	1.0307E-6	4.0500E-6	8.1189E-6	1.3582E-5	2.1599E-5	1.9032E-5	1.3490E-5	9.6013E-6	7.7439E-6	5.6279E-6	2.7682E-6	3.0368E-6	2.1251E-6	1.7477E-6	3.2512E-6	4.4729E-6	5.3512E-6	7.0125E-6	6.9913E-6	7.6864E-6	8.5411E-6	8.0211E-6	8.1045E-6	8.3033E-6	8.3830E-6	8.0609E-6	7.4016E-6	7.4785E-6	6.4674E-6	6.2151E-6	5.4845E-6	4.9063E-6	4.9999E-6	4.6601E-6	3.7304E-6	3.3033E-6	3.3607E-6	3.2298E-6	3.3411E-6	2.3911E-6	2.4356E-6
1.5528E+1	-8.7220E-6	-1.0759E-5	-1.2126E-5	-1.3708E-5	-1.8214E-5	-2.0945E-5	-2.0547E-5	-1.9482E-5	-1.7430E-5	-1.4008E-5	-1.0543E-5	-7.3363E-6	-6.2561E-6	-3.7885E-6	-2.8693E-6	-1.0378E-6	1.5911E-6	4.6642E-6	8.1592E-6	1.4525E-5	2.0235E-5	1.5363E-5	1.1000E-5	7.4754E-6	6.2941E-6	3.5775E-6	3.1085E-6	1.8384E-6	2.2506E-6	2.4978E-6	3.9753E-6	4.8446E-6	6.1959E-6	6.6368E-6	7.0507E-6	7.9998E-6	7.6090E-6	7.3181E-6	7.9046E-6	7.8278E-6	7.8484E-6	7.5770E-6	6.6723E-6	6.1025E-6	6.4650E-6	5.5174E-6	5.4284E-6	4.7178E-6	4.6774E-6	3.7607E-6	4.1827E-6	3.5722E-6	3.3102E-6	2.8479E-6	3.1756E-6	2.3060E-6
1.5566E+1	-7.2461E-6	-9.1273E-6	-1.1515E-5	-1.3253E-5	-1.6746E-5	-2.0162E-5	-2.0731E-5	-1.8296E-5	-1.6008E-5	-1.3110E-5	-9.9518E-6	-7.1662E-6	-5.8900E-6	-4.0351E-6	-2.9198E-6	-2.2962E-6	-7.9272E-7	2.0879E-6	5.9562E-6	8.8799E-6	1.5266E-5	1.6500E-5	1.1804E-5	8.5714E-6	5.5784E-6	3.4314E-6	3.3299E-6	2.1323E-6	1.4682E-6	2.7480E-6	3.6374E-6	4.5458E-6	6.0770E-6	6.0188E-6	6.5518E-6	7.4376E-6	7.0691E-6	6.3450E-6	6.8357E-6	7.4655E-6	6.6506E-6	7.7308E-6	7.0700E-6	5.5309E-6	5.7145E-6	4.7139E-6	5.2467E-6	4.2804E-6	4.8326E-6	3.4759E-6	3.6212E-6	3.6644E-6	2.9965E-6	3.0555E-6	2.8884E-6	2.4089E-6
1.5604E+1	-8.1770E-6	-8.6764E-6	-9.8470E-6	-1.2127E-5	-1.5432E-5	-1.8784E-5	-2.0662E-5	-1.8925E-5	-1.5084E-5	-1.2661E-5	-9.6892E-6	-6.8093E-6	-6.0060E-6	-4.8402E-6	-3.7040E-6	-1.7561E-6	-1.9098E-6	-2.9527E-7	2.8028E-6	6.1734E-6	9.2455E-6	1.4999E-5	1.3321E-5	8.6884E-6	6.7645E-6	4.0645E-6	2.8875E-6	2.4618E-6	1.9690E-6	1.4576E-6	3.3766E-6	4.0509E-6	5.2877E-6	6.0726E-6	6.1543E-6	6.9133E-6	6.8887E-6	6.8601E-6	6.7027E-6	6.5930E-6	6.0308E-6	6.1559E-6	6.9576E-6	6.2870E-6	5.6250E-6	5.1373E-6	4.8355E-6	4.3215E-6	4.1757E-6	4.6287E-6	3.8431E-6	4.1170E-6	2.2345E-6	2.3850E-6	2.4665E-6	3.0840E-6
1.5641E+1	-6.1205E-6	-8.6375E-6	-9.0093E-6	-1.1291E-5	-1.3987E-5	-1.6568E-5	-1.9356E-5	-1.8767E-5	-1.5649E-5	-1.1229E-5	-9.3431E-6	-6.1765E-6	-5.4173E-6	-4.7370E-6	-4.6328E-6	-2.6081E-6	-1.9204E-6	-2.6309E-7	1.2324E-6	3.2299E-6	5.4498E-6	9.1353E-6	1.3349E-5	1.0030E-5	6.1538E-6	4.5834E-6	3.0906E-6	2.0303E-6	1.9866E-6	2.0079E-6	2.4049E-6	4.2990E-6	4.7714E-6	5.0619E-6	6.2483E-6	6.2616E-6	6.2866E-6	5.8783E-6	7.0993E-6	6.4250E-6	5.9435E-6	5.8780E-6	5.4674E-6	5.8540E-6	5.0984E-6	4.7510E-6	4.2955E-6	4.5479E-6	3.2483E-6	3.6181E-6	3.5367E-6	4.0728E-6	3.0804E-6	2.4727E-6	1.5748E-6	2.0116E-6
1.5679E+1	-5.8468E-6	-6.7061E-6	-8.3422E-6	-9.6838E-6	-1.2994E-5	-1.4927E-5	-1.7839E-5	-1.8508E-5	-1.5630E-5	-1.0719E-5	-7.9907E-6	-5.8172E-6	-4.9351E-6	-5.1164E-6	-4.0577E-6	-3.2487E-6	-2.6676E-6	-1.0852E-6	5.1785E-7	1.9323E-6	3.5703E-6	6.1182E-6	9.6050E-6	1.1144E-5	7.3818E-6	5.2619E-6	2.6371E-6	2.7184E-6	1.4067E-6	1.5742E-6	2.3933E-6	3.2775E-6	4.6229E-6	4.2469E-6	5.4083E-6	6.3351E-6	6.2452E-6	6.2716E-6	6.1818E-6	6.2579E-6	5.5982E-6	5.9134E-6	5.6244E-6	5.3980E-6	5.2322E-6	4.9132E-6	3.4285E-6	4.4595E-6	3.3706E-6	3.2370E-6	2.9736E-6	2.5158E-6	2.3652E-6	2.4258E-6	2.2074E-6	1.2031E-6
1.5717E+1	-5.5457E-6	-5.8859E-6	-7.6522E-6	-8.9664E-6	-1.1224E-5	-1.3381E-5	-1.5682E-5	-1.7828E-5	-1.6113E-5	-1.0510E-5	-6.8984E-6	-4.8715E-6	-4.1282E-6	-4.2737E-6	-4.3680E-6	-2.3863E-6	-2.6181E-6	-1.0568E-6	-8.2792E-7	3.6013E-7	1.5719E-6	3.0025E-6	5.9228E-6	9.4611E-6	7.7831E-6	6.1620E-6	3.2780E-6	2.0498E-6	1.9014E-6	1.2314E-6	2.7980E-6	3.5340E-6	3.7981E-6	3.8477E-6	4.3243E-6	5.0452E-6	5.0911E-6	5.4270E-6	6.1406E-6	5.2731E-6	5.4821E-6	4.8146E-6	5.1863E-6	4.8587E-6	4.8734E-6	4.5506E-6	3.7029E-6	3.6846E-6	3.4078E-6	2.8244E-6	2.8864E-6	2.7845E-6	2.0323E-6	2.0596E-6	1.7604E-6	1.6919E-6
1.5755E+1	-4.5042E-6	-4.7167E-6	-6.5850E-6	-8.2764E-6	-1.0201E-5	-1.2173E-5	-1.3849E-5	-1.5683E-5	-1.5161E-5	-1.1218E-5	-6.7721E-6	-4.7098E-6	-4.0462E-6	-3.2111E-6	-3.5636E-6	-3.2247E-6	-1.8118E-6	-1.3289E-6	-1.0210E-7	4.3926E-7	2.0237E-6	2.1275E-6	2.8273E-6	5.4285E-6	7.8022E-6	5.4321E-6	4.1218E-6	2.6647E-6	1.7331E-6	1.1409E-6	2.0006E-6	3.4310E-6	3.9504E-6	3.4849E-6	4.6248E-6	4.7368E-6	4.4794E-6	4.7082E-6	5.1980E-6	5.0634E-6	4.6938E-6	4.4961E-6	4.2304E-6	4.1521E-6	4.3966E-6	4.0764E-6	2.7040E-6	3.2893E-6	2.3243E-6	3.1641E-6	1.7796E-6	2.3119E-6	1.7127E-6	1.9435E-6	1.3864E-6	1.4894E-6
1.5793E+1	-4.5210E-6	-4.7851E-6	-5.8061E-6	-7.1492E-6	-9.4889E-6	-1.0778E-5	-1.2803E-5	-1.3702E-5	-1.3028E-5	-1.0680E-5	-6.5792E-6	-4.3875E-6	-3.4674E-6	-2.8548E-6	-1.9920E-6	-2.3724E-6	-2.6943E-6	-1.4924E-6	-9.9686E-7	-1.5541E-7	1.6591E-6	2.1242E-6	3.2435E-6	3.3626E-6	5.4572E-6	6.0006E-6	3.4881E-6	2.7549E-6	2.2752E-6	2.2000E-6	2.5227E-6	2.7191E-6	3.4889E-6	3.3389E-6	3.6617E-6	4.6608E-6	3.3241E-6	4.3447E-6	4.1728E-6	4.7135E-6	4.3729E-6	4.1067E-6	3.7976E-6	3.7992E-6	3.6950E-6	3.8312E-6	2.8452E-6	2.8937E-6	2.3695E-6	2.2283E-6	2.6871E-6	2.1830E-6	1.8656E-6	1.5178E-6	1.1417E-6	1.5438E-6
1.5831E+1	-4.1037E-6	-4.4445E-6	-6.2047E-6	-5.7177E-6	-8.6029E-6	-1.0051E-5	-1.1571E-5	-1.2763E-5	-1.1248E-5	-1.0247E-5	-6.7118E-6	-4.6473E-6	-3.3989E-6	-2.6367E-6	-2.2512E-6	-1.2828E-6	-1.5900E-6	-1.8579E-6	-2.2363E-7	-1.6684E-7	1.0214E-6	9.9233E-7	1.5528E-6	2.7403E-6	3.8697E-6	4.5762E-6	5.5496E-6	2.9747E-6	2.5942E-6	2.3495E-6	3.1677E-6	3.4805E-6	3.6231E-6	4.0170E-6	3.6473E-6	4.2944E-6	3.7197E-6	3.7905E-6	3.8519E-6	3.7716E-6	3.7203E-6	3.6797E-6	3.3738E-6	2.8602E-6	3.5504E-6	2.8401E-6	1.8795E-6	2.2959E-6	2.7057E-6	2.1061E-6	2.0037E-6	2.3671E-6	2.1172E-6	2.0768E-6	9.2341E-7	1.6536E-6
1.5869E+1	-3.8981E-6	-3.9661E-6	-5.2855E-6	-5.7988E-6	-6.1389E-6	-9.0447E-6	-1.0021E-5	-1.1458E-5	-1.0046E-5	-8.7067E-6	-5.9242E-6	-3.8518E-6	-2.5860E-6	-2.4646E-6	-1.4367E-6	-2.0042E-6	-1.0469E-6	-1.2850E-6	-6.6473E-7	7.7840E-8	7.8921E-7	1.5804E-6	1.5010E-6	1.2829E-6	2.4906E-6	2.6034E-6	4.0636E-6	4.3410E-6	2.8668E-6	2.7195E-6	2.9148E-6	3.2973E-6	3.6491E-6	4.2784E-6	4.4049E-6	3.7665E-6	3.4657E-6	4.0416E-6	3.6627E-6	3.9450E-6	3.4260E-6	3.4002E-6	3.5981E-6	3.1836E-6	2.7981E-6	3.2023E-6	2.0972E-6	1.6102E-6	2.3337E-6	1.8266E-6	2.3897E-6	1.7451E-6	1.6443E-6	2.3239E-6	1.2453E-6	1.4186E-6
1.5906E+1	-3.0658E-6	-4.1810E-6	-4.0538E-6	-5.2531E-6	-5.2564E-6	-7.0164E-6	-9.1313E-6	-9.9640E-6	-9.8039E-6	-7.8691E-6	-5.7193E-6	-3.8901E-6	-2.1458E-6	-1.7308E-6	-9.6257E-7	-7.4456E-7	-1.0877E-6	2.0936E-7	3.9075E-8	3.2647E-7	-2.0986E-7	9.1163E-7	1.5906E-6	2.0521E-6	2.1771E-6	2.5176E-6	3.4407E-6	4.5428E-6	4.2672E-6	3.0391E-6	3.2888E-6	3.6166E-6	3.4612E-6	3.5662E-6	4.1587E-6	4.5339E-6	3.7867E-6	3.2720E-6	3.7947E-6	3.1588E-6	3.1364E-6	2.7293E-6	2.9620E-6	2.8859E-6	3.1109E-6	1.9929E-6	2.3675E-6	2.1078E-6	2.1976E-6	1.7149E-6	1.9075E-6	1.9901E-6	1.5063E-6	1.7443E-6	1.3853E-6	1.9061E-6
1.5944E+1	-2.7638E-6	-4.4048E-6	-4.2439E-6	-4.8322E-6	-4.3442E-6	-4.9887E-6	-7.0940E-6	-8.0966E-6	-8.4905E-6	-6.2344E-6	-4.3868E-6	-3.0214E-6	-2.2811E-6	-1.6379E-6	-6.9692E-7	-1.4513E-7	-8.0183E-7	-2.5892E-7	1.1507E-6	7.7201E-7	9.4598E-7	4.5182E-7	9.3308E-7	8.9712E-7	1.9160E-6	1.6568E-6	2.0668E-6	4.0131E-6	4.7453E-6	3.9001E-6	4.1599E-6	4.2059E-6	4.7772E-6	4.2168E-6	3.8488E-6	3.3069E-6	4.9438E-6	3.3083E-6	3.8148E-6	4.0361E-6	3.2612E-6	2.5562E-6	3.0985E-6	2.7086E-6	2.3962E-6	2.4442E-6	1.7033E-6	2.1022E-6	1.7684E-6	1.5846E-6	2.0645E-6	1.1560E-6	1.7301E-6	1.7519E-6	7.2384E-7	1.0741E-6
1.5982E+1	-2.8993E-6	-3.9638E-6	-4.9011E-6	-5.2782E-6	-5.5003E-6	-4.3268E-6	-5.7208E-6	-7.1180E-6	-7.6624E-6	-5.6760E-6	-3.4565E-6	-2.5334E-6	-8.6663E-7	-7.8283E-7	-2.6464E-7	8.1039E-7	9.4239E-7	-5.2988E-7	6.1837E-7	6.8935E-7	1.4603E-6	1.4545E-6	1.7398E-6	1.5874E-6	1.9164E-6	1.6979E-6	1.6835E-6	2.6201E-6	4.8636E-6	4.0376E-6	4.0678E-6	4.8621E-6	4.3018E-6	4.8386E-6	5.0339E-6	3.9547E-6	4.1628E-6	4.2524E-6	3.3267E-6	3.5596E-6	3.8418E-6	3.1151E-6	2.4300E-6	2.9406E-6	2.3109E-6	2.4104E-6	2.2961E-6	1.9185E-6	1.9102E-6	1.4764E-6	1.3280E-6	1.3572E-6	1.3847E-6	1.6101E-6	1.4003E-6	1.2949E-6
1.6020E+1	-3.5407E-6	-3.7732E-6	-5.1327E-6	-5.5841E-6	-5.6572E-6	-5.1896E-6	-3.4534E-6	-5.7613E-6	-6.2148E-6	-5.8078E-6	-2.9695E-6	-2.4684E-6	-1.4021E-6	-3.2019E-7	5.2588E-9	1.0313E-6	1.3551E-6	1.0777E-6	7.3894E-7	1.6396E-7	1.2620E-6	7.7601E-7	1.2713E-6	1.1185E-6	2.3024E-6	1.5236E-6	1.3447E-6	2.4587E-6	3.3554E-6	5.7585E-6	4.6343E-6	5.3614E-6	5.1300E-6	4.5715E-6	4.7042E-6	4.7936E-6	4.4000E-6	4.4457E-6	4.5408E-6	3.9751E-6	3.0668E-6	3.8332E-6	3.2305E-6	2.1533E-6	1.9315E-6	2.3568E-6	2.4738E-6	1.8720E-6	1.8134E-6	1.9534E-6	1.2742E-6	3.5785E-7	1.5155E-6	7.6620E-7	9.4116E-7	1.5060E-6
1.6058E+1	-3.2928E-6	-3.6996E-6	-4.7179E-6	-6.5409E-6	-6.6560E-6	-6.2235E-6	-3.9516E-6	-3.1475E-6	-4.1534E-6	-4.5489E-6	-3.6299E-6	-1.7105E-6	-1.2561E-6	3.2336E-9	-8.3221E-8	1.5087E-6	1.4293E-6	1.0764E-6	1.4600E-6	1.0277E-6	1.7103E-6	1.2987E-6	1.3148E-6	8.9663E-7	7.7008E-7	1.4897E-6	9.2115E-7	2.2507E-6	2.8324E-6	3.9805E-6	6.0992E-6	5.8028E-6	5.2641E-6	5.7876E-6	5.4197E-6	5.4663E-6	4.7477E-6	4.3495E-6	4.0097E-6	4.4819E-6	3.9876E-6	2.9958E-6	3.6918E-6	2.4820E-6	2.5580E-6	2.2851E-6	2.3088E-6	1.8868E-6	2.3585E-6	1.7590E-6	1.4268E-6	1.1577E-6	1.1851E-6	6.9709E-7	5.2438E-7	7.2904E-7
1.6096E+1	-4.8222E-6	-4.1238E-6	-4.4815E-6	-5.7692E-6	-8.0976E-6	-6.9926E-6	-5.7185E-6	-3.0126E-6	-1.8906E-6	-2.9860E-6	-2.2479E-6	-1.9704E-6	-1.1168E-6	-8.1129E-7	2.3846E-7	8.9737E-7	1.7061E-6	1.9010E-6	1.4318E-6	1.2243E-6	1.8527E-6	1.2903E-6	1.4289E-6	1.2232E-6	7.0240E-7	2.1190E-7	8.0414E-7	1.4409E-6	3.2823E-6	3.7309E-6	4.8555E-6	6.5052E-6	5.2981E-6	5.6445E-6	5.7947E-6	5.9632E-6	5.9073E-6	5.1450E-6	4.6067E-6	4.0513E-6	4.3323E-6	3.7563E-6	3.6399E-6	2.6102E-6	2.2971E-6	3.2704E-6	2.1353E-6	1.8250E-6	2.1250E-6	2.3522E-6	1.1355E-6	1.5704E-6	1.8102E-6	1.5478E-6	1.1042E-6	1.6002E-6
1.6134E+1	-4.3613E-6	-5.2498E-6	-5.0316E-6	-6.0152E-6	-8.1862E-6	-8.5911E-6	-6.8973E-6	-5.4991E-6	-1.3829E-6	-2.4039E-6	-1.9594E-6	-1.0878E-6	-4.3430E-7	-5.1347E-7	-6.0070E-7	6.7676E-7	1.0817E-6	1.3093E-6	1.8615E-6	1.7517E-6	2.1874E-6	1.5203E-6	1.2346E-6	1.0731E-6	5.5945E-7	1.1598E-7	4.9990E-7	3.7492E-7	2.2576E-6	3.8050E-6	5.0439E-6	5.9438E-6	5.5680E-6	5.8029E-6	5.9412E-6	5.1476E-6	5.3214E-6	5.2374E-6	4.2910E-6	4.5300E-6	4.0073E-6	3.5265E-6	3.7188E-6	3.2967E-6	2.8640E-6	2.6350E-6	2.5413E-6	2.1885E-6	1.9815E-6	1.3569E-6	1.5361E-6	1.5832E-6	1.3379E-6	1.2891E-6	1.2459E-6	1.3617E-6
1.6171E+1	-3.6133E-6	-4.2912E-6	-4.5398E-6	-5.4244E-6	-7.5449E-6	-8.5044E-6	-6.8015E-6	-5.7414E-6	-3.4392E-6	-8.7077E-7	-2.3044E-6	-1.6213E-6	-1.0932E-6	-3.9291E-7	1.6244E-7	-4.2824E-7	1.5887E-6	1.7028E-6	1.4009E-6	1.3840E-6	1.8195E-6	1.7504E-6	1.1486E-6	9.0217E-7	9.9925E-7	4.7381E-8	1.0081E-6	9.3485E-7	1.2067E-6	2.4632E-6	4.4782E-6	5.5426E-6	5.6807E-6	5.9128E-6	6.6472E-6	5.8005E-6	4.7405E-6	5.1751E-6	4.6029E-6	4.1022E-6	4.3194E-6	3.2217E-6	4.0392E-6	2.6350E-6	3.2088E-6	2.7738E-6	2.0977E-6	2.4338E-6	2.3410E-6	1.3273E-6	1.2016E-6	1.6956E-6	1.8795E-6	1.5108E-6	9.5050E-7	1.4891E-6
1.6209E+1	-4.4524E-6	-4.8885E-6	-5.5226E-6	-5.8239E-6	-7.1469E-6	-8.6773E-6	-8.0023E-6	-5.2679E-6	-3.6027E-6	-1.2293E-6	-1.0434E-6	-1.4774E-6	-9.8747E-7	-1.1980E-6	2.7491E-7	-4.4333E-8	9.3045E-8	1.0221E-6	1.8486E-6	2.0118E-6	1.4311E-6	1.2414E-6	9.5058E-7	4.8213E-7	2.8080E-7	1.2008E-7	1.3535E-7	9.5470E-7	2.0985E-6	1.5969E-6	3.9925E-6	4.7921E-6	4.9891E-6	5.6150E-6	6.1678E-6	6.2495E-6	5.1744E-6	4.5510E-6	5.0910E-6	4.6456E-6	3.9736E-6	3.3511E-6	3.7435E-6	3.5674E-6	2.5995E-6	2.7539E-6	2.0709E-6	2.7005E-6	2.3961E-6	1.9818E-6	1.8782E-6	1.6240E-6	1.5569E-6	1.9581E-6	1.2500E-6	1.4435E-6
1.6247E+1	-3.8153E-6	-4.1772E-6	-5.3686E-6	-6.4767E-6	-7.4231E-6	-7.9052E-6	-8.1284E-6	-7.1892E-6	-4.3739E-6	-1.8303E-6	-1.2451E-6	-1.1924E-6	-1.3070E-6	-4.3664E-7	-1.0679E-7	5.3721E-7	1.4214E-6	9.2332E-7	5.7864E-7	2.1442E-6	1.7866E-6	1.3307E-6	8.3074E-7	8.8500E-7	6.8391E-7	-1.7804E-7	-1.5904E-7	-2.6778E-7	1.2353E-6	1.2392E-6	2.4709E-6	4.1777E-6	4.5675E-6	5.0960E-6	5.8609E-6	5.5356E-6	5.2525E-6	4.6046E-6	4.5557E-6	5.4376E-6	4.2177E-6	4.0574E-6	3.4667E-6	3.0649E-6	2.9898E-6	2.2897E-6	1.5763E-6	1.5587E-6	2.2661E-6	1.7527E-6	2.3903E-6	1.9594E-6	2.2446E-6	1.3037E-6	1.7868E-6	1.9278E-6
1.6285E+1	-3.7307E-6	-4.3219E-6	-4.5973E-6	-5.9743E-6	-6.8758E-6	-8.2201E-6	-7.2937E-6	-6.8955E-6	-4.7554E-6	-3.0537E-6	-1.7247E-6	-5.4839E-7	-1.6146E-6	-7.6000E-7	1.5648E-7	-3.5065E-7	6.6611E-7	1.3044E-6	1.0863E-6	1.4311E-6	1.9949E-6	8.7521E-7	1.1676E-6	4.7454E-7	1.1883E-6	6.4684E-7	-4.4083E-8	-5.5577E-7	1.0450E-6	1.0569E-6	2.5279E-6	2.7377E-6	4.1013E-6	4.3416E-6	5.6709E-6	5.4355E-6	5.2986E-6	4.5271E-6	4.4258E-6	4.4788E-6	4.2569E-6	4.4613E-6	4.0105E-6	2.9850E-6	3.2670E-6	2.7414E-6	2.5842E-6	1.5608E-6	1.7059E-6	1.6163E-6	1.8809E-6	1.2981E-6	2.0205E-6	1.2915E-6	9.8963E-7	1.9356E-6
1.6323E+1	-3.5146E-6	-4.7007E-6	-4.6875E-6	-6.0066E-6	-6.5823E-6	-7.3559E-6	-7.7676E-6	-7.3884E-6	-5.3620E-6	-3.6954E-6	-2.5309E-6	-9.9915E-7	-4.8244E-7	-9.2536E-7	1.1681E-7	2.6821E-7	1.1965E-6	6.3612E-7	1.2257E-6	6.6326E-7	1.2445E-6	9.5715E-7	9.3315E-7	2.5818E-7	3.5315E-7	4.8445E-7	1.9897E-7	-6.2250E-7	-5.0681E-7	7.9289E-7	1.9244E-6	2.3298E-6	3.4485E-6	4.0282E-6	4.8703E-6	4.6115E-6	5.0603E-6	4.7473E-6	4.6966E-6	4.9458E-6	3.8204E-6	4.6102E-6	4.1941E-6	3.0264E-6	2.7639E-6	2.7988E-6	1.9214E-6	2.2409E-6	1.8826E-6	1.8139E-6	2.3141E-6	1.3912E-6	1.3254E-6	1.1737E-6	1.1161E-6	1.5728E-6
1.6361E+1	-2.5437E-6	-4.3308E-6	-4.4828E-6	-5.4058E-6	-6.3179E-6	-7.2778E-6	-6.7534E-6	-6.6419E-6	-5.3981E-6	-5.2182E-6	-2.2275E-6	-1.7651E-6	-9.7568E-7	-5.5046E-7	-5.2049E-7	-6.4314E-7	7.3246E-7	8.1533E-7	1.7019E-6	1.5381E-6	1.8014E-7	6.9497E-7	1.2148E-6	5.9592E-7	-1.3220E-7	5.3692E-7	-4.8294E-7	1.8646E-7	-2.8488E-7	1.3829E-7	2.4158E-6	1.5086E-6	2.7626E-6	3.4087E-6	4.4462E-6	4.3570E-6	4.4151E-6	3.9197E-6	4.2531E-6	4.0692E-6	4.0241E-6	3.9654E-6	4.0628E-6	4.0068E-6	3.0264E-6	3.0803E-6	2.8181E-6	2.2516E-6	2.2694E-6	1.2048E-6	2.1769E-6	1.7034E-6	1.4474E-6	9.0005E-7	1.3182E-6	1.4029E-6
1.6399E+1	-2.6196E-6	-3.6700E-6	-5.1060E-6	-5.3890E-6	-6.4804E-6	-7.0734E-6	-7.8623E-6	-6.5377E-6	-5.2403E-6	-4.6953E-6	-3.3411E-6	-1.4820E-6	-1.5644E-6	-9.2800E-7	-6.3652E-7	1.9904E-7	-1.1595E-7	7.8402E-8	-8.8081E-8	1.3292E-6	2.2473E-8	4.5789E-7	7.6331E-7	3.8348E-7	-4.9812E-7	-1.7290E-7	-2.5917E-7	-5.8368E-7	-3.1075E-7	-7.6707E-8	1.8261E-6	2.2530E-6	2.7872E-6	3.0437E-6	3.6128E-6	3.4942E-6	4.6510E-6	3.7772E-6	4.4771E-6	4.1287E-6	3.6663E-6	3.6155E-6	3.0851E-6	2.8438E-6	3.0037E-6	1.9504E-6	2.2100E-6	2.4623E-6	2.8865E-6	1.5222E-6	2.0310E-6	1.6170E-6	1.1662E-6	1.4540E-6	1.1199E-6	1.5543E-6
1.6437E+1	-3.0375E-6	-2.0329E-6	-4.2166E-6	-4.5386E-6	-6.1440E-6	-6.9730E-6	-7.1953E-6	-6.8286E-6	-6.0129E-6	-3.8620E-6	-2.4059E-6	-2.1197E-6	-1.6079E-6	-1.4504E-6	-1.9532E-6	-1.6151E-7	2.8415E-7	6.7529E-7	1.8641E-7	2.0188E-7	9.0657E-8	-1.6731E-7	1.0821E-6	5.8008E-9	-5.6214E-7	-9.7428E-7	-1.0981E-6	-3.4378E-7	-2.7750E-7	-5.2685E-7	1.5474E-6	8.3359E-7	3.2589E-6	2.8407E-6	3.4953E-6	3.4101E-6	4.1443E-6	3.7743E-6	4.3493E-6	4.1615E-6	4.2076E-6	3.7839E-6	3.9326E-6	2.7071E-6	3.0505E-6	2.1994E-6	2.3872E-6	1.9011E-6	2.0198E-6	1.2945E-6	1.4771E-6	1.9957E-6	7.4183E-7	1.3170E-6	1.5917E-6	6.7651E-7
1.6474E+1	-3.1157E-6	-3.4408E-6	-3.6057E-6	-4.6106E-6	-5.0596E-6	-6.9291E-6	-6.9402E-6	-6.2650E-6	-6.4484E-6	-4.4420E-6	-2.1600E-6	-1.9789E-6	-1.4257E-6	-9.8033E-7	-1.2914E-6	-1.1912E-6	-5.5519E-7	-1.3443E-7	1.3280E-7	6.7050E-8	5.0891E-7	3.6992E-7	6.1048E-7	3.1933E-7	-1.8780E-7	-8.0861E-7	-7.2898E-7	-1.6427E-6	7.3992E-8	-6.8431E-7	8.5380E-7	9.1842E-7	2.1210E-6	2.6747E-6	1.9458E-6	2.5939E-6	3.5083E-6	3.9695E-6	4.0018E-6	4.2645E-6	3.7828E-6	3.7668E-6	4.3775E-6	2.7069E-6	3.0766E-6	2.0485E-6	2.2453E-6	2.6769E-6	2.7013E-6	1.8292E-6	1.4593E-6	1.6951E-6	1.2981E-6	9.3404E-7	1.7277E-6	1.3501E-6
1.6512E+1	-2.2275E-6	-3.0455E-6	-3.6895E-6	-4.6437E-6	-5.4594E-6	-6.5428E-6	-6.9971E-6	-6.2648E-6	-5.7889E-6	-4.5648E-6	-2.7406E-6	-2.5162E-6	-2.3978E-6	-1.8086E-6	-8.7087E-7	-6.8276E-7	-9.3714E-7	2.1360E-7	-5.6663E-7	9.3724E-8	9.6028E-8	1.6629E-7	3.9279E-7	-5.4828E-8	-2.1064E-7	-9.0008E-7	-3.0597E-7	-5.2472E-7	-4.0862E-7	4.0790E-7	4.9451E-7	6.5915E-7	2.4905E-6	3.0290E-6	2.0913E-6	2.6682E-6	2.0650E-6	3.3638E-6	3.6518E-6	3.4395E-6	3.4962E-6	2.9044E-6	4.3088E-6	2.9844E-6	3.1574E-6	2.7496E-6	2.6639E-6	1.5044E-6	1.8894E-6	2.2938E-6	1.5783E-6	2.0319E-6	1.5755E-6	1.3991E-6	8.5570E-7	1.5321E-6
1.6550E+1	-2.2705E-6	-3.1472E-6	-3.0267E-6	-3.4603E-6	-4.9165E-6	-5.9831E-6	-6.2464E-6	-6.6301E-6	-5.9336E-6	-4.2271E-6	-3.2407E-6	-2.0753E-6	-2.1191E-6	-2.4319E-6	-1.7699E-6	-1.1876E-6	-1.7615E-6	-3.2275E-7	-6.0345E-7	-9.6300E-8	9.4921E-7	2.8358E-7	-9.0157E-9	-2.4603E-8	-2.2500E-7	-1.2448E-6	-1.0237E-6	-1.1785E-6	-5.1342E-7	-5.6555E-8	7.5174E-7	7.7492E-7	1.3835E-6	2.9781E-6	1.6279E-6	2.5707E-6	2.9188E-6	2.5416E-6	3.3638E-6	3.4103E-6	3.1003E-6	2.8199E-6	3.4950E-6	2.7252E-6	2.5589E-6	2.0190E-6	3.0151E-6	2.6200E-6	1.4957E-6	2.2691E-6	1.4758E-6	1.3121E-6	1.7152E-6	2.0500E-6	1.3550E-6	9.8023E-7
1.6588E+1	-2.0612E-6	-2.5920E-6	-4.0207E-6	-3.3649E-6	-4.5638E-6	-5.8503E-6	-5.3428E-6	-5.6731E-6	-5.4696E-6	-4.2975E-6	-3.2832E-6	-2.4103E-6	-1.8351E-6	-1.6845E-6	-1.2748E-6	-1.3097E-6	-1.2715E-6	-9.0684E-7	-4.6036E-7	-6.5311E-7	2.2221E-7	2.3335E-7	6.9459E-8	-2.4100E-7	1.1344E-7	-5.8230E-7	-1.0010E-6	-6.7404E-7	-7.6161E-7	-5.7477E-8	2.3741E-7	8.0314E-7	1.2567E-6	2.3322E-6	2.3941E-6	2.0293E-6	2.2846E-6	2.6278E-6	2.7090E-6	2.7590E-6	3.1989E-6	2.9556E-6	2.8733E-6	3.2955E-6	2.9540E-6	1.6873E-6	1.8381E-6	1.7837E-6	1.4405E-6	1.7631E-6	1.8487E-6	1.1794E-6	1.1321E-6	1.1278E-6	2.0196E-6	7.1394E-7
1.6626E+1	-1.9222E-6	-1.8579E-6	-3.1273E-6	-3.2437E-6	-3.7402E-6	-5.8804E-6	-5.8158E-6	-5.6779E-6	-4.8730E-6	-4.1343E-6	-3.3328E-6	-2.4737E-6	-2.3017E-6	-2.1884E-6	-1.0284E-6	-1.5079E-6	-9.3013E-7	-7.9656E-7	-2.5844E-7	8.7625E-8	5.2077E-7	1.6341E-7	1.2191E-7	-2.8654E-7	-4.6536E-7	-3.7490E-7	-1.2199E-6	-1.5918E-6	-5.5358E-7	-1.9772E-7	4.8034E-7	9.8363E-7	5.1844E-7	1.1875E-6	1.4667E-6	2.5244E-6	2.6312E-6	1.9931E-6	2.7111E-6	2.5697E-6	2.3411E-6	3.8820E-6	2.6719E-6	2.2935E-6	3.4742E-6	2.0991E-6	2.3003E-6	1.5598E-6	1.6365E-6	1.1937E-6	1.5124E-6	1.0568E-6	1.7518E-6	7.8220E-7	1.4701E-6	9.0210E-7
1.6664E+1	-1.5552E-6	-2.2188E-6	-2.8419E-6	-3.7017E-6	-3.1535E-6	-4.6324E-6	-5.2679E-6	-5.7636E-6	-4.2984E-6	-3.7902E-6	-2.5393E-6	-2.3361E-6	-2.0883E-6	-2.3024E-6	-1.4996E-6	-1.3289E-6	-9.9722E-7	-1.1388E-6	-3.3819E-7	-7.3999E-7	2.6850E-7	2.8380E-7	5.1184E-7	1.3597E-7	-2.1302E-7	-4.5210E-7	-2.3864E-7	-9.3073E-7	-1.2915E-6	-4.9676E-7	-5.3810E-8	1.0040E-6	1.2545E-6	1.4800E-6	9.8755E-7	1.4672E-6	2.0648E-6	1.8614E-6	1.9900E-6	3.1253E-6	2.3195E-6	2.6316E-6	3.7659E-6	2.2950E-6	2.4748E-6	2.2425E-6	2.0517E-6	1.5648E-6	1.4911E-6	1.2995E-6	1.2873E-6	1.4102E-6	1.3892E-6	1.3491E-6	1.1566E-6	1.3794E-6
1.6702E+1	-1.5602E-6	-1.2961E-6	-2.0264E-6	-3.3208E-6	-3.7509E-6	-4.3939E-6	-4.7191E-6	-5.1516E-6	-4.4830E-6	-3.6251E-6	-2.5805E-6	-1.7835E-6	-2.0391E-6	-1.4892E-6	-1.3771E-6	-1.0187E-6	-5.7926E-7	-6.5785E-7	-5.1006E-7	-2.6056E-8	-5.5126E-7	-4.5277E-8	-1.5156E-7	-3.7663E-7	-3.5381E-7	-7.1488E-7	-1.0305E-6	-4.4693E-7	-5.5120E-7	-2.8454E-7	-4.3364E-7	4.9131E-7	1.4522E-7	1.4166E-6	1.1158E-6	1.8914E-6	2.2074E-6	1.4708E-6	9.8224E-7	2.1089E-6	2.8956E-6	2.3267E-6	2.7588E-6	2.7895E-6	2.1695E-6	1.9459E-6	2.2299E-6	1.6536E-6	1.4890E-6	1.0437E-6	6.1510E-7	1.3090E-6	1.5350E-6	1.1836E-6	1.0792E-6	9.3445E-7
1.6739E+1	-2.3218E-6	-2.1311E-6	-1.1564E-6	-2.8284E-6	-3.3025E-6	-4.0009E-6	-4.3775E-6	-4.4773E-6	-3.4727E-6	-3.4486E-6	-2.7490E-6	-1.9158E-6	-2.0846E-6	-1.7971E-6	-1.4343E-6	-5.6038E-7	-1.0628E-6	-9.7980E-8	-3.8571E-7	-7.9964E-8	3.3134E-7	-9.9630E-8	5.4120E-7	-6.7510E-7	-6.0173E-7	-9.6419E-7	-7.3988E-7	-7.8643E-7	-7.1885E-7	-3.1313E-7	2.9038E-7	3.0673E-7	9.9738E-7	6.9581E-7	6.4003E-7	1.0517E-6	2.0507E-6	2.1938E-6	1.6911E-6	1.8035E-6	2.3191E-6	2.0867E-6	2.6844E-6	2.1246E-6	2.0822E-6	1.8178E-6	1.5759E-6	2.0103E-6	1.2089E-6	1.5694E-6	7.2382E-7	1.0333E-6	1.0819E-6	5.3944E-7	9.6401E-7	1.1402E-6
1.6777E+1	-8.5383E-7	-2.4838E-6	-1.2021E-6	-2.3324E-6	-2.6388E-6	-3.7980E-6	-3.4492E-6	-4.2894E-6	-3.4314E-6	-2.6418E-6	-2.6533E-6	-2.0248E-6	-1.3909E-6	-1.3719E-6	-1.2905E-6	-7.4843E-7	-8.6133E-7	-6.2261E-7	-1.7682E-7	-7.9466E-8	1.7867E-7	-5.4631E-7	2.4072E-7	-4.5526E-7	-2.2634E-7	-1.1928E-6	-1.0111E-6	-9.9895E-7	-2.5248E-7	-8.4825E-7	-3.4331E-7	4.9341E-7	3.7252E-7	1.3789E-6	5.5347E-7	1.1141E-6	1.6117E-6	1.5058E-6	1.3959E-6	1.5817E-6	2.0145E-6	1.9646E-6	2.4347E-6	2.1657E-6	2.0684E-6	2.0460E-6	1.6518E-6	1.4920E-6	1.3951E-6	9.7575E-7	1.3063E-6	9.5895E-7	1.8584E-6	4.5635E-7	2.0437E-7	6.5194E-7
1.6815E+1	-1.5810E-6	-2.5081E-6	-1.5349E-6	-3.0022E-6	-2.5804E-6	-2.9764E-6	-3.0078E-6	-3.0741E-6	-2.9104E-6	-2.4728E-6	-2.5680E-6	-2.1248E-6	-1.9632E-6	-1.6676E-6	-9.9194E-7	-2.9430E-7	-1.1200E-6	-4.1027E-7	-7.1235E-7	2.3581E-7	7.6366E-7	2.9946E-8	-1.2782E-7	-4.1214E-7	-8.3137E-7	-4.7691E-7	-4.9259E-7	-8.9193E-7	-1.0462E-6	-1.6428E-7	-3.5895E-7	-1.0366E-8	5.7520E-7	4.3401E-7	3.1047E-7	5.3794E-7	1.1759E-6	1.7284E-6	1.8127E-6	1.6828E-6	1.1372E-6	1.1372E-6	2.1256E-6	1.4259E-6	2.5934E-6	2.2232E-6	1.7407E-6	1.7038E-6	9.3637E-7	9.3864E-7	7.6327E-7	8.6612E-7	7.4255E-7	1.3899E-6	5.0331E-7	4.3482E-7
1.6853E+1	5.8862E-8	-1.7004E-6	-1.2081E-6	-2.6002E-6	-3.0067E-6	-3.1074E-6	-2.7118E-6	-3.3965E-6	-2.8169E-6	-1.5573E-6	-2.1053E-6	-1.5870E-6	-9.2569E-7	-2.1294E-6	-1.6326E-6	-9.7721E-7	-5.6568E-7	-7.4922E-7	-7.6064E-7	-3.0065E-7	9.4398E-8	1.1999E-7	7.2496E-9	1.7965E-7	-5.8047E-7	-8.8654E-7	2.6442E-8	-4.9538E-7	-3.1467E-7	-1.2589E-6	-9.3670E-8	6.5647E-7	7.3343E-8	1.1435E-6	4.6333E-7	6.9317E-7	9.2147E-7	4.5963E-7	9.9363E-7	1.0519E-6	1.4600E-6	4.5849E-7	1.3358E-6	6.8344E-7	1.4709E-6	2.3813E-6	2.0344E-6	1.4984E-6	1.5672E-6	8.6902E-7	4.5867E-7	9.5095E-7	7.9848E-7	6.7200E-7	7.9843E-7	5.7209E-7
1.6891E+1	-1.0062E-6	-1.3516E-6	-9.6124E-7	-1.6149E-6	-2.3575E-6	-2.5709E-6	-2.2076E-6	-2.8170E-6	-3.1228E-6	-2.1803E-6	-1.6968E-6	-2.0258E-6	-5.2315E-7	-9.9940E-7	-1.2705E-6	-1.2796E-6	-1.1896E-6	-7.0764E-7	-1.2115E-6	-1.7070E-7	8.9877E-8	1.6553E-7	-7.8711E-7	6.4241E-8	-5.1063E-7	-6.6017E-7	5.0345E-8	-4.9638E-7	-4.2923E-7	2.1152E-7	-9.8170E-7	2.7332E-7	2.4494E-7	-2.0480E-7	8.0922E-7	6.2812E-7	1.4732E-6	9.5892E-7	1.5513E-6	1.0193E-6	1.0325E-6	8.6738E-7	1.1353E-6	1.0590E-6	1.6494E-6	9.8892E-7	1.6972E-6	1.5536E-6	6.3297E-7	1.4642E-6	3.0294E-7	3.1910E-7	5.6239E-7	1.2382E-6	6.7576E-7	6.4356E-7
1.6929E+1	-1.7329E-7	-1.0997E-6	-1.9127E-6	-1.5456E-6	-1.6936E-6	-2.0933E-6	-2.3458E-6	-2.5011E-6	-2.6580E-6	-2.2127E-6	-1.2469E-6	-1.7361E-6	-1.2967E-6	-1.0991E-6	-1.1864E-6	-1.0001E-6	-8.6233E-7	-6.5770E-7	-1.0263E-6	-5.7475E-7	-8.5419E-7	4.9818E-7	-1.4960E-7	-4.1783E-7	-3.1374E-7	-8.9979E-7	-1.5630E-7	-2.7758E-7	-7.8616E-7	-3.6212E-7	5.1063E-7	6.2602E-7	2.2909E-7	2.7155E-7	-1.7659E-8	1.0465E-8	1.0891E-6	-1.3076E-7	3.2046E-7	7.7831E-7	6.9438E-7	5.0086E-7	3.8772E-7	3.5472E-7	1.5009E-6	1.9924E-6	7.1263E-7	1.9234E-6	1.3553E-6	7.6446E-7	8.5334E-7	9.1795E-7	3.5389E-7	9.7332E-7	7.4375E-7	6.1491E-7
1.6967E+1	-1.0435E-6	2.4951E-7	-1.0597E-6	-1.3209E-6	-1.8473E-6	-1.1456E-6	-1.9587E-6	-2.2909E-6	-1.8529E-6	-2.6723E-6	-1.3811E-6	-9.9156E-7	-6.2383E-7	-6.5447E-7	-1.2223E-6	-1.1971E-6	-1.5794E-6	-6.3070E-7	-1.0500E-6	9.4345E-8	-3.5517E-7	-6.7655E-7	1.6740E-8	1.4527E-7	-3.5837E-7	-5.2213E-7	-9.3249E-7	-5.0975E-7	-7.3403E-7	-2.0488E-7	-6.4174E-7	7.0787E-7	5.2904E-7	3.2079E-7	9.1812E-7	-1.4912E-8	1.0346E-6	7.3313E-7	2.8815E-7	1.2070E-6	7.2904E-7	1.1971E-6	9.7772E-7	4.9701E-7	8.6136E-8	8.8433E-7	6.5922E-7	3.5406E-7	1.0288E-6	1.0159E-6	3.6520E-7	1.0220E-6	1.1307E-6	1.1786E-6	8.0051E-7	2.9915E-7
1.7005E+1	-1.1137E-6	-8.4095E-7	-6.7626E-7	-1.0680E-6	-1.3351E-6	-1.2000E-6	-1.6713E-6	-2.1852E-6	-1.5643E-6	-1.8750E-6	-1.5014E-6	-1.7343E-6	-1.1186E-6	-6.3168E-7	-6.0228E-7	-3.2693E-7	-1.5079E-6	-6.1366E-7	-1.0403E-6	-3.4238E-7	-1.5557E-7	-9.7971E-8	-5.0437E-7	2.9870E-7	4.0026E-8	-1.4127E-7	-3.6828E-7	-5.5603E-7	-1.2788E-6	-5.3527E-7	-5.8559E-8	1.1085E-7	-1.1210E-7	4.4250E-7	1.3530E-7	1.2471E-7	6.6524E-7	-3.4176E-7	-5.1680E-7	-1.0673E-7	6.5628E-7	7.5597E-7	1.2638E-6	1.4358E-6	1.1911E-6	7.5429E-7	6.3340E-7	1.0041E-6	8.1569E-7	5.5662E-7	4.2611E-7	5.8673E-7	1.1441E-6	1.0777E-6	1.0083E-6	6.6369E-7
1.7042E+1	-1.1221E-6	-8.1979E-7	-5.9057E-7	-7.7251E-7	-1.8614E-6	-1.1216E-6	-1.5956E-6	-1.5123E-6	-1.0387E-6	-2.4035E-6	-8.5310E-7	-8.3903E-7	-1.0839E-6	-1.1352E-6	-1.5206E-6	-1.3083E-7	-1.3794E-6	-6.9276E-7	-5.9647E-7	-3.2222E-7	4.9623E-8	-9.8506E-7	-1.1104E-7	2.3656E-7	2.4217E-7	-2.8945E-7	-2.4633E-7	2.8553E-7	-4.1479E-7	-6.3721E-7	-7.1479E-9	1.0662E-7	-1.4141E-7	2.1847E-7	7.4672E-7	-1.3689E-7	1.2487E-6	4.1348E-7	1.9512E-7	2.1674E-7	-7.8615E-8	5.6784E-7	8.9966E-7	4.0997E-7	1.1047E-6	8.1350E-7	3.5911E-7	3.0074E-7	1.0440E-6	7.0117E-7	7.8929E-7	3.4261E-7	1.0701E-6	5.1583E-7	7.9829E-7	9.5898E-7
1.7080E+1	-9.4845E-7	-5.0639E-7	-3.5689E-7	-4.9324E-7	-8.9577E-7	-1.1613E-6	-1.5612E-6	-1.6013E-6	-5.3501E-7	-1.4780E-6	-1.6077E-6	-1.0483E-6	-1.1252E-6	-1.0158E-6	-1.1664E-6	-1.0434E-6	-5.0141E-7	-1.2456E-6	-3.4046E-7	-2.0845E-7	5.3357E-8	-6.2820E-7	-1.3083E-6	5.8291E-8	-3.5235E-7	3.3158E-8	-5.4570E-7	3.4550E-8	-1.2045E-7	-7.9892E-7	1.4505E-7	8.2731E-7	-4.5277E-7	1.7244E-7	1.2126E-7	3.7068E-7	4.5457E-7	3.8707E-7	4.4049E-8	1.0604E-7	7.1621E-7	5.1885E-8	1.1687E-6	8.6840E-7	6.2732E-7	1.1919E-6	9.5167E-7	1.0518E-6	8.7860E-7	7.5919E-7	6.9901E-7	6.3708E-7	1.1530E-6	2.1509E-7	-2.2112E-7	8.5311E-7
1.7118E+1	-6.0698E-7	-8.7036E-7	3.7670E-7	-7.5466E-7	-9.8630E-7	-7.6471E-7	-1.0666E-6	-1.3348E-6	-5.5649E-7	-1.3396E-6	-4.8003E-7	-2.9286E-7	-4.7477E-7	-1.2690E-6	-6.9834E-7	-1.0441E-6	-6.3183E-7	-5.0824E-7	-1.1286E-6	1.8206E-8	-1.6400E-7	-1.7490E-7	-7.6635E-7	-2.5838E-7	-9.2926E-7	-7.7385E-7	-5.6754E-7	-9.6276E-7	-1.0252E-8	-4.0868E-7	-7.5710E-7	9.6898E-8	4.3060E-7	7.3234E-11	1.1449E-8	3.6020E-7	3.9367E-7	4.1770E-7	4.5518E-7	3.1361E-7	6.4232E-7	5.3280E-7	-6.7037E-8	1.4830E-7	4.6484E-7	4.1550E-7	8.0049E-7	8.9585E-7	9.3366E-7	6.2189E-7	1.5819E-6	4.1478E-7	1.2404E-6	1.0155E-6	1.4477E-7	4.3550E-7
1.7156E+1	-2.6915E-7	-8.5158E-7	-2.3360E-7	-4.0968E-7	-1.1490E-6	-5.9108E-7	-6.1637E-7	-1.3831E-6	-9.1796E-7	-1.0114E-6	-1.5810E-6	-6.4202E-7	-6.3911E-7	-3.7527E-7	-5.3885E-7	-5.2220E-7	-2.8763E-7	-2.6749E-7	-4.3196E-7	-2.2361E-7	-3.6017E-7	6.0329E-8	-2.0925E-7	1.7523E-7	-3.1251E-7	-5.0692E-7	-5.2272E-7	-5.0751E-7	-1.2314E-6	-4.6302E-7	-3.9962E-7	-3.9817E-7	-6.0144E-7	7.0330E-7	-4.1429E-7	6.9026E-7	-7.9705E-8	7.2346E-7	1.2766E-7	-2.3456E-7	9.2382E-7	7.6561E-7	1.1354E-6	3.6329E-8	1.0911E-8	7.1112E-7	3.5729E-8	7.8515E-7	8.3615E-7	1.3665E-7	3.2552E-7	1.2643E-6	4.1183E-7	7.6183E-7	6.6024E-7	1.1618E-6
1.7194E+1	-1.5487E-7	-2.0098E-7	-2.2541E-7	-7.1090E-7	-5.1594E-7	-1.3612E-6	-3.7968E-7	-6.2594E-7	-8.9737E-7	-8.7154E-7	-7.3241E-7	-6.3130E-7	-9.9296E-7	-3.8373E-7	-3.9884E-7	-5.7140E-7	-2.6884E-7	-1.9819E-7	-6.2817E-7	-4.4213E-7	-9.7684E-7	-3.5423E-7	-2.7202E-7	1.4352E-7	-4.6577E-7	2.3866E-7	-7.6468E-7	-4.2684E-7	-1.8623E-8	-5.5427E-8	-5.0521E-7	-2.5923E-7	-2.9183E-7	-3.6289E-7	3.8371E-8	1.4225E-7	-4.1622E-7	2.5590E-7	1.0798E-6	-1.4805E-7	3.3395E-7	6.6967E-7	1.9348E-7	9.6601E-7	-4.3205E-7	1.4196E-6	8.9243E-7	-8.4138E-8	-7.5552E-8	4.4211E-7	3.7702E-7	2.2960E-7	8.0226E-7	-2.6905E-8	4.7068E-7	7.4583E-7
1.7232E+1	-3.3896E-7	-1.3870E-7	-3.2896E-8	-1.0231E-6	-5.3715E-7	-2.4747E-7	-1.3387E-6	-8.2909E-7	-6.2808E-7	-5.9758E-7	-9.9873E-7	-3.9413E-7	-1.2442E-6	2.3083E-7	-1.7996E-7	-3.0352E-7	-4.2950E-7	-2.8659E-7	-1.1506E-7	-7.2194E-8	-7.3236E-7	-3.6111E-7	-4.7314E-7	-4.9291E-7	-5.4412E-7	-5.5191E-7	-3.5016E-7	-8.7526E-7	-8.9369E-7	-2.4206E-7	2.9316E-7	-6.3431E-7	4.1273E-7	-2.2766E-7	2.1742E-7	9.9478E-7	-6.6392E-8	1.4452E-7	3.5242E-7	8.9246E-8	3.0234E-8	1.2146E-6	2.2468E-7	1.0959E-6	-2.0326E-7	3.5819E-7	1.3886E-6	1.0668E-6	4.1692E-7	-3.6486E-7	2.2147E-7	4.6293E-7	2.8842E-7	3.3168E-7	-5.6218E-7	1.0301E-6
1.7270E+1	2.4355E-7	3.3226E-7	8.5300E-8	-3.1408E-7	-1.7639E-7	-4.1548E-7	-5.1071E-7	-1.3314E-6	-8.5598E-7	-8.0376E-7	-8.3295E-7	-3.4056E-7	-1.0463E-6	-2.1479E-7	1.9345E-7	9.7875E-8	-2.2838E-7	-7.2526E-7	-8.7799E-8	-8.1772E-7	-1.4879E-7	-4.2685E-7	5.6795E-7	-2.5309E-7	1.0589E-7	-3.0427E-7	-7.6426E-7	-1.0691E-6	5.2340E-7	-9.5753E-7	-7.1234E-7	-6.3274E-7	-3.0169E-8	-7.2528E-7	-8.7816E-7	8.6031E-8	-3.0712E-7	2.5408E-7	6.7208E-7	1.1429E-7	-2.1524E-7	8.2324E-7	7.5506E-8	1.2369E-7	7.3549E-7	3.5516E-7	1.0009E-6	2.9762E-7	6.8022E-7	4.7472E-7	5.4919E-7	8.4576E-7	5.7615E-7	9.2624E-7	4.6128E-7	-1.3496E-7
1.7307E+1	-7.2198E-7	-4.4822E-7	1.6015E-7	-7.0439E-7	-5.0307E-7	5.4712E-7	-2.5174E-7	-1.2189E-7	-5.2932E-7	1.0100E-7	-4.6193E-7	-8.0792E-7	-7.4851E-7	-6.4448E-7	-4.1390E-7	-3.1765E-7	4.8761E-8	-6.7924E-7	1.1024E-8	-2.8264E-7	-1.8736E-7	-6.3990E-7	-1.7216E-7	-3.1576E-7	2.3206E-7	-8.9076E-8	4.7640E-8	-1.1383E-6	-2.3137E-7	1.1261E-6	-6.5155E-7	-6.2730E-7	1.6830E-7	3.0200E-7	8.3304E-8	-4.3201E-8	1.3699E-7	-9.0543E-7	2.5456E-7	-3.4742E-7	-1.4644E-7	8.6087E-8	6.7129E-7	-3.7122E-7	-3.0913E-7	5.8551E-8	1.2888E-7	2.6513E-7	6.6376E-9	-3.6081E-7	-3.4952E-7	5.9679E-7	2.1037E-7	2.0366E-7	9.1576E-7	5.9787E-7
1.7345E+1	4.5627E-8	-9.1520E-7	-5.4713E-7	1.3526E-7	-6.9076E-7	-1.3911E-6	-7.8188E-8	-5.3843E-7	-6.4697E-7	-6.1971E-7	9.3710E-7	-2.6146E-9	1.8207E-7	-2.4713E-7	-3.6675E-7	-3.1934E-7	-5.4425E-7	-2.5047E-7	2.9372E-7	-8.3223E-7	6.3067E-7	-1.4505E-7	4.4073E-7	-2.4750E-7	1.7383E-7	1.3435E-7	-2.4803E-7	-1.0683E-7	-5.8073E-7	-1.5058E-7	2.2127E-7	1.6408E-9	-4.2557E-7	-8.0358E-7	2.9075E-7	-7.2985E-7	1.0146E-6	1.0168E-7	4.2677E-7	2.5695E-7	8.0045E-7	6.2353E-7	1.8230E-7	1.5323E-7	1.7014E-7	2.4599E-7	7.4403E-7	-1.8985E-8	1.0520E-7	2.2584E-7	-1.5219E-7	1.9496E-7	9.7316E-8	-2.2760E-8	2.1696E-7	6.4173E-7
1.7383E+1	3.8667E-7	-3.5989E-7	-5.3618E-7	-5.7260E-7	1.3846E-7	-4.3968E-7	-1.2330E-6	5.0254E-7	-3.6853E-7	-5.0185E-7	-4.4940E-7	-1.3592E-7	-1.9548E-7	5.3796E-8	-4.7090E-7	-2.3917E-7	-7.0079E-7	-8.3381E-7	-2.7366E-7	3.0523E-7	-2.9732E-7	-6.8437E-8	-2.2017E-7	8.3079E-8	-4.6759E-7	3.2617E-7	-3.1115E-7	3.6578E-7	3.8462E-7	-2.7460E-7	-7.7913E-7	8.0476E-8	6.7626E-7	-2.6433E-7	4.6615E-7	-8.4346E-7	-4.2502E-7	-4.1007E-7	-2.7601E-7	-7.3256E-7	2.1152E-8	4.8735E-7	8.1682E-7	1.3030E-7	-3.3080E-8	5.8706E-9	3.1243E-7	8.7016E-7	4.5100E-7	6.4822E-7	5.4050E-7	2.8575E-7	-1.1933E-7	1.4680E-7	3.6096E-8	1.0811E-7
1.7421E+1	1.2157E-7	3.4718E-7	1.3898E-8	1.1866E-7	-1.0713E-7	3.7773E-8	-6.2658E-7	-7.9074E-7	-7.0497E-8	4.2047E-8	3.9182E-7	1.5882E-7	4.2055E-8	-2.6654E-7	-1.9828E-7	4.6938E-7	-2.0231E-7	2.4977E-7	-4.2493E-7	-9.2984E-7	8.5256E-7	-2.4606E-7	4.6790E-7	7.6109E-8	-2.4454E-7	-4.2669E-7	2.2268E-7	-4.6184E-7	8.5778E-7	-4.7326E-9	1.2893E-7	-3.5280E-7	-5.1048E-7	-9.5799E-8	1.6270E-7	2.5579E-7	-3.5883E-8	-4.2693E-8	1.9268E-7	-3.1128E-7	-1.0839E-7	-2.6300E-7	-4.5387E-7	-1.5022E-7	-2.0751E-7	-8.9130E-7	-2.1368E-8	-3.4856E-7	-4.6396E-7	5.2590E-7	1.1799E-6	1.2475E-6	-4.1387E-7	4.2082E-7	1.8433E-7	2.2830E-7
