0.0000E+0	1.4422E+1	1.4478E+1	1.4533E+1	1.4589E+1	1.4644E+1	1.4700E+1	1.4755E+1	1.4811E+1	1.4866E+1	1.4922E+1	1.4977E+1	1.5033E+1	1.5088E+1	1.5143E+1	1.5199E+1	1.5254E+1	1.5310E+1	1.5365E+1	1.5421E+1	1.5476E+1	1.5532E+1	1.5587E+1	1.5643E+1	1.5698E+1	1.5754E+1	1.5809E+1	1.5865E+1	1.5920E+1	1.5976E+1	1.6031E+1	1.6087E+1	1.6142E+1	1.6197E+1	1.6253E+1	1.6308E+1	1.6364E+1	1.6419E+1	1.6475E+1	1.6530E+1	1.6586E+1	1.6641E+1	1.6697E+1	1.6752E+1	1.6808E+1	1.6863E+1	1.6919E+1	1.6974E+1	1.7030E+1	1.7085E+1	1.7140E+1	1.7196E+1	1.7251E+1	1.7307E+1	1.7362E+1	1.7418E+1	1.7473E+1
1.4430E+1	9.7258E-9	7.7089E-8	5.6643E-8	1.0417E-7	9.5449E-8	1.0618E-7	8.0170E-8	6.3733E-8	2.8220E-9	2.3395E-8	1.1256E-8	4.5757E-9	-6.0128E-9	3.2538E-9	-3.7420E-8	-4.3690E-8	-1.4853E-8	-2.1372E-8	-3.1012E-8	-1.5162E-8	-9.6414E-9	8.0343E-9	-1.4163E-8	-1.4417E-8	3.2243E-8	-1.8820E-8	-2.8674E-8	-2.7658E-8	-1.9100E-8	-7.0136E-9	-2.9808E-8	-1.9526E-8	-6.6241E-9	-2.0092E-8	-4.0818E-9	-1.7514E-8	-3.8349E-8	-6.5523E-8	-1.0476E-8	1.0067E-8	-5.2813E-8	5.9363E-9	-2.0280E-8	-3.4437E-8	-7.1741E-9	-4.2844E-8	2.6213E-8	1.1082E-8	-1.8059E-8	-1.4315E-8	-6.0734E-10	-2.1228E-8	2.4396E-8	5.5658E-9	1.9225E-8	-2.8748E-8
1.4468E+1	6.8195E-8	9.6471E-8	1.5149E-7	1.5018E-7	2.0124E-7	1.2669E-7	1.1104E-7	8.6490E-8	5.5124E-8	-9.2713E-10	-4.1101E-10	3.0627E-8	1.7531E-8	-4.4815E-8	-1.1895E-8	-1.4999E-8	-3.5825E-8	-3.5288E-8	-7.8536E-8	-7.3743E-8	-4.8938E-8	-3.2945E-8	-2.7340E-8	-1.6194E-8	2.4766E-9	-2.4341E-8	1.4121E-8	-5.5276E-8	1.1706E-8	-3.0942E-8	-2.8537E-8	-4.5721E-8	-4.8958E-8	-6.1116E-8	-2.8678E-8	-3.2808E-8	-2.1120E-8	-6.5455E-8	-7.1696E-8	-3.5068E-8	-4.4778E-8	-2.4756E-8	-2.7592E-8	-3.4147E-8	-3.9755E-8	-5.5598E-8	-4.1410E-8	-3.6195E-8	-3.2358E-8	-2.7088E-8	-3.1030E-8	-3.8817E-8	-2.2043E-9	3.6101E-8	-3.1516E-8	-1.8574E-8
1.4505E+1	1.5257E-7	1.9136E-7	2.6202E-7	2.3664E-7	2.6625E-7	2.8587E-7	1.8679E-7	9.2004E-8	7.2263E-8	1.0598E-7	-2.7414E-8	-1.0715E-9	5.8790E-8	5.6532E-9	-2.4089E-8	-1.9486E-8	-5.1956E-9	2.6837E-8	-5.8779E-8	-9.3179E-8	-5.8342E-8	-5.7868E-8	-4.1377E-8	-2.2103E-8	-5.1904E-8	-6.1075E-8	2.1278E-8	-1.5515E-8	-5.2953E-9	-2.9129E-8	-3.7250E-8	-1.1532E-8	-7.0821E-8	-7.0874E-8	-5.2766E-8	-8.7981E-8	-9.0765E-8	-4.8434E-8	-4.8069E-8	-6.7443E-8	-9.5883E-8	1.2737E-9	-6.0465E-8	-4.0969E-8	-7.2459E-8	-8.2086E-8	-3.9520E-8	-7.1940E-8	-5.4425E-8	-2.6090E-8	-3.3766E-8	-6.5363E-8	1.5025E-8	3.1013E-8	-4.2690E-8	-6.2277E-8
1.4543E+1	1.9835E-7	3.5322E-7	4.6928E-7	5.1923E-7	5.0067E-7	4.4684E-7	3.5549E-7	1.6377E-7	1.2272E-7	1.3314E-7	3.6618E-8	-4.6927E-8	-4.3888E-9	2.0397E-8	5.8983E-8	-2.5147E-8	-4.6075E-8	2.1960E-8	-3.4604E-8	-9.1351E-8	-1.0971E-7	-6.8338E-8	-7.5564E-8	-1.9212E-8	-5.6532E-8	-2.7453E-8	3.4143E-8	2.3913E-9	1.0656E-8	-5.5943E-8	-3.0624E-8	-6.9683E-8	-7.7308E-8	-9.6146E-8	-4.1289E-8	-8.5677E-8	-9.8891E-8	-1.3811E-7	-8.3139E-8	-6.7434E-8	-8.3858E-8	-9.3002E-8	-7.2404E-8	-7.7269E-8	-5.8705E-8	-1.2076E-7	-8.9934E-8	-7.0502E-8	-5.4301E-8	-7.7523E-8	-5.9176E-8	-8.8496E-8	-3.8133E-8	3.3519E-9	-7.0531E-8	-4.6191E-8
1.4581E+1	3.0634E-7	3.5743E-7	6.5890E-7	8.4483E-7	9.9516E-7	8.4071E-7	6.9533E-7	3.9542E-7	3.0536E-7	2.7561E-7	1.4049E-7	7.0781E-8	5.1013E-8	4.5077E-8	1.0909E-7	7.2531E-8	7.3984E-8	1.1289E-7	-1.0507E-9	-5.7369E-8	-1.4150E-7	-1.5029E-7	-8.2252E-8	-5.7960E-8	-4.4000E-8	-2.5457E-8	1.8103E-7	3.4358E-8	5.1349E-8	-4.6948E-9	6.2864E-8	-4.8015E-8	-5.4229E-8	-1.2399E-7	-7.1741E-8	-1.2890E-7	-1.2437E-7	-1.4180E-7	-1.1285E-7	-1.4068E-7	-7.2303E-8	-9.7828E-8	-1.4850E-7	-1.2122E-7	-1.4770E-7	-8.5742E-8	-1.2766E-7	-9.8505E-8	-6.2633E-8	-6.1992E-8	-7.6385E-8	-2.5248E-8	-8.9326E-8	-4.4649E-8	-9.1561E-8	-8.9249E-8
1.4619E+1	4.0610E-7	4.1890E-7	6.8623E-7	1.3719E-6	1.6357E-6	1.3570E-6	9.8680E-7	6.5310E-7	3.8895E-7	3.0873E-7	2.4051E-7	1.4078E-7	1.0665E-7	1.4895E-7	2.2449E-7	1.0498E-7	1.6126E-7	2.6726E-7	1.5529E-7	-4.7816E-8	-1.1771E-7	-2.0441E-7	-1.6994E-7	-7.4508E-8	3.6652E-8	-3.2909E-8	2.3665E-7	2.1741E-7	1.2147E-7	8.3230E-8	1.0811E-7	1.3117E-9	4.0704E-9	-5.6385E-8	-5.8405E-8	-1.1607E-7	-1.8002E-7	-1.7804E-7	-1.6113E-7	-1.5564E-7	-1.6264E-7	-1.6107E-7	-1.8108E-7	-1.5292E-7	-1.8891E-7	-1.6000E-7	-1.4736E-7	-1.7693E-7	-1.8699E-7	-1.4954E-7	-1.4472E-7	-5.1946E-8	-8.0381E-8	-1.2717E-7	-8.3214E-8	-1.2991E-7
1.4657E+1	3.6808E-7	4.7223E-7	5.2975E-7	1.5041E-6	2.8333E-6	2.5474E-6	1.8501E-6	1.0732E-6	7.7982E-7	4.5441E-7	4.4104E-7	3.6283E-7	2.3002E-7	2.3011E-7	4.1965E-7	3.2746E-7	3.2174E-7	4.2580E-7	5.3740E-7	1.8186E-7	-2.4855E-8	-1.7110E-7	-2.1257E-7	-1.7989E-7	-1.5210E-9	1.0254E-7	2.1785E-7	3.7453E-7	3.7862E-7	3.3593E-7	3.1760E-7	1.3487E-7	1.0809E-7	3.5001E-8	2.7908E-8	-7.9831E-8	-8.4437E-8	-8.5712E-8	-1.1576E-7	-1.7228E-7	-1.4554E-7	-1.9543E-7	-1.6459E-7	-1.9092E-7	-1.8516E-7	-1.4778E-7	-1.2593E-7	-1.5943E-7	-1.9395E-7	-1.9992E-7	-2.0506E-7	-1.1978E-7	-9.5043E-8	-1.1917E-7	-1.3136E-7	-1.3327E-7
1.4695E+1	1.3133E-6	1.1725E-6	2.5436E-6	5.1400E-6	2.7317E-5	3.8614E-5	3.0235E-5	1.9142E-5	1.0618E-5	7.8036E-6	5.5793E-6	6.5553E-6	4.8628E-6	3.8346E-6	4.9775E-6	5.7433E-6	5.2118E-6	5.0511E-6	8.4998E-6	7.6907E-6	3.0202E-6	1.9042E-6	-8.2817E-7	-8.8959E-8	-1.2923E-6	1.8366E-6	2.8911E-6	4.5774E-6	6.2417E-6	5.7763E-6	5.8728E-6	4.2639E-6	2.8364E-6	2.5987E-6	2.1676E-6	7.9574E-7	1.9306E-8	6.6949E-7	2.4771E-7	6.8454E-8	-1.3195E-6	-1.1737E-6	-7.9623E-7	-7.6223E-7	-1.0433E-6	-1.4743E-6	-1.0270E-6	-1.1887E-6	-1.1494E-6	-9.1497E-7	-2.0009E-6	-1.3448E-6	-8.1914E-7	-8.9049E-7	-6.2398E-7	-1.3188E-6
1.4733E+1	-1.1218E-6	-1.3546E-6	-1.5150E-6	-1.0548E-6	1.0385E-5	4.2575E-5	4.5476E-5	3.1825E-5	1.9082E-5	1.0143E-5	7.5596E-6	6.2850E-6	7.8114E-6	4.8657E-6	4.1723E-6	6.2852E-6	6.9258E-6	5.4894E-6	7.5024E-6	1.1015E-5	6.3371E-6	3.9522E-6	1.9089E-6	7.8098E-7	-8.8876E-8	1.0428E-6	3.9499E-6	4.6889E-6	8.1480E-6	8.6123E-6	8.7371E-6	7.6917E-6	5.3877E-6	4.2911E-6	4.2263E-6	3.5959E-6	2.0786E-6	1.7626E-6	1.7413E-6	1.2040E-6	9.2018E-7	-6.5049E-8	3.6132E-7	-6.2520E-7	-1.0044E-7	-5.0274E-7	-5.5314E-7	-4.9857E-7	-2.5310E-7	1.4267E-7	-3.5226E-7	-1.4188E-6	-6.8559E-7	-3.2624E-7	-5.3882E-7	-1.6006E-7
1.4770E+1	-3.9101E-6	-4.3746E-6	-6.0393E-6	-6.4983E-6	-4.5304E-6	2.3374E-5	6.1544E-5	4.8780E-5	3.2332E-5	1.5955E-5	1.0297E-5	7.6066E-6	9.6988E-6	8.8362E-6	4.6381E-6	5.2244E-6	7.7033E-6	7.8021E-6	8.0669E-6	1.1404E-5	1.1754E-5	6.9046E-6	4.2470E-6	1.6077E-6	1.0994E-7	7.0627E-7	3.4910E-6	5.3166E-6	6.8483E-6	9.8654E-6	1.1090E-5	1.0658E-5	9.5006E-6	7.5250E-6	6.2229E-6	6.1744E-6	4.6874E-6	3.2939E-6	3.5098E-6	2.6834E-6	1.8874E-6	2.3983E-6	2.1136E-6	1.4553E-6	3.4452E-7	4.1821E-7	1.8309E-8	5.1312E-7	4.1571E-7	1.0227E-6	1.1187E-6	5.1078E-7	-1.1289E-6	-2.3271E-7	4.6674E-7	-1.5259E-7
1.4808E+1	-5.9034E-6	-8.9306E-6	-9.5900E-6	-1.3757E-5	-1.2248E-5	-3.7765E-6	5.0195E-5	7.7708E-5	5.0236E-5	3.0312E-5	1.2475E-5	9.7237E-6	9.2400E-6	1.1886E-5	7.7890E-6	5.1131E-6	6.1093E-6	8.7258E-6	8.2357E-6	1.0184E-5	1.2701E-5	1.2890E-5	7.1961E-6	5.1865E-6	1.0247E-6	1.1656E-6	2.3633E-6	6.0951E-6	6.6296E-6	9.7456E-6	1.2824E-5	1.2148E-5	1.2008E-5	1.1148E-5	9.1283E-6	8.8751E-6	7.4315E-6	6.2565E-6	4.6760E-6	4.7994E-6	3.6306E-6	3.1049E-6	3.0756E-6	2.9248E-6	1.7439E-6	2.6459E-6	9.7913E-7	2.2676E-6	7.3017E-7	2.0019E-6	1.7916E-6	1.9798E-6	9.9199E-7	-7.7142E-7	6.0167E-7	8.9980E-7
1.4846E+1	-9.9153E-6	-1.1622E-5	-1.6092E-5	-1.9363E-5	-2.3839E-5	-2.0078E-5	5.1516E-6	7.5953E-5	7.8068E-5	4.7887E-5	2.6294E-5	1.1976E-5	1.1950E-5	1.1392E-5	1.3191E-5	6.7301E-6	6.7187E-6	8.6507E-6	9.7345E-6	9.2925E-6	1.0916E-5	1.4555E-5	1.1417E-5	7.4633E-6	4.8619E-6	1.3210E-6	2.4191E-6	4.2832E-6	6.8170E-6	8.4019E-6	1.3450E-5	1.4180E-5	1.3405E-5	1.3602E-5	1.2401E-5	1.1042E-5	1.0271E-5	9.6966E-6	7.4825E-6	6.3783E-6	6.5536E-6	5.6417E-6	4.4264E-6	4.8247E-6	2.9373E-6	3.7443E-6	2.5313E-6	3.7847E-6	2.2763E-6	3.0972E-6	3.7438E-6	2.5479E-6	2.8428E-6	9.3511E-7	4.6799E-7	1.3998E-6
1.4884E+1	-1.1287E-5	-1.3844E-5	-1.7804E-5	-2.2789E-5	-2.8687E-5	-2.9080E-5	-2.2059E-5	2.6613E-5	9.2630E-5	6.9284E-5	4.0917E-5	1.8052E-5	1.3928E-5	1.0829E-5	1.3795E-5	9.4777E-6	6.5227E-6	6.8699E-6	9.2663E-6	9.5528E-6	9.1729E-6	1.1776E-5	1.4020E-5	9.5736E-6	7.2551E-6	3.2962E-6	2.1733E-6	3.0274E-6	5.3643E-6	7.9733E-6	1.0559E-5	1.4471E-5	1.3835E-5	1.3501E-5	1.4297E-5	1.2791E-5	1.2217E-5	1.1357E-5	9.9234E-6	7.6989E-6	7.5930E-6	6.7494E-6	6.9665E-6	5.7100E-6	5.5661E-6	4.5131E-6	3.4816E-6	3.6488E-6	3.4484E-6	2.9374E-6	4.9919E-6	3.9257E-6	4.4849E-6	2.3954E-6	1.2469E-6	1.0529E-6
1.4922E+1	-1.3962E-5	-1.7825E-5	-2.0120E-5	-2.8002E-5	-3.1758E-5	-3.8721E-5	-3.2571E-5	-1.6955E-5	5.7877E-5	1.0126E-4	6.0072E-5	3.4828E-5	1.7072E-5	1.6149E-5	1.3703E-5	1.4227E-5	9.0524E-6	7.9078E-6	7.7403E-6	1.0333E-5	9.3472E-6	1.0130E-5	1.2404E-5	1.2714E-5	8.3936E-6	6.2484E-6	2.8417E-6	2.9534E-6	3.6663E-6	7.8593E-6	9.7649E-6	1.3636E-5	1.4692E-5	1.4871E-5	1.4533E-5	1.4918E-5	1.3901E-5	1.2982E-5	1.1674E-5	1.0350E-5	9.0339E-6	7.9211E-6	8.2465E-6	8.2513E-6	6.6454E-6	6.4556E-6	5.3935E-6	4.8563E-6	4.3693E-6	3.9780E-6	4.3295E-6	4.9506E-6	4.6903E-6	4.3764E-6	2.0555E-6	1.8215E-6
1.4960E+1	-1.6866E-5	-1.8836E-5	-2.2875E-5	-2.8821E-5	-3.7136E-5	-4.1925E-5	-4.4815E-5	-3.3425E-5	-1.4008E-6	8.4676E-5	8.7835E-5	4.7547E-5	2.8605E-5	1.6321E-5	1.7335E-5	1.3523E-5	1.3070E-5	8.0534E-6	8.9274E-6	8.5169E-6	1.0213E-5	8.7616E-6	1.0911E-5	1.1844E-5	1.0440E-5	6.8773E-6	5.2312E-6	2.7791E-6	3.5415E-6	5.8146E-6	8.9080E-6	1.2554E-5	1.3471E-5	1.5207E-5	1.5292E-5	1.5535E-5	1.5102E-5	1.2993E-5	1.2530E-5	1.1168E-5	1.0050E-5	8.5802E-6	9.1517E-6	8.6244E-6	8.5545E-6	6.8795E-6	6.7883E-6	6.3351E-6	6.0578E-6	4.7771E-6	5.5737E-6	5.5170E-6	6.0941E-6	4.9076E-6	4.2339E-6	2.4548E-6
1.4998E+1	-1.7073E-5	-1.9957E-5	-2.3076E-5	-2.8144E-5	-3.6266E-5	-4.2697E-5	-4.6476E-5	-4.0876E-5	-2.4350E-5	2.7693E-5	9.2874E-5	6.6338E-5	3.8369E-5	2.2396E-5	1.8075E-5	1.5855E-5	1.3374E-5	1.0605E-5	8.9258E-6	8.7758E-6	9.0190E-6	8.6536E-6	8.7897E-6	9.3436E-6	1.0120E-5	7.2756E-6	5.5866E-6	4.1494E-6	3.5512E-6	5.5820E-6	7.7404E-6	1.2307E-5	1.3763E-5	1.3938E-5	1.5203E-5	1.5270E-5	1.5908E-5	1.3323E-5	1.2501E-5	1.1655E-5	1.0579E-5	8.3515E-6	9.0562E-6	8.5886E-6	7.8113E-6	7.5012E-6	6.9625E-6	6.1746E-6	6.6563E-6	4.8249E-6	5.4641E-6	5.2763E-6	5.8270E-6	5.7801E-6	5.5540E-6	4.0726E-6
1.5036E+1	-1.7816E-5	-2.0375E-5	-2.3203E-5	-2.8965E-5	-3.4231E-5	-4.1770E-5	-4.4495E-5	-4.5350E-5	-3.1705E-5	-8.7424E-6	4.9945E-5	8.1660E-5	4.6674E-5	3.0877E-5	1.8123E-5	1.7293E-5	1.2546E-5	1.2201E-5	9.7313E-6	9.8068E-6	7.8309E-6	8.4464E-6	8.5118E-6	7.6948E-6	7.5242E-6	7.6707E-6	4.7546E-6	4.8106E-6	3.5491E-6	4.8835E-6	6.8518E-6	1.0354E-5	1.3243E-5	1.3958E-5	1.4368E-5	1.4972E-5	1.4938E-5	1.5262E-5	1.2548E-5	1.2020E-5	1.0907E-5	9.9821E-6	8.4823E-6	8.8553E-6	7.9817E-6	7.7160E-6	7.3205E-6	7.1323E-6	5.9238E-6	5.6919E-6	5.5304E-6	6.0260E-6	5.2235E-6	5.8262E-6	5.8898E-6	5.0087E-6
1.5073E+1	-1.7572E-5	-1.9537E-5	-2.2948E-5	-2.7563E-5	-3.3962E-5	-3.8158E-5	-4.2284E-5	-4.1256E-5	-3.5696E-5	-1.6993E-5	9.9903E-6	6.0033E-5	6.0751E-5	3.5395E-5	2.4462E-5	1.5901E-5	1.4054E-5	1.0778E-5	1.0439E-5	9.3992E-6	7.6273E-6	6.1813E-6	7.5791E-6	6.8502E-6	6.2395E-6	5.3567E-6	4.7111E-6	4.1406E-6	4.6529E-6	3.8131E-6	6.7436E-6	9.2568E-6	1.1212E-5	1.2579E-5	1.2976E-5	1.3744E-5	1.3572E-5	1.4297E-5	1.3528E-5	1.1902E-5	1.0591E-5	9.5271E-6	9.3325E-6	7.6331E-6	7.4285E-6	7.6137E-6	7.1442E-6	6.9292E-6	6.4113E-6	5.1475E-6	5.4939E-6	5.3879E-6	5.5227E-6	5.9043E-6	6.4341E-6	4.7102E-6
1.5111E+1	-1.6176E-5	-1.8394E-5	-2.1713E-5	-2.6796E-5	-3.1879E-5	-3.7138E-5	-3.9159E-5	-3.9020E-5	-3.3688E-5	-2.2147E-5	-2.5161E-6	2.4194E-5	5.6187E-5	4.3665E-5	2.7934E-5	1.8932E-5	1.3829E-5	1.2707E-5	1.0712E-5	9.8367E-6	7.5185E-6	6.1607E-6	5.9917E-6	5.4384E-6	5.5829E-6	4.5381E-6	2.7933E-6	3.4894E-6	4.0032E-6	4.2680E-6	5.5105E-6	8.6445E-6	1.0184E-5	1.1672E-5	1.2598E-5	1.2745E-5	1.3436E-5	1.2984E-5	1.3042E-5	1.1862E-5	1.1268E-5	9.2524E-6	9.2900E-6	7.6814E-6	7.7027E-6	6.5948E-6	6.9799E-6	5.9477E-6	6.2550E-6	5.6497E-6	5.5512E-6	4.9173E-6	4.6868E-6	5.0643E-6	5.7332E-6	4.9920E-6
1.5149E+1	-1.5771E-5	-1.7679E-5	-1.9784E-5	-2.5039E-5	-2.9802E-5	-3.5690E-5	-3.6303E-5	-3.5568E-5	-3.0660E-5	-2.2484E-5	-7.5219E-6	6.1651E-6	3.1175E-5	4.7362E-5	3.1560E-5	2.2404E-5	1.4023E-5	1.2283E-5	1.0864E-5	9.6098E-6	7.0059E-6	6.9570E-6	5.0925E-6	5.0865E-6	3.7983E-6	3.9536E-6	2.0434E-6	2.9481E-6	2.6730E-6	3.6020E-6	5.5643E-6	7.4520E-6	9.1065E-6	9.9178E-6	1.1249E-5	1.2238E-5	1.2617E-5	1.1996E-5	1.2123E-5	1.1185E-5	1.0070E-5	9.6339E-6	9.0166E-6	7.0563E-6	7.2687E-6	7.2875E-6	6.2493E-6	5.9363E-6	5.7688E-6	5.4466E-6	5.2163E-6	4.8450E-6	4.5991E-6	5.1187E-6	4.1610E-6	4.6528E-6
1.5187E+1	-1.4730E-5	-1.6227E-5	-1.9479E-5	-2.1942E-5	-2.7558E-5	-3.3053E-5	-3.5107E-5	-3.2124E-5	-2.8486E-5	-1.9911E-5	-9.7923E-6	1.2861E-6	1.2815E-5	3.4348E-5	3.7538E-5	2.4670E-5	1.7940E-5	1.2065E-5	1.0988E-5	8.7280E-6	6.9146E-6	6.8259E-6	5.4132E-6	4.4258E-6	3.7112E-6	2.1939E-6	1.1486E-6	2.4562E-6	2.5824E-6	2.8794E-6	4.9611E-6	6.6195E-6	8.9584E-6	9.8323E-6	1.0618E-5	1.1228E-5	1.2079E-5	1.1095E-5	1.0872E-5	1.0694E-5	9.3912E-6	8.7343E-6	8.5259E-6	7.4148E-6	6.5986E-6	5.7701E-6	6.2321E-6	5.4787E-6	6.0086E-6	5.1059E-6	5.3474E-6	4.0418E-6	4.0060E-6	4.4609E-6	4.0884E-6	3.9994E-6
1.5225E+1	-1.3668E-5	-1.4772E-5	-1.8050E-5	-2.1115E-5	-2.4894E-5	-2.9893E-5	-3.2382E-5	-3.0509E-5	-2.5708E-5	-1.8165E-5	-9.5809E-6	-2.1536E-6	7.1165E-6	1.7944E-5	3.4434E-5	2.9926E-5	2.0196E-5	1.4540E-5	1.0779E-5	9.0717E-6	7.1162E-6	6.8889E-6	5.0001E-6	4.8644E-6	3.0702E-6	1.8473E-6	7.3648E-7	1.2972E-6	1.9622E-6	3.1094E-6	5.5149E-6	6.2662E-6	7.5838E-6	8.7621E-6	1.0445E-5	1.0918E-5	1.0367E-5	1.0888E-5	1.0467E-5	9.4150E-6	9.2625E-6	8.9500E-6	7.2082E-6	6.7346E-6	7.2841E-6	5.4967E-6	5.1880E-6	5.6183E-6	5.8775E-6	4.7938E-6	5.2219E-6	4.7312E-6	4.1203E-6	3.8995E-6	3.8007E-6	4.0237E-6
1.5263E+1	-1.3233E-5	-1.3971E-5	-1.6082E-5	-1.9650E-5	-2.3776E-5	-2.6596E-5	-2.9514E-5	-2.9377E-5	-2.4334E-5	-1.6719E-5	-8.8449E-6	-3.6859E-6	3.0580E-6	9.4221E-6	2.1417E-5	3.1097E-5	2.3750E-5	1.7148E-5	1.2060E-5	9.6860E-6	7.9259E-6	7.0553E-6	5.1607E-6	4.0819E-6	2.8960E-6	1.0016E-6	8.7891E-7	1.1842E-6	6.9817E-7	2.3735E-6	4.4551E-6	7.0800E-6	7.7533E-6	8.1845E-6	9.5656E-6	1.0396E-5	9.8976E-6	9.5169E-6	1.0306E-5	8.8234E-6	8.4516E-6	9.0982E-6	7.9796E-6	6.2433E-6	6.1926E-6	5.6431E-6	4.9206E-6	5.0790E-6	5.0424E-6	5.1730E-6	4.4974E-6	4.7094E-6	4.2704E-6	4.0576E-6	4.0951E-6	3.7694E-6
1.5301E+1	-1.2474E-5	-1.3515E-5	-1.4721E-5	-1.7888E-5	-2.2426E-5	-2.4610E-5	-2.6056E-5	-2.6585E-5	-2.3306E-5	-1.5567E-5	-8.5152E-6	-2.6789E-6	8.3852E-7	6.0685E-6	1.2422E-5	2.3542E-5	2.6134E-5	1.9031E-5	1.3921E-5	1.0715E-5	9.4824E-6	6.9667E-6	6.0198E-6	4.5083E-6	2.0307E-6	1.2421E-6	5.6878E-7	1.1968E-6	1.0520E-6	1.9682E-6	3.5721E-6	5.1329E-6	7.0769E-6	6.8877E-6	8.8413E-6	8.8109E-6	9.3062E-6	9.5852E-6	9.3108E-6	8.5527E-6	8.0926E-6	7.1968E-6	7.4788E-6	7.4814E-6	6.0234E-6	5.7475E-6	5.2586E-6	5.0658E-6	4.1083E-6	4.5440E-6	4.4406E-6	4.2738E-6	4.0795E-6	3.0916E-6	4.6246E-6	3.0222E-6
1.5338E+1	-1.1073E-5	-1.2901E-5	-1.3776E-5	-1.6614E-5	-2.0326E-5	-2.3696E-5	-2.5036E-5	-2.3710E-5	-2.1725E-5	-1.5696E-5	-8.3368E-6	-3.1228E-6	1.0203E-8	3.2577E-6	8.1590E-6	1.5223E-5	2.4664E-5	2.3201E-5	1.6078E-5	1.1911E-5	9.9126E-6	8.0658E-6	5.8985E-6	5.4638E-6	2.4604E-6	1.7747E-6	1.3701E-6	1.1276E-6	1.3107E-6	2.7820E-6	3.9511E-6	5.3120E-6	6.9826E-6	6.9538E-6	7.4579E-6	8.3376E-6	8.3273E-6	9.0045E-6	9.2657E-6	8.4698E-6	8.5478E-6	6.9845E-6	5.9912E-6	6.5378E-6	5.9908E-6	5.1515E-6	5.4161E-6	4.3945E-6	4.0543E-6	4.4113E-6	4.1323E-6	4.1302E-6	4.1521E-6	3.0342E-6	3.6727E-6	3.1470E-6
1.5376E+1	-1.0727E-5	-1.2333E-5	-1.3422E-5	-1.6269E-5	-1.8842E-5	-2.2163E-5	-2.4020E-5	-2.1910E-5	-1.9332E-5	-1.5978E-5	-9.0982E-6	-3.6333E-6	-1.8265E-6	9.4781E-7	4.8385E-6	9.2753E-6	1.6025E-5	2.4617E-5	2.0138E-5	1.4678E-5	1.0556E-5	8.5561E-6	6.3919E-6	5.4462E-6	2.9775E-6	1.8817E-6	1.6321E-6	1.6094E-6	1.4774E-6	2.0750E-6	4.4373E-6	4.9066E-6	6.7092E-6	7.2917E-6	7.4916E-6	7.7411E-6	8.8036E-6	8.4512E-6	8.2932E-6	8.6969E-6	8.4835E-6	7.1949E-6	6.6473E-6	6.7056E-6	5.9425E-6	5.2409E-6	5.3889E-6	3.9294E-6	3.2362E-6	3.8859E-6	3.7566E-6	3.6890E-6	3.4518E-6	3.6896E-6	3.3404E-6	3.1346E-6
1.5414E+1	-1.0104E-5	-1.1602E-5	-1.3277E-5	-1.5544E-5	-1.8110E-5	-2.1193E-5	-2.3172E-5	-2.1131E-5	-1.7938E-5	-1.4453E-5	-9.7645E-6	-4.2637E-6	-2.6245E-6	-9.9898E-7	1.6634E-6	6.4168E-6	9.5566E-6	1.7682E-5	2.2741E-5	1.6697E-5	1.2792E-5	9.1913E-6	6.9722E-6	5.1133E-6	3.9881E-6	2.2306E-6	1.4829E-6	1.2159E-6	2.5596E-6	1.7690E-6	3.8578E-6	5.5025E-6	6.1434E-6	6.9172E-6	6.9902E-6	7.9547E-6	8.3592E-6	9.0115E-6	7.8460E-6	7.7719E-6	8.0164E-6	7.2898E-6	5.8810E-6	6.5174E-6	6.3176E-6	4.8260E-6	5.3254E-6	4.3115E-6	3.4327E-6	3.4277E-6	3.3295E-6	3.7825E-6	2.5958E-6	3.0669E-6	2.3869E-6	3.0250E-6
1.5452E+1	-1.0227E-5	-1.0927E-5	-1.3469E-5	-1.5604E-5	-1.7795E-5	-1.9367E-5	-2.0925E-5	-2.0511E-5	-1.7365E-5	-1.3888E-5	-9.3157E-6	-5.4693E-6	-2.9196E-6	-1.4588E-6	3.8953E-7	3.3364E-6	6.3263E-6	1.0671E-5	1.9042E-5	2.0160E-5	1.3748E-5	1.1103E-5	7.7505E-6	5.4762E-6	3.7712E-6	2.9356E-6	1.3010E-6	1.0528E-6	2.3541E-6	2.5349E-6	3.2511E-6	5.4884E-6	5.8433E-6	7.3368E-6	6.3197E-6	7.4495E-6	7.8519E-6	8.7267E-6	8.2443E-6	8.0949E-6	7.2014E-6	7.6233E-6	6.3980E-6	6.2591E-6	6.2618E-6	5.8809E-6	4.8723E-6	4.6787E-6	3.9994E-6	3.4764E-6	2.8317E-6	3.7882E-6	3.7820E-6	3.3069E-6	2.6735E-6	2.8220E-6
1.5490E+1	-1.0129E-5	-1.0513E-5	-1.2755E-5	-1.4987E-5	-1.8823E-5	-1.9416E-5	-1.8552E-5	-1.9118E-5	-1.7039E-5	-1.2776E-5	-9.4635E-6	-6.0920E-6	-4.3999E-6	-2.1458E-6	-1.8230E-6	1.8062E-6	3.3328E-6	6.5952E-6	1.1648E-5	1.8629E-5	1.6497E-5	1.0913E-5	8.6521E-6	5.4040E-6	4.6384E-6	3.2381E-6	1.4017E-6	9.7805E-7	1.8498E-6	2.4148E-6	3.2818E-6	4.9621E-6	5.0667E-6	6.8673E-6	7.3823E-6	6.9738E-6	7.1389E-6	8.2283E-6	7.3098E-6	7.2376E-6	7.2060E-6	6.8641E-6	5.9782E-6	6.0704E-6	5.6915E-6	5.5241E-6	5.3847E-6	4.5836E-6	4.4429E-6	3.6915E-6	3.0526E-6	2.3973E-6	3.6081E-6	3.7937E-6	2.4308E-6	3.7031E-6
1.5528E+1	-9.3009E-6	-1.0461E-5	-1.2253E-5	-1.3767E-5	-1.7749E-5	-1.9519E-5	-1.8070E-5	-1.6981E-5	-1.6334E-5	-1.2170E-5	-8.4318E-6	-6.1475E-6	-4.4044E-6	-2.1645E-6	-2.0223E-6	-7.9072E-7	1.5999E-6	3.8406E-6	7.4517E-6	1.2700E-5	1.7302E-5	1.2991E-5	8.8349E-6	5.3644E-6	3.5609E-6	3.3081E-6	1.2717E-6	1.4522E-6	1.5712E-6	1.5702E-6	3.3192E-6	4.5161E-6	5.3271E-6	5.6788E-6	6.6622E-6	7.2536E-6	6.7375E-6	8.2702E-6	7.8881E-6	7.1074E-6	6.9854E-6	6.7918E-6	5.7204E-6	6.1021E-6	5.5588E-6	5.5327E-6	4.9463E-6	4.5672E-6	4.2540E-6	3.8794E-6	3.3103E-6	2.8082E-6	2.5741E-6	4.0472E-6	2.6713E-6	2.9460E-6
1.5566E+1	-8.3601E-6	-9.2438E-6	-1.1458E-5	-1.3120E-5	-1.6760E-5	-1.8439E-5	-1.8170E-5	-1.6017E-5	-1.4660E-5	-1.1922E-5	-7.9637E-6	-6.1147E-6	-4.8996E-6	-2.9618E-6	-2.4685E-6	-1.1782E-6	-4.0100E-7	2.3479E-6	4.8899E-6	7.7754E-6	1.2911E-5	1.4777E-5	1.0191E-5	7.1056E-6	4.5599E-6	2.9104E-6	1.2897E-6	1.3054E-6	1.5914E-6	1.2637E-6	2.5793E-6	3.3354E-6	4.8907E-6	6.4014E-6	6.1850E-6	6.5266E-6	6.5252E-6	6.9974E-6	6.8876E-6	7.0633E-6	7.2921E-6	6.9726E-6	5.5156E-6	6.0232E-6	5.7019E-6	5.0491E-6	5.3545E-6	4.4363E-6	3.5834E-6	4.0645E-6	3.3281E-6	3.4046E-6	2.7595E-6	3.0262E-6	3.2623E-6	3.3795E-6
1.5604E+1	-8.0032E-6	-9.2389E-6	-1.0610E-5	-1.2274E-5	-1.6001E-5	-1.7934E-5	-1.8523E-5	-1.5883E-5	-1.3056E-5	-1.1118E-5	-7.7226E-6	-5.5264E-6	-4.7937E-6	-3.2962E-6	-2.7152E-6	-2.1315E-6	-1.6818E-6	-5.1838E-8	3.0008E-6	5.1277E-6	7.4541E-6	1.2834E-5	1.1277E-5	6.6614E-6	5.2787E-6	3.2284E-6	1.8755E-6	1.6086E-6	1.4013E-6	1.0431E-6	3.0650E-6	3.1873E-6	3.7733E-6	4.9122E-6	5.9018E-6	5.9022E-6	6.6199E-6	6.8258E-6	6.3979E-6	6.4319E-6	6.2070E-6	6.0862E-6	5.6710E-6	5.4931E-6	5.5483E-6	4.9196E-6	4.3506E-6	4.9745E-6	3.1473E-6	3.2326E-6	2.9118E-6	3.2268E-6	3.3306E-6	2.3986E-6	2.3919E-6	2.7249E-6
1.5641E+1	-6.5758E-6	-7.8169E-6	-1.0098E-5	-1.1288E-5	-1.4066E-5	-1.7362E-5	-1.8013E-5	-1.7246E-5	-1.2602E-5	-9.7405E-6	-7.5495E-6	-5.6774E-6	-4.4819E-6	-3.8022E-6	-2.5800E-6	-1.4581E-6	-1.3388E-6	-6.6799E-7	8.8698E-7	3.1623E-6	4.0472E-6	8.0513E-6	1.2537E-5	8.6441E-6	5.1115E-6	2.9643E-6	2.0116E-6	1.2651E-6	1.3707E-6	7.0872E-7	2.2459E-6	3.2937E-6	4.3371E-6	4.3095E-6	5.1310E-6	5.1215E-6	6.2358E-6	5.6659E-6	5.8266E-6	6.6382E-6	7.1922E-6	5.6200E-6	5.2043E-6	4.9801E-6	4.8367E-6	4.8860E-6	4.3808E-6	3.7978E-6	3.9145E-6	2.7094E-6	3.0567E-6	2.8318E-6	3.0493E-6	2.2980E-6	2.4495E-6	1.6175E-6
1.5679E+1	-5.9295E-6	-6.9334E-6	-8.2349E-6	-1.1118E-5	-1.2317E-5	-1.5944E-5	-1.7188E-5	-1.6432E-5	-1.3525E-5	-8.7723E-6	-6.6110E-6	-5.1479E-6	-4.8006E-6	-3.7835E-6	-3.1077E-6	-2.3599E-6	-1.3333E-6	-1.0583E-6	6.9961E-7	2.0354E-6	2.8092E-6	4.0680E-6	8.0858E-6	1.0479E-5	6.7361E-6	3.3381E-6	2.2819E-6	1.6016E-6	9.6678E-7	9.3012E-7	2.5922E-6	2.6588E-6	3.7019E-6	3.6799E-6	4.3300E-6	4.6248E-6	5.6736E-6	5.7257E-6	4.9905E-6	5.4471E-6	5.8244E-6	5.9360E-6	5.5845E-6	5.0014E-6	4.1306E-6	4.5738E-6	4.7188E-6	3.9540E-6	3.4643E-6	3.0446E-6	2.3372E-6	3.4924E-6	2.6298E-6	2.0668E-6	2.6022E-6	2.3913E-6
1.5717E+1	-5.2260E-6	-6.6601E-6	-7.5327E-6	-9.3369E-6	-1.1917E-5	-1.4138E-5	-1.6330E-5	-1.5817E-5	-1.3780E-5	-8.9580E-6	-5.9840E-6	-4.2664E-6	-3.8348E-6	-3.6662E-6	-2.9111E-6	-2.5526E-6	-1.3407E-6	-1.7470E-6	-8.2979E-7	1.3685E-6	1.5554E-6	3.7155E-6	4.8580E-6	8.1606E-6	8.3754E-6	4.1905E-6	2.3898E-6	1.5262E-6	1.1467E-6	4.0912E-7	2.2827E-6	2.9528E-6	3.5389E-6	3.7229E-6	4.1922E-6	4.5321E-6	4.3158E-6	4.7335E-6	5.0393E-6	5.6797E-6	5.4551E-6	4.2563E-6	4.6161E-6	4.9169E-6	4.1985E-6	3.8996E-6	3.8149E-6	3.8531E-6	3.4652E-6	3.3742E-6	2.7001E-6	2.5619E-6	2.6617E-6	2.0433E-6	1.7121E-6	2.8408E-6
1.5755E+1	-5.2136E-6	-5.9573E-6	-7.2789E-6	-8.6008E-6	-1.0253E-5	-1.2761E-5	-1.5065E-5	-1.4414E-5	-1.3172E-5	-1.0378E-5	-5.6294E-6	-4.3490E-6	-4.0898E-6	-3.0607E-6	-2.9228E-6	-3.2367E-6	-1.5911E-6	-1.2473E-6	-1.0716E-6	3.0002E-7	6.7690E-7	1.8456E-6	3.4953E-6	4.7279E-6	7.9942E-6	5.3924E-6	3.5072E-6	2.2619E-6	1.8134E-6	1.0650E-6	2.3798E-6	2.1272E-6	3.0568E-6	3.2052E-6	3.6522E-6	5.0583E-6	4.4504E-6	4.4898E-6	4.3621E-6	4.8888E-6	5.0668E-6	4.6213E-6	3.7809E-6	4.1276E-6	3.8585E-6	4.3441E-6	3.0365E-6	3.0332E-6	2.7260E-6	2.9694E-6	2.9537E-6	2.6692E-6	1.7328E-6	2.5212E-6	1.3393E-6	1.5707E-6
1.5793E+1	-4.3984E-6	-5.1718E-6	-6.3529E-6	-7.5752E-6	-9.4609E-6	-9.9636E-6	-1.2870E-5	-1.3638E-5	-1.1262E-5	-9.6021E-6	-6.1403E-6	-2.6103E-6	-3.6161E-6	-3.4510E-6	-2.8156E-6	-3.0550E-6	-2.3653E-6	-2.2333E-6	-1.0080E-6	-2.2627E-7	3.8273E-7	1.4678E-6	2.4490E-6	2.7711E-6	4.9070E-6	5.4190E-6	3.3203E-6	2.6187E-6	2.0004E-6	2.0422E-6	2.4318E-6	2.5989E-6	2.7026E-6	3.9325E-6	2.9291E-6	4.2989E-6	3.4734E-6	4.2383E-6	3.9447E-6	4.7931E-6	4.3077E-6	4.3617E-6	3.5430E-6	4.2621E-6	3.1943E-6	4.1499E-6	3.2453E-6	2.9956E-6	2.3750E-6	2.4821E-6	2.8493E-6	2.2445E-6	2.0250E-6	1.8850E-6	2.1347E-6	1.5862E-6
1.5831E+1	-4.0745E-6	-4.9362E-6	-5.6978E-6	-6.6097E-6	-8.1840E-6	-9.6606E-6	-1.0644E-5	-1.1811E-5	-1.1257E-5	-9.0099E-6	-5.8686E-6	-3.1120E-6	-1.7412E-6	-2.5586E-6	-2.4148E-6	-2.3016E-6	-1.4666E-6	-1.5600E-6	-1.6526E-6	-1.4830E-7	-3.1296E-7	8.6087E-7	1.3679E-6	2.0320E-6	3.1558E-6	4.6844E-6	4.5880E-6	2.5916E-6	2.1375E-6	2.1722E-6	2.8751E-6	2.4999E-6	3.0935E-6	3.8332E-6	3.1558E-6	4.1832E-6	3.6548E-6	4.0326E-6	3.1719E-6	3.7957E-6	3.4366E-6	3.8892E-6	3.1294E-6	3.4482E-6	2.7921E-6	2.8983E-6	2.9944E-6	2.7498E-6	2.7783E-6	1.8965E-6	2.9977E-6	2.2671E-6	1.9277E-6	2.0587E-6	1.6436E-6	2.2866E-6
1.5869E+1	-3.7774E-6	-4.6833E-6	-5.6619E-6	-5.9017E-6	-6.3792E-6	-7.5510E-6	-9.5149E-6	-1.0407E-5	-9.6869E-6	-8.6712E-6	-6.2903E-6	-3.0968E-6	-2.4520E-6	-2.0244E-6	-2.5701E-6	-1.7286E-6	-2.0130E-6	-4.0438E-7	-9.3368E-7	-1.0762E-7	6.6632E-7	7.8256E-7	1.2099E-6	7.8007E-7	1.5370E-6	2.8239E-6	4.4948E-6	3.5563E-6	2.3739E-6	2.6108E-6	1.8581E-6	2.6530E-6	3.1956E-6	4.3252E-6	3.0961E-6	3.3091E-6	3.0343E-6	3.9489E-6	3.2808E-6	3.8817E-6	3.6923E-6	3.3307E-6	3.1384E-6	3.1054E-6	2.7722E-6	2.1587E-6	2.2341E-6	2.4528E-6	2.0878E-6	2.1334E-6	1.7992E-6	2.4178E-6	1.8109E-6	1.7523E-6	1.6836E-6	2.2540E-6
1.5906E+1	-3.2441E-6	-3.7081E-6	-5.5012E-6	-5.9288E-6	-6.2629E-6	-6.8953E-6	-7.7239E-6	-8.6659E-6	-8.9979E-6	-6.8848E-6	-5.9262E-6	-3.0347E-6	-1.6708E-6	-1.5884E-6	-1.3838E-6	-9.7908E-7	-1.7150E-6	-1.2066E-6	-5.7040E-7	-5.0046E-7	5.5445E-7	1.1303E-6	8.4108E-7	1.3882E-6	1.2608E-6	2.3732E-6	3.0202E-6	3.9899E-6	3.0762E-6	3.6904E-6	3.1193E-6	2.3568E-6	3.4058E-6	3.6579E-6	3.3981E-6	3.7876E-6	3.0331E-6	3.0549E-6	2.6554E-6	3.0420E-6	2.8384E-6	3.3370E-6	2.6894E-6	2.2627E-6	2.2652E-6	1.9653E-6	1.6948E-6	2.6409E-6	2.0681E-6	2.0577E-6	2.1289E-6	1.7268E-6	2.0555E-6	1.5161E-6	1.3103E-6	1.2248E-6
1.5944E+1	-3.3701E-6	-3.3265E-6	-4.5836E-6	-5.3976E-6	-5.1289E-6	-6.3751E-6	-6.8258E-6	-7.6892E-6	-7.1889E-6	-6.8995E-6	-4.9332E-6	-3.2618E-6	-1.8909E-6	-1.5213E-6	-4.6974E-7	4.4345E-8	-2.0190E-7	-5.9775E-7	-1.3447E-8	-5.4168E-8	9.8728E-8	9.7880E-7	6.6535E-7	6.2784E-7	1.0583E-6	1.7641E-6	2.1751E-6	3.1213E-6	3.5657E-6	3.0348E-6	3.4818E-6	3.7218E-6	3.8109E-6	4.3078E-6	3.6252E-6	3.2705E-6	3.8449E-6	3.4252E-6	3.2695E-6	3.6571E-6	3.4507E-6	2.3106E-6	3.2427E-6	2.1132E-6	2.3436E-6	1.3429E-6	1.7917E-6	1.5200E-6	1.9848E-6	2.0198E-6	1.8095E-6	2.0471E-6	2.0054E-6	1.7041E-6	2.1088E-6	1.2929E-6
1.5982E+1	-3.4824E-6	-3.7805E-6	-4.3050E-6	-5.8437E-6	-5.3775E-6	-5.8173E-6	-5.7373E-6	-6.8218E-6	-6.1513E-6	-5.8922E-6	-4.6604E-6	-2.0676E-6	-1.5923E-6	-1.5547E-6	1.5895E-7	3.1550E-7	4.6778E-7	-3.8788E-8	3.8453E-7	8.4182E-7	4.7777E-7	7.6126E-7	2.2925E-7	1.1815E-6	1.2934E-6	1.5459E-6	1.2067E-6	2.7094E-6	4.1514E-6	4.2940E-6	3.1053E-6	3.6906E-6	3.8021E-6	3.5965E-6	4.4326E-6	3.6699E-6	3.1470E-6	3.5967E-6	3.1088E-6	3.1389E-6	3.5638E-6	3.1867E-6	2.2683E-6	2.5885E-6	1.8569E-6	1.6897E-6	2.1154E-6	2.5553E-6	1.3444E-6	2.3984E-6	1.6450E-6	1.3455E-6	2.0197E-6	1.3320E-6	1.5171E-6	1.3332E-6
1.6020E+1	-2.8741E-6	-4.0941E-6	-4.2277E-6	-5.0570E-6	-5.6677E-6	-5.4369E-6	-4.5947E-6	-5.5444E-6	-5.3065E-6	-5.4866E-6	-4.7285E-6	-2.4135E-6	-1.1269E-6	-1.1437E-6	-3.5050E-8	6.1198E-7	9.6049E-7	7.1021E-7	8.3519E-7	1.1936E-6	1.0165E-6	1.4022E-6	2.2844E-7	5.1775E-7	1.1874E-6	1.6993E-6	8.7313E-7	1.6390E-6	2.6836E-6	5.1944E-6	4.5088E-6	4.4678E-6	4.3239E-6	3.8753E-6	4.0275E-6	4.3068E-6	3.3592E-6	3.8113E-6	3.6090E-6	3.5022E-6	2.9866E-6	3.1837E-6	2.8171E-6	2.4551E-6	2.2984E-6	8.1498E-7	2.0560E-6	1.6837E-6	2.4805E-6	1.8532E-6	2.4232E-6	1.2870E-6	1.6245E-6	1.6638E-6	1.6357E-6	1.2379E-6
1.6058E+1	-3.7314E-6	-3.9577E-6	-5.1284E-6	-5.6414E-6	-6.2570E-6	-6.2848E-6	-4.7405E-6	-3.8002E-6	-4.0494E-6	-3.9378E-6	-3.5986E-6	-2.1633E-6	-1.3057E-6	-5.2497E-7	3.6248E-7	4.1942E-7	8.3994E-7	4.5911E-7	1.0177E-6	1.1759E-6	1.3715E-6	1.3138E-6	7.8052E-7	1.0624E-6	1.0033E-6	1.6279E-6	1.6043E-6	2.0221E-6	2.0351E-6	3.8936E-6	5.5603E-6	4.9274E-6	5.4182E-6	4.2934E-6	4.4249E-6	4.6752E-6	3.7743E-6	4.0227E-6	3.9055E-6	3.4511E-6	3.5483E-6	2.8923E-6	3.0245E-6	2.4828E-6	2.7103E-6	1.6524E-6	2.4593E-6	1.7149E-6	1.9239E-6	1.9865E-6	1.9196E-6	1.8607E-6	1.7877E-6	1.5063E-6	1.9393E-6	1.2669E-6
1.6096E+1	-4.1540E-6	-4.2959E-6	-5.0597E-6	-5.5786E-6	-6.2483E-6	-6.2850E-6	-6.3276E-6	-4.0367E-6	-3.5273E-6	-3.3818E-6	-2.4969E-6	-1.8242E-6	-1.0188E-6	-5.9241E-7	-1.5473E-7	7.6440E-7	1.5881E-6	1.0101E-6	1.0015E-6	7.1653E-7	1.1685E-6	1.4268E-6	7.2964E-7	3.8917E-7	7.9146E-7	9.6609E-7	1.3006E-6	1.6454E-6	1.6105E-6	3.1938E-6	4.5376E-6	5.1739E-6	5.1354E-6	5.5374E-6	4.6384E-6	5.5101E-6	4.1334E-6	4.1200E-6	4.2517E-6	3.8537E-6	3.5077E-6	3.2461E-6	3.0276E-6	2.7920E-6	2.4053E-6	1.9804E-6	2.0545E-6	2.0961E-6	2.4199E-6	1.8733E-6	1.6990E-6	1.1092E-6	1.6858E-6	2.2126E-6	1.5563E-6	1.6641E-6
1.6134E+1	-3.4396E-6	-4.5760E-6	-5.5988E-6	-6.4636E-6	-6.8928E-6	-6.3468E-6	-6.2556E-6	-5.0906E-6	-2.7524E-6	-2.8617E-6	-2.0906E-6	-1.5678E-6	-5.5832E-7	2.3864E-7	-7.1771E-8	-1.2239E-7	7.4571E-7	1.4026E-6	1.6290E-6	1.2272E-6	1.0047E-6	9.2494E-7	1.2429E-6	3.8428E-7	5.7478E-7	9.9821E-7	1.3533E-6	1.5702E-6	1.9056E-6	2.8325E-6	4.3419E-6	4.6731E-6	4.8965E-6	4.5523E-6	4.6478E-6	5.8595E-6	5.3238E-6	4.0992E-6	4.2933E-6	3.7683E-6	3.5468E-6	3.2280E-6	3.0678E-6	3.1066E-6	2.4143E-6	2.6529E-6	2.2043E-6	1.7516E-6	2.2911E-6	1.9823E-6	2.3809E-6	1.7235E-6	9.2623E-7	1.9235E-6	1.8119E-6	6.4954E-7
1.6171E+1	-4.0370E-6	-3.7602E-6	-5.3979E-6	-5.8840E-6	-6.7757E-6	-7.3736E-6	-6.3049E-6	-5.5537E-6	-3.5738E-6	-1.2517E-6	-1.7568E-6	-2.0011E-6	-1.4427E-6	3.8484E-8	-3.4055E-8	8.3383E-7	2.0916E-7	6.5372E-7	1.1542E-6	1.2825E-6	1.5477E-6	8.1686E-7	1.2635E-6	5.7541E-8	9.0826E-8	-2.5603E-7	6.0066E-7	2.0057E-7	1.1783E-6	2.7551E-6	3.3423E-6	4.5801E-6	4.9000E-6	5.4467E-6	4.2082E-6	4.9816E-6	5.0358E-6	5.0001E-6	4.3321E-6	4.1141E-6	3.1774E-6	3.4346E-6	2.7096E-6	3.1920E-6	2.2355E-6	2.0733E-6	2.3360E-6	2.0164E-6	2.1531E-6	1.7608E-6	1.5843E-6	2.5756E-6	2.0220E-6	2.0312E-6	1.4174E-6	1.9200E-6
1.6209E+1	-4.0242E-6	-4.0892E-6	-5.4220E-6	-6.3033E-6	-6.4553E-6	-7.2316E-6	-7.2311E-6	-5.6674E-6	-3.9666E-6	-1.7753E-6	-2.5175E-7	-8.3530E-7	-9.1152E-7	-4.5552E-7	-1.2015E-7	5.4753E-7	5.6843E-7	4.7718E-7	9.4364E-7	9.7991E-7	1.3428E-6	1.0402E-6	1.5264E-6	1.3390E-6	1.0016E-6	7.0255E-7	1.4660E-8	8.1933E-7	4.6902E-7	1.4585E-6	3.2900E-6	3.3445E-6	3.9670E-6	5.2394E-6	5.0420E-6	5.7145E-6	4.1460E-6	4.5252E-6	4.6101E-6	3.9423E-6	3.5457E-6	3.2777E-6	3.3026E-6	3.1784E-6	2.7290E-6	2.4710E-6	1.8116E-6	2.3952E-6	1.4756E-6	1.6922E-6	1.5949E-6	1.5107E-6	1.6445E-6	2.5190E-6	7.9319E-7	1.0700E-6
1.6247E+1	-4.2598E-6	-3.7062E-6	-5.0940E-6	-5.4501E-6	-6.0537E-6	-7.0560E-6	-6.6595E-6	-7.0982E-6	-4.3988E-6	-2.4098E-6	-1.3305E-6	-9.3117E-7	-7.5497E-7	-4.0684E-7	-7.5219E-7	7.0364E-7	3.8213E-7	4.5500E-7	4.2389E-7	1.0528E-6	5.9236E-7	5.0965E-7	1.0836E-7	7.9903E-7	2.9130E-7	8.7204E-7	2.7666E-7	8.2657E-8	2.0312E-6	6.6207E-7	2.4131E-6	3.7828E-6	2.9795E-6	5.2786E-6	4.8217E-6	5.2365E-6	5.2909E-6	4.2613E-6	4.4395E-6	3.4662E-6	3.6198E-6	3.2222E-6	2.9147E-6	3.1033E-6	2.7044E-6	2.7900E-6	2.5567E-6	2.6158E-6	2.8535E-6	1.2054E-6	1.9663E-6	2.5297E-6	1.2009E-6	2.0702E-6	1.7931E-6	1.5973E-6
1.6285E+1	-4.3344E-6	-4.3111E-6	-5.2257E-6	-5.8636E-6	-6.2576E-6	-6.7238E-6	-6.3210E-6	-6.1796E-6	-5.4052E-6	-2.5148E-6	-1.3893E-6	-4.3501E-7	-4.2680E-7	-1.6850E-7	-2.2309E-7	-4.1015E-8	4.4859E-7	7.3331E-7	5.0863E-7	1.6891E-6	1.1497E-6	1.2520E-6	5.8987E-8	6.6499E-7	2.1468E-7	-3.6353E-7	-5.2246E-8	2.6529E-8	7.6423E-7	1.0703E-6	1.7240E-6	2.9210E-6	2.9023E-6	3.6213E-6	5.3862E-6	4.8047E-6	4.5360E-6	4.6492E-6	4.7548E-6	3.9194E-6	3.3849E-6	3.5644E-6	3.4069E-6	2.5168E-6	2.4767E-6	2.2064E-6	2.1225E-6	2.0860E-6	1.9690E-6	2.1448E-6	1.2365E-6	2.4893E-6	1.8959E-6	1.2355E-6	1.2497E-6	1.5470E-6
1.6323E+1	-3.4072E-6	-3.4938E-6	-4.8354E-6	-4.7119E-6	-6.5141E-6	-7.5726E-6	-6.8822E-6	-6.8705E-6	-5.9489E-6	-3.8056E-6	-1.9676E-6	-1.8845E-6	-2.3078E-7	-8.2715E-7	-6.2769E-7	4.0722E-7	-2.6969E-8	4.9166E-7	1.9049E-8	1.2958E-6	1.2691E-6	1.3807E-6	1.0123E-6	6.6786E-7	7.3168E-7	2.5631E-7	-6.3007E-7	2.3469E-7	9.7081E-7	3.2949E-7	1.7970E-6	2.2222E-6	2.9750E-6	3.5432E-6	3.9167E-6	4.3533E-6	4.9476E-6	3.7503E-6	3.9056E-6	4.2187E-6	3.9485E-6	3.0150E-6	3.7168E-6	2.8454E-6	2.8520E-6	2.3931E-6	2.3486E-6	1.9524E-6	1.8970E-6	1.3882E-6	1.5864E-6	1.4393E-6	1.9090E-6	1.5546E-6	1.2541E-6	1.2817E-6
1.6361E+1	-3.8446E-6	-3.4899E-6	-4.2341E-6	-4.8600E-6	-5.2614E-6	-6.7081E-6	-6.5671E-6	-5.8480E-6	-5.8607E-6	-4.9033E-6	-2.3669E-6	-1.9849E-6	-7.8237E-7	-3.3261E-7	-1.1314E-6	-8.0852E-7	-9.9298E-8	2.0172E-7	1.3566E-8	4.8346E-7	8.4909E-7	8.8188E-7	5.2663E-7	5.9553E-7	-6.8761E-8	-7.9835E-8	-4.5513E-7	-4.9909E-8	1.2451E-7	1.1591E-6	1.8105E-6	1.8626E-6	2.5244E-6	2.7957E-6	4.3998E-6	3.2771E-6	4.7229E-6	4.6836E-6	3.9586E-6	3.7843E-6	4.1304E-6	3.6028E-6	3.4203E-6	2.6690E-6	2.4822E-6	2.4683E-6	2.4481E-6	1.9372E-6	1.4764E-6	2.0533E-6	1.4058E-6	1.3739E-6	1.0103E-6	1.6416E-6	8.6205E-7	6.5809E-7
1.6399E+1	-2.7440E-6	-4.0357E-6	-3.8965E-6	-4.7848E-6	-6.2950E-6	-6.7649E-6	-6.9889E-6	-5.9249E-6	-4.2539E-6	-4.0678E-6	-2.7308E-6	-2.8843E-6	-1.1731E-6	-6.7590E-7	-2.8905E-7	-1.3355E-7	-7.9243E-7	5.9061E-9	3.9488E-7	6.0811E-7	4.2431E-7	8.7576E-7	7.7624E-7	4.2012E-7	-1.2666E-7	-6.3577E-7	-1.1759E-6	-1.2258E-7	-6.8210E-7	-1.2418E-7	1.8586E-6	1.7192E-6	2.9153E-6	2.1534E-6	2.7720E-6	3.2161E-6	3.8447E-6	3.8041E-6	4.1342E-6	3.9862E-6	3.3140E-6	3.6712E-6	3.3166E-6	3.1763E-6	2.3000E-6	2.1144E-6	2.4306E-6	2.0222E-6	1.8442E-6	1.6055E-6	1.6240E-6	1.9048E-6	8.4485E-7	2.0612E-6	1.8376E-6	1.3255E-6
1.6437E+1	-2.8063E-6	-3.4697E-6	-3.9696E-6	-4.1917E-6	-5.8976E-6	-6.8950E-6	-7.1174E-6	-6.5429E-6	-5.1078E-6	-4.4365E-6	-2.6377E-6	-2.0156E-6	-1.8681E-6	-1.1334E-6	-8.2267E-7	-2.7973E-7	-3.7826E-7	-4.1537E-7	3.1978E-7	6.9541E-7	4.0964E-7	5.6589E-7	8.2905E-7	6.2407E-7	-1.4856E-7	-1.2492E-7	-6.5483E-7	-4.3725E-7	-5.7046E-9	1.5556E-7	6.0625E-7	1.7315E-6	2.7389E-6	2.8652E-6	3.0381E-6	2.4183E-6	4.1038E-6	3.4821E-6	4.1643E-6	3.9674E-6	3.1603E-6	3.3503E-6	2.9281E-6	2.8060E-6	2.5993E-6	1.9570E-6	2.3360E-6	1.3055E-6	1.2767E-6	2.1432E-6	7.0395E-7	1.7767E-6	7.3817E-7	9.9302E-7	1.3438E-6	1.3793E-6
1.6474E+1	-3.0157E-6	-3.7787E-6	-3.9373E-6	-4.4797E-6	-5.5089E-6	-6.3659E-6	-6.9520E-6	-6.2351E-6	-4.4096E-6	-3.7400E-6	-3.8083E-6	-3.0392E-6	-1.7791E-6	-2.0715E-6	-7.2749E-7	-2.4752E-7	-9.2153E-7	-5.5352E-7	2.6126E-7	5.7308E-8	5.9217E-8	-3.0320E-8	3.4935E-7	1.8615E-7	-6.7068E-7	-6.7928E-7	-3.2930E-7	-6.4183E-7	-2.3651E-7	6.6532E-7	6.3100E-7	9.0036E-7	2.9045E-6	1.9277E-6	3.1288E-6	3.0562E-6	3.6904E-6	3.0369E-6	4.0797E-6	4.2535E-6	2.9843E-6	3.3032E-6	2.9845E-6	3.0999E-6	2.3613E-6	2.3253E-6	2.8300E-6	1.7983E-6	1.1536E-6	1.6001E-6	1.4798E-6	1.5370E-6	1.4149E-6	1.5984E-6	1.4499E-6	1.2819E-6
1.6512E+1	-2.7272E-6	-2.8184E-6	-3.6581E-6	-4.0872E-6	-5.6668E-6	-6.1045E-6	-6.6293E-6	-6.4290E-6	-5.5021E-6	-3.5998E-6	-2.1080E-6	-2.2547E-6	-1.9264E-6	-2.1573E-6	-1.7965E-6	-3.8037E-7	-1.4713E-7	-3.4046E-7	2.0048E-7	1.8147E-7	-2.6108E-7	4.8785E-7	9.0593E-8	6.8403E-8	-8.5915E-7	-1.0071E-6	-7.4462E-7	-7.9284E-7	-4.8196E-7	1.0547E-8	7.3530E-7	9.6906E-7	1.7207E-6	2.7684E-6	1.8001E-6	3.0495E-6	3.8203E-6	2.8694E-6	3.1530E-6	3.9146E-6	2.8654E-6	2.6620E-6	2.6355E-6	3.0264E-6	2.6475E-6	2.0248E-6	2.7822E-6	1.8689E-6	1.0241E-6	1.2616E-6	1.0157E-6	1.6941E-6	6.8140E-7	1.2979E-6	1.4215E-6	1.3183E-6
1.6550E+1	-2.5501E-6	-2.8185E-6	-2.7205E-6	-3.6423E-6	-4.5349E-6	-5.4819E-6	-5.9071E-6	-5.7805E-6	-5.2014E-6	-4.7826E-6	-3.3425E-6	-2.0364E-6	-1.7662E-6	-1.5146E-6	-1.8223E-6	-1.0754E-6	-9.4412E-7	1.3688E-7	4.5533E-7	1.3393E-7	-3.7498E-7	-2.3005E-7	8.8920E-7	1.4054E-8	-3.4224E-7	-5.7996E-7	-3.1268E-7	-6.8869E-7	-2.4026E-7	-2.8494E-7	2.1541E-8	1.5624E-6	1.0391E-6	2.0749E-6	2.7255E-6	2.1460E-6	3.4142E-6	3.0720E-6	3.1926E-6	3.4670E-6	3.4620E-6	1.9109E-6	2.8320E-6	2.5030E-6	2.3213E-6	2.7420E-6	2.7987E-6	1.7521E-6	2.2442E-6	1.1668E-6	1.4740E-6	1.7455E-6	1.6375E-6	1.0613E-6	1.5426E-6	1.2132E-6
1.6588E+1	-2.4595E-6	-2.8714E-6	-3.0958E-6	-3.1412E-6	-4.7155E-6	-5.0789E-6	-5.2516E-6	-5.3398E-6	-4.9062E-6	-3.9806E-6	-3.4636E-6	-1.5926E-6	-2.1208E-6	-1.8481E-6	-1.3639E-6	-1.1658E-6	-4.5529E-7	-6.4208E-7	-1.7469E-7	-1.5031E-7	2.0952E-7	-4.5282E-7	1.9729E-7	-5.7390E-8	-5.9842E-7	-9.9023E-7	-6.8987E-7	-1.8818E-7	-2.3821E-7	-2.3270E-7	-1.8809E-7	8.4088E-7	1.0896E-6	1.2134E-6	2.3313E-6	2.3696E-6	1.8285E-6	2.3505E-6	2.6572E-6	2.6305E-6	3.6098E-6	2.2768E-6	2.6470E-6	2.8959E-6	1.5170E-6	2.3024E-6	3.0146E-6	1.2229E-6	1.1260E-6	2.2715E-6	1.7649E-6	1.7937E-6	1.5316E-6	1.1734E-6	1.3086E-6	1.1722E-6
1.6626E+1	-2.2984E-6	-2.0938E-6	-3.1414E-6	-2.8815E-6	-3.8538E-6	-4.5156E-6	-5.4244E-6	-4.9953E-6	-5.3807E-6	-3.6582E-6	-4.1282E-6	-1.8408E-6	-1.4710E-6	-1.9316E-6	-1.6191E-6	-6.4449E-7	-1.0588E-6	5.5921E-7	4.5578E-8	-2.8495E-7	-8.7790E-8	-1.7922E-7	6.5961E-7	9.8394E-8	-2.0823E-8	-4.7936E-7	-1.1775E-6	-4.0861E-7	1.7967E-8	-8.2607E-8	1.5940E-7	8.7652E-7	9.2278E-7	1.3498E-6	1.2001E-6	2.7015E-6	1.6042E-6	1.9957E-6	2.1145E-6	2.2596E-6	2.3483E-6	2.1019E-6	2.6278E-6	3.0282E-6	1.5725E-6	2.3378E-6	2.0087E-6	1.7406E-6	1.3652E-6	5.7557E-7	2.2717E-6	1.2959E-6	1.9319E-6	7.2982E-7	1.0560E-6	9.2775E-7
1.6664E+1	-1.9109E-6	-1.6962E-6	-2.3581E-6	-2.6592E-6	-4.0116E-6	-3.4364E-6	-4.5830E-6	-4.2530E-6	-5.2258E-6	-3.8155E-6	-3.4801E-6	-2.6683E-6	-1.7750E-6	-1.8161E-6	-1.8803E-6	-1.0323E-6	-8.0772E-7	-1.2760E-6	-1.1777E-7	3.6602E-7	4.8207E-7	-5.2818E-7	1.8582E-7	2.9541E-7	-2.4280E-7	-4.3562E-7	-6.9338E-7	-2.6557E-7	-5.1862E-7	-4.1907E-7	3.2297E-7	4.4810E-7	7.0876E-7	2.0067E-6	1.1221E-6	1.7584E-6	1.4150E-6	1.8374E-6	2.5728E-6	2.0210E-6	2.4042E-6	2.1922E-6	2.2375E-6	2.7870E-6	2.2481E-6	2.2292E-6	2.4531E-6	1.0396E-6	1.7238E-6	1.5649E-6	1.7102E-6	1.1563E-6	1.1900E-6	7.0183E-7	2.4210E-7	5.5547E-7
1.6702E+1	-2.3073E-6	-2.0987E-6	-1.9671E-6	-2.0665E-6	-3.6967E-6	-3.3704E-6	-4.3323E-6	-3.6676E-6	-3.8119E-6	-3.5193E-6	-2.6947E-6	-2.3522E-6	-2.2158E-6	-1.6924E-6	-1.1716E-6	-7.2563E-7	-1.0705E-6	-3.6360E-7	-1.3717E-6	2.8806E-7	3.0090E-7	2.6357E-7	2.7623E-7	5.8341E-7	-4.2899E-8	-6.8705E-7	-6.3557E-7	-2.0696E-7	3.6560E-7	-6.2956E-7	4.6845E-7	9.7987E-7	9.8570E-8	1.2979E-6	6.9606E-7	1.6972E-6	1.4004E-6	1.2866E-6	2.2592E-6	2.8449E-6	1.3813E-6	2.5705E-6	2.3134E-6	2.1707E-6	2.4916E-6	2.2656E-6	1.7357E-6	2.0440E-6	1.8214E-6	1.1126E-6	2.0005E-6	9.8885E-7	1.8268E-6	1.2206E-6	4.2035E-7	5.1414E-7
1.6739E+1	-1.1979E-6	-2.5625E-6	-2.1027E-6	-2.4330E-6	-3.0743E-6	-3.7354E-6	-4.2595E-6	-4.3922E-6	-3.6529E-6	-3.3325E-6	-2.4304E-6	-1.8493E-6	-2.0211E-6	-2.2637E-6	-1.5472E-6	-7.6401E-7	-8.7878E-7	-8.9356E-7	-8.7157E-7	-3.3090E-8	1.6306E-7	-5.5314E-7	4.3378E-8	5.3515E-7	4.6206E-7	-8.3593E-7	-5.0205E-7	-5.2437E-7	-8.3095E-7	-2.2380E-7	-3.3358E-7	9.0748E-7	8.9842E-7	1.6806E-6	7.7495E-7	5.4251E-7	1.7350E-6	1.4369E-6	1.4053E-6	1.9071E-6	1.9396E-6	2.2108E-6	2.0732E-6	1.5898E-6	2.7239E-6	1.7195E-6	1.8259E-6	1.1419E-6	1.8561E-6	1.9950E-6	1.4153E-6	6.4847E-7	3.1122E-7	1.7063E-6	9.8614E-7	5.1862E-7
1.6777E+1	-1.0047E-6	-1.7998E-6	-1.3843E-6	-2.9081E-6	-2.6287E-6	-2.4792E-6	-3.9047E-6	-3.9293E-6	-3.5153E-6	-2.8093E-6	-2.4221E-6	-1.5955E-6	-1.5506E-6	-1.6518E-6	-1.0805E-6	-1.2866E-6	-1.1308E-6	-5.2932E-7	-4.8236E-7	9.9138E-8	-7.5981E-8	-1.1924E-7	-3.1319E-7	-9.3903E-9	-2.2904E-7	4.6969E-8	-5.6703E-7	1.4067E-7	-6.6144E-7	-8.0083E-7	8.6978E-8	-2.4530E-7	2.7892E-7	8.8124E-7	1.0791E-6	5.9094E-7	1.2789E-6	1.6293E-6	1.9133E-6	1.7241E-6	1.0181E-6	2.4405E-6	2.0542E-6	1.5884E-6	2.0751E-6	1.4950E-6	1.1930E-6	1.8283E-6	9.6010E-7	1.0665E-6	1.7874E-6	1.0591E-6	8.5152E-7	3.8877E-7	1.2655E-6	1.0408E-6
1.6815E+1	-1.1060E-6	-1.2844E-6	-1.5138E-6	-1.8054E-6	-3.0861E-6	-2.9419E-6	-3.1303E-6	-3.8199E-6	-3.5492E-6	-2.4882E-6	-2.4907E-6	-2.2281E-6	-8.5554E-7	-1.7031E-6	-4.3067E-7	-1.0538E-6	-4.4276E-7	-9.1106E-7	-7.7845E-8	5.9726E-7	-3.5307E-7	-3.7957E-7	-1.8215E-7	5.2530E-7	-3.5623E-7	-5.7252E-7	-2.8199E-7	-2.0392E-7	-6.6200E-7	-4.4053E-7	-1.6941E-7	2.6314E-7	1.8469E-7	8.7846E-7	1.0325E-6	5.3384E-7	9.8940E-7	1.1787E-6	7.4536E-7	1.0542E-6	1.3631E-6	1.9688E-6	1.4309E-6	1.9813E-6	2.2313E-6	8.8003E-7	1.4521E-6	1.6328E-6	1.2511E-6	5.6759E-7	1.0947E-6	8.9360E-7	7.2468E-7	1.4929E-6	9.3448E-7	8.9366E-7
1.6853E+1	-9.6681E-7	-9.2158E-7	-1.4279E-6	-2.8409E-6	-9.0161E-7	-2.6930E-6	-2.7955E-6	-3.0449E-6	-2.9478E-6	-2.4712E-6	-1.6778E-6	-2.8029E-6	-1.8176E-6	-1.7703E-6	-9.1062E-7	-1.4077E-6	-6.4550E-7	-1.3106E-8	-2.8169E-7	8.3372E-7	2.0343E-9	-2.4664E-7	-3.7403E-7	-5.4009E-7	3.6474E-9	-1.0611E-7	-4.7288E-7	5.7095E-8	-6.7970E-7	-5.2371E-7	4.3216E-8	-2.3643E-7	4.3433E-7	3.7612E-7	6.1648E-7	7.9791E-7	9.6166E-7	1.4322E-6	1.5626E-6	4.1291E-7	5.5398E-7	1.6081E-6	1.3873E-6	1.5569E-6	1.7241E-6	1.0845E-6	7.5350E-7	1.9089E-6	1.8583E-6	-2.6021E-7	2.2892E-7	9.9644E-7	2.7041E-7	-1.6984E-7	1.4076E-6	1.0731E-6
1.6891E+1	-1.4375E-6	-8.7911E-7	-6.6264E-7	-2.4079E-6	-2.0226E-6	-1.9402E-6	-2.9408E-6	-2.4995E-6	-2.2856E-6	-1.6250E-6	-1.8110E-6	-1.4166E-6	-1.3892E-6	-1.4160E-6	-1.2440E-6	-1.3380E-6	-7.1876E-7	-7.7243E-9	-4.7001E-7	1.5421E-7	1.0163E-7	-2.9071E-7	3.1962E-7	-2.4115E-7	-7.3250E-7	-5.2186E-7	-5.3313E-7	-3.8968E-8	-3.8779E-7	-3.0978E-7	-4.7025E-7	-3.5719E-7	2.7595E-7	1.3348E-6	9.6416E-7	1.9561E-7	5.7419E-7	6.2886E-7	5.9816E-7	9.4152E-7	8.2535E-7	6.7602E-7	6.2003E-7	1.7473E-6	1.3003E-6	1.1253E-6	1.6810E-6	1.2012E-6	1.7926E-6	1.5637E-6	-1.9956E-7	5.5230E-7	1.1146E-6	2.2207E-7	-7.4568E-8	2.7193E-8
1.6929E+1	-1.6496E-6	-9.7864E-7	-1.4581E-6	-1.4492E-6	-1.2197E-6	-1.4370E-6	-2.4837E-6	-2.4334E-6	-1.9550E-6	-1.3214E-6	-1.3913E-6	-1.5531E-6	-1.4949E-6	-9.6725E-7	-1.0411E-6	-1.0958E-6	-1.1183E-6	4.8076E-7	3.5206E-7	-3.8229E-7	2.3767E-7	-2.1419E-7	3.9521E-8	-5.7392E-7	5.7088E-8	-5.4615E-7	-3.4856E-7	-4.3364E-7	-2.6737E-7	5.9872E-8	5.5201E-7	-8.7695E-7	1.4765E-7	1.0276E-7	1.0222E-6	1.2066E-6	8.8331E-7	1.0076E-6	8.3848E-7	3.9434E-7	1.2115E-6	5.6436E-7	5.9679E-7	8.5899E-7	5.8565E-7	8.4915E-7	1.2991E-6	2.3606E-6	8.9187E-7	7.3284E-7	9.3315E-7	4.6305E-7	5.6296E-7	5.8557E-7	1.3345E-6	4.1621E-7
1.6967E+1	-1.2274E-6	-8.7298E-7	-7.4209E-7	-1.3974E-6	-1.6715E-6	-2.0959E-6	-1.7757E-6	-1.9409E-6	-1.3631E-6	-1.3475E-6	-1.4134E-6	-1.0589E-6	-7.9603E-7	-9.9735E-7	-1.1243E-6	-6.5159E-7	-4.1181E-7	-6.7398E-7	5.5985E-7	-5.7087E-7	2.0523E-7	7.7184E-9	6.5381E-7	-1.0451E-6	-3.7792E-7	-5.7632E-7	-4.4142E-7	6.4825E-8	-6.4693E-7	-1.0021E-6	6.3577E-7	-1.6101E-7	4.5630E-7	5.1653E-7	1.1425E-7	2.6825E-7	1.1339E-6	6.4319E-7	2.3777E-7	7.2782E-7	3.7312E-7	8.5710E-7	3.8596E-7	1.2248E-6	3.8973E-7	5.3954E-7	9.2511E-7	1.4259E-6	1.6287E-6	8.5878E-7	5.8927E-7	8.0279E-7	6.1459E-7	1.9096E-7	5.2220E-7	-2.2859E-7
1.7005E+1	-8.1343E-7	-1.0376E-6	-6.8273E-7	-2.4780E-8	-6.7849E-7	-1.7253E-6	-2.3656E-6	-1.8198E-6	-9.2023E-7	-9.7299E-7	-1.2131E-6	-1.3511E-6	-1.4114E-6	-5.6233E-7	-1.1659E-6	-1.0370E-6	-7.7796E-7	9.9031E-8	2.3843E-7	-2.7510E-7	-1.3736E-8	3.6210E-7	6.2174E-7	-3.4391E-7	-4.9512E-7	2.2069E-7	-4.6623E-7	-2.1670E-7	2.2820E-7	-1.0307E-6	-1.1808E-7	4.8144E-8	2.3755E-7	4.2730E-8	4.3684E-7	6.8088E-7	4.1320E-7	1.4158E-6	1.6023E-7	1.1172E-6	5.5551E-7	-5.4520E-8	1.1518E-6	3.1303E-7	9.5438E-7	9.2604E-7	1.1070E-6	1.0472E-6	6.1763E-7	7.6303E-7	7.3437E-7	1.1338E-6	5.1708E-7	7.5068E-7	1.1732E-6	5.3261E-7
1.7042E+1	-1.0888E-6	-6.3264E-7	-9.8303E-7	7.5730E-9	-1.0826E-6	-1.4627E-6	-1.2636E-6	-1.9920E-6	-1.1828E-6	-1.0236E-6	-7.6396E-7	-3.8786E-7	-8.2937E-7	-9.4940E-7	-5.2029E-7	-4.9835E-7	-9.7166E-7	-6.4925E-7	-1.3911E-7	-7.0480E-7	-1.0627E-7	-2.5544E-7	5.0014E-7	-1.9637E-7	-3.0009E-7	1.0329E-7	2.7931E-7	1.8886E-7	-4.4971E-7	-5.5448E-7	-4.2090E-7	-3.5112E-8	6.0911E-7	-6.0188E-7	-2.7848E-7	3.4174E-7	3.0150E-7	1.4036E-7	-6.5001E-10	1.2104E-7	7.7108E-7	5.0741E-7	4.9673E-7	8.7343E-7	-3.2843E-8	8.4203E-7	1.2850E-6	1.2745E-6	7.4767E-7	1.1456E-6	5.5961E-7	9.5560E-7	7.2929E-7	9.0367E-7	4.0707E-7	7.4425E-7
1.7080E+1	-6.8345E-7	-8.5263E-7	-2.7270E-7	-3.4424E-7	-4.1583E-7	-1.6468E-6	-1.5825E-6	-1.5240E-6	-1.2945E-6	-1.8833E-6	-1.1719E-6	-7.4120E-7	-7.2174E-7	-9.6027E-7	-8.7051E-7	-5.2187E-7	-1.0620E-6	1.1802E-7	6.5554E-8	-7.6713E-7	-2.2955E-7	-2.2015E-7	-5.9456E-7	-2.4069E-7	-4.5292E-8	3.1197E-7	-1.9301E-7	3.0155E-7	3.9868E-7	-3.0116E-7	-7.3488E-8	-6.1883E-8	8.3361E-7	7.2169E-8	-2.3165E-7	1.5074E-7	3.9959E-7	4.7282E-7	-1.7936E-7	5.9251E-7	-2.6296E-7	5.3799E-7	9.7011E-7	6.0787E-7	1.1250E-6	-7.8791E-8	7.2331E-7	8.0988E-7	3.6670E-7	5.0005E-7	1.1157E-6	1.2249E-6	5.5786E-7	1.2824E-6	8.7442E-7	2.8794E-7
1.7118E+1	-3.6577E-7	-5.9107E-7	-5.2623E-7	1.9074E-7	-1.3634E-6	-2.4875E-7	-5.6936E-7	-1.1329E-6	-7.9016E-7	-1.3353E-6	-1.5291E-6	-3.9345E-7	-3.6242E-7	-5.9946E-7	-6.5736E-7	1.9162E-8	-1.0676E-6	-6.5971E-7	8.4531E-8	-2.3787E-7	-5.7256E-7	-6.9539E-7	-4.0274E-7	-7.4618E-7	-1.4114E-7	-1.5848E-7	-4.3272E-9	-5.8449E-7	-6.6621E-7	2.4638E-7	-3.6796E-7	-4.6626E-7	-2.5080E-8	1.6135E-7	2.0979E-7	-8.3106E-8	-1.7019E-7	5.1671E-7	-1.9126E-7	-2.2556E-7	4.7408E-7	1.7230E-7	6.0167E-7	4.9356E-7	1.0701E-6	9.6584E-7	3.0639E-7	8.3879E-7	7.7175E-7	2.2748E-7	1.5554E-8	5.5032E-7	6.2151E-7	7.9427E-7	1.0826E-6	9.3142E-7
1.7156E+1	-6.2250E-7	-1.3624E-7	-5.6753E-7	-5.8611E-7	-1.0494E-6	-1.2836E-6	-9.6486E-7	-8.9648E-7	-5.7061E-7	-7.5544E-7	-1.1460E-6	-1.4861E-6	-4.3628E-7	-7.2439E-7	-8.8938E-7	-6.1624E-7	-4.2784E-7	4.8708E-8	-1.4401E-7	-2.7600E-8	7.6001E-7	-6.1869E-7	-6.5174E-7	-8.7354E-8	1.5787E-7	-3.9995E-7	-2.9687E-7	-1.1670E-7	-4.3802E-7	1.5629E-7	4.5586E-8	-2.4244E-8	-4.5500E-7	-7.1647E-8	2.9783E-7	-1.5450E-7	2.7309E-8	-5.2804E-7	8.1647E-7	2.6090E-7	-1.6389E-7	3.2640E-7	5.0289E-7	3.5745E-7	8.3038E-7	8.7396E-7	5.3907E-7	1.8112E-7	9.3919E-7	7.5709E-7	5.1589E-7	3.3339E-7	3.0922E-8	1.2328E-7	-6.1908E-7	1.1943E-6
1.7194E+1	-4.8300E-7	-9.3913E-7	-4.0231E-7	-3.2650E-7	-1.0118E-6	1.7876E-7	-3.7177E-7	-1.3773E-6	-9.8030E-7	-4.3276E-7	-4.2312E-8	-7.7974E-7	-7.0536E-7	-3.7909E-7	-8.7231E-7	1.1556E-8	-1.3083E-6	-5.6527E-7	-4.2127E-7	-6.7259E-7	-2.1112E-7	1.8315E-7	-4.3664E-7	1.2237E-7	4.2190E-7	-6.8386E-7	-2.5820E-7	-7.0700E-7	-3.0741E-7	2.3577E-7	-1.9658E-7	-3.1130E-7	1.6700E-7	-5.7524E-7	7.0054E-7	-2.1297E-7	3.0536E-7	-8.3450E-8	-1.2447E-6	4.8681E-7	1.8636E-7	9.3377E-8	-1.3870E-7	4.3467E-7	1.0264E-7	9.0383E-7	5.8744E-7	4.1649E-7	3.5831E-7	6.3261E-7	3.6013E-7	4.6841E-7	2.1981E-7	1.1799E-6	-3.8161E-7	1.2937E-7
1.7232E+1	1.5360E-7	-2.4365E-7	-9.8690E-7	-1.2373E-6	-1.0167E-6	-5.8210E-7	-1.6996E-7	-9.0997E-8	-1.3915E-6	-8.8652E-7	-1.5628E-7	-5.7949E-7	-4.1646E-7	-3.8190E-7	-1.1493E-6	-4.7547E-7	3.5007E-7	-5.8376E-7	-6.0461E-7	-5.7425E-7	-4.0332E-8	-5.6483E-7	2.9003E-9	-3.7906E-7	1.4162E-6	-1.1342E-6	-4.7409E-7	-1.0078E-6	1.1227E-7	4.4215E-8	2.6383E-7	-3.0832E-7	-1.5647E-7	5.9274E-7	-3.8836E-7	4.2198E-7	-5.2059E-9	5.9614E-7	1.0518E-7	-4.0819E-7	3.5552E-7	3.9108E-7	1.7390E-7	8.2525E-8	4.0068E-7	1.0111E-7	1.0682E-7	8.7661E-8	8.1031E-7	4.2444E-7	3.5943E-7	5.6720E-7	-3.9356E-7	-4.8904E-7	3.1262E-7	9.6939E-8
1.7270E+1	2.4250E-7	4.4522E-7	1.5021E-8	-5.1436E-7	-6.1145E-7	2.5012E-7	-4.3776E-7	-1.7579E-8	-4.2281E-7	-1.0359E-6	7.3780E-8	-6.6817E-7	-2.2870E-7	5.9156E-8	-3.1372E-7	-5.9240E-7	-1.2777E-7	1.7143E-7	-7.9708E-7	-9.7896E-7	-6.0709E-7	-4.2277E-7	4.3804E-8	-3.4251E-7	6.7204E-7	4.8214E-7	-3.6600E-7	-7.8253E-7	-8.8007E-7	-8.6786E-8	-5.0963E-7	5.7953E-7	-1.1826E-6	4.0381E-7	2.4637E-7	-5.5683E-7	4.5586E-7	-3.6693E-7	-1.3766E-7	-5.2583E-7	-3.0263E-7	1.0298E-7	4.0164E-7	4.8894E-7	-1.2695E-7	1.0898E-6	-1.2101E-7	-3.3999E-7	4.2702E-7	7.2964E-7	1.3871E-7	4.8402E-7	1.2987E-6	-1.8573E-7	2.5334E-7	-1.3907E-7
1.7307E+1	-4.1523E-7	-1.2808E-7	3.5940E-7	-1.0389E-6	-8.3728E-7	5.3219E-8	-3.8225E-7	1.8832E-7	-4.5038E-7	-4.1815E-7	-6.9770E-8	-7.4612E-8	-6.5100E-7	-1.3467E-7	-7.0053E-7	-4.2246E-7	9.0005E-8	5.3062E-7	-2.9940E-7	-5.0936E-8	-4.6666E-7	-5.6262E-7	-6.0833E-7	-6.2659E-7	1.6049E-7	-1.6174E-7	1.8303E-7	-1.8515E-7	-8.2128E-8	-4.8858E-7	-6.6199E-7	5.0920E-7	3.5025E-8	-2.0303E-7	7.4022E-7	-4.7751E-7	-6.4692E-8	-1.9813E-7	4.7102E-7	-9.7302E-8	-3.3969E-7	-1.4114E-7	-3.1730E-7	6.5779E-7	-2.6610E-7	1.2533E-7	4.4243E-7	-6.0104E-7	1.3745E-7	5.9445E-7	1.8581E-7	-6.2006E-7	5.9508E-7	-2.8524E-7	4.1524E-7	5.4047E-7
1.7345E+1	2.0712E-7	-5.6812E-7	1.9595E-7	4.4728E-7	-8.4435E-7	-3.3620E-7	-2.0129E-7	-1.2650E-7	-4.7403E-7	-5.0069E-7	-3.7682E-7	2.4936E-8	2.8743E-7	2.0161E-7	-1.8830E-7	-7.2940E-7	-3.9315E-7	3.0815E-7	-3.0017E-7	-2.8032E-7	6.6945E-8	-1.0464E-7	1.9036E-7	-8.0034E-7	-3.0909E-9	1.5755E-7	9.6911E-8	-1.2742E-8	-5.3474E-7	6.0750E-8	-7.3353E-7	-1.7202E-7	-4.7967E-7	-3.1282E-7	6.2344E-7	3.5454E-7	9.2188E-8	-8.3043E-7	-1.7927E-7	5.0057E-9	-6.1147E-8	-8.5098E-8	5.2619E-8	3.1306E-7	3.9811E-7	1.1509E-7	3.3009E-7	4.9909E-7	-4.1141E-7	2.7563E-7	9.1396E-7	-7.3017E-7	3.3117E-7	-8.3623E-8	2.4458E-7	-4.0277E-7
1.7383E+1	-1.2098E-7	3.6513E-8	-2.8350E-7	-4.1246E-7	3.1970E-8	-4.4591E-7	-6.3885E-7	6.8108E-7	-4.3829E-7	8.9382E-8	7.9688E-8	-3.2991E-7	-3.9801E-7	-4.0160E-8	-1.3775E-7	-4.8139E-7	-5.3294E-7	-8.0386E-8	-8.2379E-8	-1.5864E-8	-3.5904E-7	-9.0340E-8	-2.9580E-7	8.8570E-8	-3.3277E-7	-2.1402E-7	-2.6060E-7	3.2394E-7	-2.2260E-7	6.5938E-8	1.5186E-7	-8.2233E-8	-7.4931E-8	-6.7191E-7	3.5509E-8	-1.2160E-7	8.2739E-7	-2.6642E-7	4.3067E-7	1.5244E-7	5.4266E-7	5.1933E-8	-3.2151E-7	2.3525E-7	-1.2078E-7	3.2985E-7	-2.6125E-8	7.8979E-7	1.0096E-6	4.6019E-8	1.0495E-6	7.9587E-8	-2.1051E-7	-3.9603E-7	7.4933E-7	-4.6968E-8
1.7421E+1	2.5897E-9	1.7022E-7	2.6084E-7	1.8479E-7	-4.6110E-7	6.7826E-8	-6.2273E-7	-3.6957E-7	4.4227E-7	-5.5371E-7	4.1540E-7	8.1056E-7	5.8581E-7	-3.2506E-8	-9.3029E-8	1.2724E-7	-3.1819E-7	-2.8422E-7	-5.6548E-7	1.1794E-7	-2.2841E-7	-4.2077E-8	-2.3760E-7	8.4459E-8	5.0348E-7	3.1897E-7	-1.9316E-7	-2.7265E-7	-4.1754E-7	9.9184E-8	2.8586E-7	-5.0609E-8	-1.9960E-7	-3.9956E-7	-3.0589E-7	-4.0927E-7	-1.3025E-7	-7.3549E-8	-2.9835E-7	-7.5937E-9	1.6897E-7	5.9268E-7	2.0320E-7	2.2374E-7	6.7879E-8	-2.2952E-7	5.1633E-7	8.6625E-8	1.0038E-7	3.4759E-7	7.2110E-7	9.7092E-7	2.6490E-7	3.5277E-7	7.4512E-7	9.6333E-7
